85168,$JYJ,13381100114,20111101002421,116.150383,39.931240,428199779,147207512,17,134,1,1,50#
80625,$JYJ,13301214844,20111101003407,116.150482,39.931450,428200173,147208273,12,306,1,1,50#
27320,$JYJ,13311021664,20111101005117,116.158783,39.932240,428230683,147211150,0,0,0,0,50#
36377,$JYJ,13301164125,20111101025706,116.155113,39.931049,428217201,147206786,4,50,0,0,50#
77133,$JYJ,13321174864,20111101062846,116.150497,39.931213,428200230,147207404,0,144,1,1,50#
61350,$JYJ,13311426417,20111101063240,116.150566,39.931042,428200450,147206765,0,154,1,1,50#
36642,$JYJ,13331154710,20111101065242,116.151085,39.930553,428202369,147204964,15,142,1,1,50#
4418,$JYJ,13301214089,20111101065508,116.150116,39.931427,428198821,147208217,0,154,0,0,50#
41530,$JYJ,13311566442,20111101065656,116.150436,39.931175,428199981,147207281,10,150,1,1,50#
90986,$JYJ,13311492291,20111101072428,116.151016,39.930759,428202103,147205745,19,142,1,1,50#
44648,$JYJ,13311470477,20111101073206,116.158287,39.934120,428228868,147218062,12,82,0,0,50#
89915,$JYJ,13311300834,20111101075920,116.150581,39.931007,428200505,147206661,10,134,1,1,50#
22721,$JYJ,13321199374,20111101081114,116.150566,39.931129,428200483,147207111,17,142,1,1,50#
24420,$JYJ,13311300904,20111101082122,116.151298,39.930309,428203151,147204084,36,142,1,1,50#
80394,$JYJ,13321174822,20111101085940,116.150665,39.930977,428200854,147206555,25,142,1,1,50#
13084,$JYJ,13311486546,20111101091542,116.150635,39.931034,428200703,147206751,19,138,1,1,50#
81587,$JYJ,13311490958,20111101091915,116.150581,39.931187,428200524,147207320,2,156,0,0,50#
84041,$JYJ,13301150144,20111101093932,116.151016,39.930828,428202106,147205979,2,332,0,0,50#
21176,$JYJ,13301150144,20111101094103,116.150597,39.931053,428200577,147206834,13,142,1,1,50#
86751,$JYJ,13301153410,20111101094431,116.153252,39.930279,428210354,147203952,0,36,0,0,50#
65666,$JYJ,13331187848,20111101094325,116.150215,39.931423,428199169,147208191,6,146,0,0,50#
44248,$JYJ,13311022974,20111101102223,116.150627,39.931011,428200699,147206651,23,138,1,1,50#
44094,$JYJ,13321164554,20111101102224,116.151352,39.930248,428203373,147203843,13,142,1,1,50#
72889,$JYJ,13311486541,20111101110343,116.150284,39.931320,428199453,147207799,25,150,0,0,50#
75400,$JYJ,13331154749,20111101110350,116.150764,39.930855,428201204,147206097,25,142,1,1,50#
38529,$JYJ,13311581044,20111101110703,116.151382,39.930122,428203460,147203395,0,150,0,0,50#
10050,$JYJ,13311489568,20111101125032,116.156601,39.934189,428222665,147218341,2,270,0,0,50#
21195,$JYJ,13301127470,20111101130609,116.150917,39.930782,428201739,147205822,21,140,1,1,50#
89418,$JYJ,13311403495,20111101130946,116.154800,39.930485,428216027,147204705,0,264,0,0,50#
70956,$JYJ,13311470431,20111101143756,116.153786,39.931221,428212304,147207403,4,48,0,0,50#
81194,$JYJ,13311403179,20111101161432,116.152535,39.931400,428207726,147208074,0,336,0,0,50#
26159,$JYJ,13331194716,20111101161112,116.151131,39.930687,428202536,147205452,38,324,0,0,50#
2809,$JYJ,13311495315,20111101163506,116.153519,39.930599,428211306,147205129,13,170,0,0,50#
104259,$JYJ,13321164443,20111101173919,116.154633,39.930855,428215416,147206074,15,62,0,0,50#
88957,$JYJ,13331154903,20111101174838,116.154701,39.932198,428215671,147211027,19,242,0,0,50#
108221,$JYJ,13321164898,20111101175930,116.150581,39.931057,428200510,147206848,8,136,1,1,50#
85181,$JYJ,13311403015,20111101180831,116.151001,39.930626,428202088,147205256,25,322,0,0,50#
10089,$JYJ,13311490934,20111101181023,116.150665,39.931080,428200835,147206921,17,326,0,0,50#
1053,$JYJ,13311431228,20111101182459,116.155220,39.930283,428217580,147203949,0,88,0,0,50#
73627,$JYJ,13311431228,20111101182758,116.153465,39.930393,428211128,147204384,6,278,1,1,50#
91790,$JYJ,13331154903,20111101182846,116.150780,39.933094,428201251,147214350,17,260,0,0,50#
14286,$JYJ,13301214475,20111101183035,116.151314,39.930553,428203218,147204962,0,342,0,0,50#
4859,$JYJ,13311470428,20111101183014,116.150536,39.931065,428200344,147206875,8,144,1,1,50#
104064,$JYJ,13311480692,20111101184915,116.150551,39.931122,428200410,147207069,21,140,1,1,50#
13487,$JYJ,13311470435,20111101185030,116.154465,39.930290,428214790,147203983,0,342,0,0,50#
29924,$JYJ,13321164394,20111101190613,116.157234,39.934094,428224965,147217977,0,270,0,0,50#
58004,$JYJ,13311403382,20111101192725,116.158264,39.930923,428228776,147206302,0,274,0,0,50#
84647,$JYJ,13311570294,20111101192829,116.153198,39.930363,428210141,147204274,0,348,0,0,50#
95127,$JYJ,13301214665,20111101194358,116.150620,39.931057,428200685,147206825,0,142,0,0,50#
13921,$JYJ,13311572554,20111101194533,116.157082,39.930950,428224410,147206412,0,246,0,0,50#
66459,$JYJ,13321164469,20111101201243,116.159401,39.932026,428232953,147210355,0,340,0,0,50#
44124,$JYJ,13301254118,20111101204647,116.152649,39.931152,428208147,147207159,0,340,2,0,50#
91868,$JYJ,13370189273,20111101205848,116.156052,39.933922,428220658,147217376,13,244,0,0,50#
59389,$JYJ,13301204822,20111101211727,116.150513,39.931148,428200287,147207188,8,144,1,1,50#
42714,$JYJ,13311453327,20111101214150,116.155144,39.931496,428217287,147208423,4,0,0,0,50#
72303,$JYJ,13301174975,20111101215300,116.150650,39.931007,428200768,147206641,0,154,0,0,50#
31604,$JYJ,13311403068,20111101222119,116.155083,39.931618,428217069,147208880,0,328,0,0,50#
45909,$JYJ,13311431127,20111101222150,116.155083,39.931572,428217070,147208702,4,314,0,0,50#
32570,$JYJ,13301254076,20111101224123,116.152687,39.931027,428208267,147206708,0,318,0,0,50#
55483,$JYJ,13321164540,20111101224715,116.150597,39.931465,428200576,147208332,0,348,0,0,50#
105117,$JYJ,13381153626,20111101225924,116.150703,39.930988,428200953,147206584,0,148,0,0,50#
94964,$JYJ,13331154817,20111101230354,116.150902,39.930714,428201724,147205568,6,158,0,0,50#
