24609,$JYJ,13311488213,20111101000114,116.220360,39.906307,428457088,147115157,0,0,0,0,50#
25877,$JYJ,13311488213,20111101000118,116.220360,39.906307,428457107,147115178,0,0,0,0,50#
18827,$JYJ,13311488213,20111101000606,116.220306,39.906281,428456878,147115072,0,0,0,0,50#
20250,$JYJ,13311488213,20111101000610,116.220306,39.906281,428456915,147115086,0,0,0,0,50#
52147,$JYJ,13311488213,20111101000742,116.220306,39.906281,428456898,147115060,0,0,0,0,50#
59158,$JYJ,13311488213,20111101000804,116.220268,39.906300,428456756,147115145,0,0,0,0,50#
60425,$JYJ,13311488213,20111101000808,116.220268,39.906300,428456752,147115153,0,0,0,0,50#
27542,$JYJ,13331194940,20111101000623,116.223381,39.900311,428468212,147093063,2,24,0,0,50#
82243,$JYJ,13331194204,20111101001403,116.226685,39.902668,428480354,147101726,41,264,0,0,50#
81647,$JYJ,13311453458,20111101001912,116.220627,39.906109,428458073,147114445,0,0,0,0,50#
83061,$JYJ,13311453458,20111101001916,116.220627,39.906109,428458078,147114451,0,0,0,0,50#
79554,$JYJ,13301164995,20111101002404,116.221085,39.906036,428459743,147114182,0,94,0,0,50#
65775,$JYJ,13381077429,20111101002816,116.220398,39.905537,428457222,147112336,0,188,1,1,50#
81440,$JYJ,13311453458,20111101003409,116.228676,39.906277,428487683,147115022,12,266,1,1,50#
97221,$JYJ,13331156491,20111101003949,116.222321,39.905567,428464319,147112429,0,0,0,0,50#
36489,$JYJ,13301204931,20111101004144,116.220283,39.906319,428456796,147115203,6,256,1,1,50#
82686,$JYJ,13331154742,20111101004400,116.220680,39.905266,428458267,147111320,0,158,1,1,50#
58635,$JYJ,13331156491,20111101004252,116.220718,39.906277,428458419,147115050,0,0,0,0,50#
60004,$JYJ,13331156491,20111101004256,116.220718,39.906277,428458398,147115064,0,0,0,0,50#
85909,$JYJ,13311488204,20111101004919,116.228073,39.901222,428485465,147096394,12,6,0,0,50#
25856,$JYJ,13331156491,20111101004618,116.220718,39.906277,428458433,147115040,0,0,0,0,50#
32043,$JYJ,13331156491,20111101004635,116.220322,39.905499,428456968,147112192,0,0,0,0,50#
50237,$JYJ,13301214192,20111101005226,116.222519,39.902702,428465051,147101879,13,246,1,1,50#
28711,$JYJ,13311453486,20111101005621,116.223549,39.902698,428468823,147101857,30,270,0,0,50#
76251,$JYJ,13331156491,20111101010351,116.220367,39.905998,428457141,147114042,0,0,0,0,50#
77608,$JYJ,13331156491,20111101010355,116.220367,39.905998,428457140,147114043,0,0,0,0,50#
83866,$JYJ,13311453477,20111101010919,116.229614,39.900612,428491174,147094157,0,190,0,0,50#
52063,$JYJ,13331156491,20111101010744,116.220367,39.905998,428457118,147114031,0,0,0,0,50#
26298,$JYJ,13301156764,20111101011121,116.222580,39.904949,428465272,147110153,10,172,0,0,50#
60471,$JYJ,13331194718,20111101011302,116.224587,39.902691,428472655,147101807,6,268,0,0,50#
24634,$JYJ,13331156491,20111101011616,116.220047,39.906429,428455927,147115613,6,222,0,0,50#
25657,$JYJ,13331156491,20111101011620,116.220001,39.906391,428455779,147115485,6,222,0,0,50#
19074,$JYJ,13321183422,20111101015103,116.220589,39.904774,428457953,147109518,6,340,1,1,50#
74046,$JYJ,13381083451,20111101020403,116.227303,39.901520,428482627,147097486,0,334,0,0,50#
80353,$JYJ,13331184980,20111101022436,116.227821,39.902657,428484566,147101670,34,268,1,1,50#
24383,$JYJ,13311453455,20111101023620,116.220253,39.906193,428456705,147114752,0,270,1,1,50#
3621,$JYJ,13331154974,20111101031508,116.229637,39.900822,428491253,147094917,10,188,0,0,50#
70296,$JYJ,13331154958,20111101033919,116.222336,39.901894,428464369,147098881,30,170,1,1,50#
13910,$JYJ,13311487137,20111101043553,116.228569,39.902672,428487289,147101744,0,272,0,0,50#
48722,$JYJ,13311426298,20111101051250,116.223869,39.906284,428469998,147115067,15,88,1,1,50#
18069,$JYJ,13301204822,20111101051603,116.220779,39.906250,428458655,147114970,10,266,1,1,50#
77010,$JYJ,13311488125,20111101052428,116.229385,39.905922,428490324,147113729,4,186,0,0,50#
46104,$JYJ,13321164466,20111101054724,116.227654,39.902676,428483941,147101740,21,246,1,1,50#
49299,$JYJ,13311564469,20111101055732,116.229568,39.901009,428490987,147095589,13,174,0,0,50#
34230,$JYJ,13301204905,20111101060644,116.223015,39.900501,428466871,147093741,8,346,1,1,50#
4959,$JYJ,13311426172,20111101062010,116.229568,39.904770,428490991,147109476,28,184,0,0,50#
59936,$JYJ,13321183486,20111101062754,116.220917,39.905701,428459135,147112919,4,248,1,1,50#
60965,$JYJ,13381100964,20111101062800,116.229469,39.906540,428490641,147116001,6,180,0,0,50#
72906,$JYJ,13381100964,20111101063332,116.224701,39.902527,428473079,147101202,0,174,1,1,50#
21344,$JYJ,13331187840,20111101064059,116.229362,39.906132,428490244,147114486,4,122,0,0,50#
33454,$JYJ,13331187840,20111101064134,116.229485,39.905796,428490675,147113239,21,178,1,1,50#
42428,$JYJ,13381101574,20111101064202,116.224350,39.902557,428471788,147101344,23,88,1,1,50#
27541,$JYJ,13311431475,20111101065209,116.229736,39.900009,428491586,147091922,23,2,1,1,50#
67640,$JYJ,13311403575,20111101070819,116.229050,39.902733,428489096,147101964,4,268,1,1,50#
7045,$JYJ,13311403658,20111101070516,116.229752,39.901074,428491646,147095826,17,356,1,1,50#
75892,$JYJ,13381235412,20111101070843,116.223198,39.900703,428467546,147094484,0,4,1,1,50#
82531,$JYJ,13301157241,20111101071351,116.229713,39.905773,428491504,147113169,0,20,0,0,50#
6882,$JYJ,13301214513,20111101071000,116.229050,39.902630,428489059,147101595,23,88,0,0,50#
35139,$JYJ,13311426466,20111101071140,116.225555,39.902599,428476196,147101472,39,88,1,1,50#
7375,$JYJ,13311486540,20111101071019,116.224678,39.906177,428472969,147114689,43,90,0,0,50#
86713,$JYJ,13311488235,20111101071407,116.226593,39.906162,428480057,147114606,52,88,0,0,50#
73280,$JYJ,13331111472,20111101071325,116.226097,39.906143,428478198,147114540,49,90,0,0,50#
53687,$JYJ,13301104013,20111101071729,116.220230,39.902687,428456625,147101807,28,88,1,1,50#
82788,$JYJ,13301204919,20111101071853,116.224998,39.906166,428474149,147114631,58,86,0,0,50#
12199,$JYJ,13311403134,20111101071535,116.229835,39.905712,428491964,147112928,26,0,0,0,50#
813,$JYJ,13311470495,20111101071459,116.223251,39.900539,428467713,147093900,2,350,1,1,50#
82778,$JYJ,13311576747,20111101071853,116.225235,39.906200,428475047,147114743,43,88,0,0,50#
60366,$JYJ,13301254150,20111101072257,116.221069,39.902744,428459697,147102020,21,50,1,1,50#
63198,$JYJ,13311453282,20111101072302,116.222931,39.900497,428466559,147093730,13,130,0,0,50#
4224,$JYJ,13311576747,20111101072007,116.229385,39.906090,428490309,147114344,23,138,1,1,50#
41454,$JYJ,13311576747,20111101072159,116.223702,39.902412,428469378,147100810,4,298,0,0,50#
47552,$JYJ,13321199447,20111101072221,116.224602,39.903816,428472693,147105970,15,42,0,0,50#
57634,$JYJ,13331111472,20111101072244,116.223236,39.900696,428467680,147094486,25,354,1,1,50#
53541,$JYJ,13301254052,20111101072731,116.228180,39.906109,428485874,147114402,10,84,0,0,50#
101082,$JYJ,13311403028,20111101072949,116.227882,39.905937,428484762,147113772,2,158,0,0,50#
28588,$JYJ,13311403363,20111101072620,116.229553,39.907028,428490920,147117790,38,170,0,0,50#
98750,$JYJ,13311495278,20111101072944,116.225052,39.902630,428474374,147101604,34,88,1,1,50#
69978,$JYJ,13331194888,20111101072819,116.223320,39.900352,428467998,147093199,0,4,1,1,50#
90135,$JYJ,13301214754,20111101073416,116.229332,39.906185,428490129,147114674,13,110,0,0,50#
101560,$JYJ,13311403132,20111101073457,116.229896,39.905918,428492178,147113702,0,14,0,0,50#
22633,$JYJ,13381232425,20111101073107,116.228485,39.902741,428486984,147101985,19,266,1,1,50#
59746,$JYJ,13381232425,20111101073250,116.223000,39.903339,428466798,147104223,39,352,0,0,50#
95382,$JYJ,13381232425,20111101073434,116.222465,39.906170,428464827,147114670,36,268,1,1,50#
7170,$JYJ,13301214819,20111101073515,116.229599,39.900227,428491093,147092705,23,170,1,1,50#
45548,$JYJ,13311431546,20111101073657,116.229500,39.902470,428490747,147100975,15,144,1,1,50#
17414,$JYJ,13311492175,20111101073546,116.220116,39.906231,428456197,147114890,28,90,1,1,50#
90450,$JYJ,13311495362,20111101073921,116.220711,39.906086,428458398,147114361,8,80,1,1,50#
82366,$JYJ,13311576747,20111101073858,116.229469,39.905388,428490637,147111743,21,170,1,1,50#
40023,$JYJ,13331154726,20111101073655,116.229896,39.904705,428492176,147109224,25,14,0,0,50#
85909,$JYJ,13311025843,20111101074404,116.229218,39.908222,428489689,147122202,0,338,0,0,50#
103014,$JYJ,13311486564,20111101074456,116.229881,39.904942,428492128,147110090,30,358,0,0,50#
46639,$JYJ,13311489328,20111101074215,116.228714,39.906181,428487862,147114691,12,90,0,0,50#
27374,$JYJ,13321174739,20111101074115,116.227982,39.906143,428485168,147114535,43,90,0,0,50#
68173,$JYJ,13331154903,20111101074313,116.229263,39.902630,428489864,147101580,2,86,1,1,50#
77953,$JYJ,13301156413,20111101074844,116.229881,39.905556,428492131,147112370,30,0,0,0,50#
42539,$JYJ,13301164929,20111101074702,116.227348,39.902637,428482820,147101601,17,86,1,1,50#
491,$JYJ,13311577439,20111101074456,116.229401,39.907391,428490353,147119132,41,160,0,0,50#
73253,$JYJ,13321189849,20111101074829,116.229896,39.905266,428492216,147111311,41,356,0,0,50#
41074,$JYJ,13311403512,20111101075152,116.228447,39.906155,428486857,147114592,6,90,0,0,50#
79281,$JYJ,13311403512,20111101075340,116.229401,39.905861,428490384,147113482,13,164,1,1,50#
36363,$JYJ,13311403706,20111101075140,116.228332,39.902698,428486436,147101830,21,94,1,1,50#
13990,$JYJ,13311480657,20111101075036,116.229683,39.906097,428491428,147114371,15,312,0,0,50#
21143,$JYJ,13311486564,20111101075058,116.229584,39.905102,428491031,147110688,28,178,1,1,50#
17896,$JYJ,13311495204,20111101075051,116.229820,39.904922,428491930,147110048,41,0,0,0,50#
20681,$JYJ,13311579648,20111101075054,116.220032,39.906166,428455884,147114656,17,30,1,1,50#
41906,$JYJ,13331093490,20111101075200,116.225037,39.902603,428474295,147101485,26,88,1,1,50#
43568,$JYJ,13331194709,20111101075202,116.226967,39.906097,428481406,147114356,32,70,0,0,50#
9395,$JYJ,13301214198,20111101075525,116.229515,39.906857,428490779,147117166,2,192,0,0,50#
63789,$JYJ,13301214450,20111101075801,116.220352,39.906040,428457054,147114193,8,104,1,1,50#
33526,$JYJ,13301254302,20111101075631,116.221748,39.902695,428462205,147101861,26,94,1,1,50#
96476,$JYJ,13311403512,20111101075934,116.221199,39.902595,428460177,147101489,25,88,1,1,50#
43229,$JYJ,13311488243,20111101075700,116.229530,39.906738,428490844,147116717,12,176,0,0,50#
33101,$JYJ,13311581543,20111101075634,116.226097,39.902668,428478202,147101716,13,94,1,1,50#
85833,$JYJ,13331194947,20111101075908,116.223282,39.900402,428467842,147093401,0,8,1,1,50#
9243,$JYJ,13381066604,20111101075522,116.224350,39.902862,428471780,147102470,15,86,1,1,50#
86637,$JYJ,13301214585,20111101080401,116.222252,39.902748,428464038,147102055,23,272,0,0,50#
65614,$JYJ,13311191470,20111101080301,116.229431,39.906052,428490497,147114183,0,172,0,0,50#
53579,$JYJ,13311431218,20111101080228,116.229446,39.906380,428490535,147115390,0,222,0,0,50#
100951,$JYJ,13311489393,20111101080447,116.228020,39.906158,428485294,147114609,15,90,1,1,50#
60232,$JYJ,13381083413,20111101080250,116.221252,39.906105,428460387,147114428,28,90,1,1,50#
59267,$JYJ,13301157149,20111101081311,116.229797,39.905148,428491833,147110862,34,2,2,0,50#
61096,$JYJ,13321174609,20111101081317,116.222168,39.906315,428463753,147115198,4,270,1,1,50#
83770,$JYJ,13381166374,20111101081429,116.227020,39.906147,428481593,147114551,34,86,0,0,50#
39896,$JYJ,13301157324,20111101081730,116.228203,39.906197,428485946,147114733,15,84,1,1,50#
28828,$JYJ,13301214184,20111101081638,116.229866,39.901127,428492094,147096024,0,0,1,1,50#
61354,$JYJ,13311403037,20111101081846,116.221451,39.902840,428461091,147102396,0,274,0,0,50#
38272,$JYJ,13301214198,20111101082219,116.228233,39.909561,428486093,147127125,69,156,0,0,50#
28963,$JYJ,13301214659,20111101082140,116.226364,39.902698,428479190,147101854,34,272,0,0,50#
4804,$JYJ,13301251436,20111101082012,116.220680,39.906345,428458277,147115308,23,80,1,1,50#
17932,$JYJ,13311480729,20111101082059,116.220734,39.903419,428458462,147104528,0,176,0,0,50#
64480,$JYJ,13311489635,20111101082351,116.227417,39.905853,428483072,147113476,15,106,0,0,50#
59738,$JYJ,13311489681,20111101082332,116.223015,39.900455,428466871,147093582,0,0,0,0,50#
60309,$JYJ,13311489681,20111101082335,116.223015,39.900455,428466868,147093589,0,0,0,0,50#
81234,$JYJ,13311489681,20111101082445,116.223015,39.900455,428466865,147093572,0,0,0,0,50#
53658,$JYJ,13321199304,20111101082311,116.220680,39.902454,428458256,147100957,15,78,1,1,50#
77161,$JYJ,13321199451,20111101082428,116.229317,39.907581,428490043,147119838,45,158,0,0,50#
59687,$JYJ,13301184010,20111101082812,116.221947,39.902836,428462939,147102373,0,278,0,0,50#
16127,$JYJ,13301214198,20111101082555,116.220932,39.905743,428459219,147113099,10,216,1,1,50#
23835,$JYJ,13301254261,20111101082617,116.228332,39.902710,428486458,147101877,25,88,1,1,50#
31646,$JYJ,13311426162,20111101082647,116.220650,39.904144,428458171,147107209,15,216,0,0,50#
15335,$JYJ,13311489681,20111101082551,116.223167,39.901363,428467430,147096918,36,354,1,1,50#
57528,$JYJ,13311495083,20111101082804,116.225067,39.902798,428474398,147102207,12,272,0,0,50#
15645,$JYJ,13301156294,20111101083045,116.220635,39.904198,428458124,147107386,0,266,0,0,50#
6950,$JYJ,13311431247,20111101083017,116.227852,39.905075,428484687,147110587,0,178,0,0,50#
67882,$JYJ,13311431247,20111101083337,116.224915,39.902706,428473852,147101872,15,92,1,1,50#
63860,$JYJ,13311453242,20111101083325,116.226425,39.906155,428479431,147114576,52,88,0,0,50#
33246,$JYJ,13311489490,20111101083146,116.223267,39.900860,428467769,147095069,17,346,1,1,50#
71116,$JYJ,13311489490,20111101083350,116.220367,39.904171,428457114,147107276,23,262,0,0,50#
23379,$JYJ,13331194375,20111101083114,116.222832,39.906177,428466186,147114687,0,246,0,0,50#
74266,$JYJ,13301214563,20111101083857,116.226265,39.902519,428478832,147101178,28,88,1,1,50#
63576,$JYJ,13301251497,20111101083829,116.221565,39.904278,428461541,147107676,19,86,0,0,50#
8174,$JYJ,13311453242,20111101083525,116.229599,39.903427,428491109,147104507,12,178,1,1,50#
15150,$JYJ,13311470305,20111101083545,116.227814,39.906158,428484525,147114599,13,106,0,0,50#
27830,$JYJ,13301214898,20111101084127,116.220665,39.903530,428458236,147104923,15,10,0,0,50#
51945,$JYJ,13311403179,20111101084249,116.229767,39.901211,428491720,147096365,10,354,1,1,50#
59057,$JYJ,13311489412,20111101084318,116.222870,39.905361,428466349,147111659,0,358,0,0,50#
16964,$JYJ,13311565406,20111101084050,116.229919,39.906124,428492275,147114469,10,54,0,0,50#
46126,$JYJ,13301214831,20111101084756,116.229416,39.907444,428490445,147119316,51,158,0,0,50#
78678,$JYJ,13321174739,20111101084948,116.228020,39.900345,428485300,147093156,10,196,0,0,50#
53604,$JYJ,13321199646,20111101084825,116.227982,39.903126,428485141,147103420,28,358,0,0,50#
42113,$JYJ,13331154738,20111101084747,116.222580,39.905563,428465275,147112428,13,180,0,0,50#
81279,$JYJ,13331154738,20111101084954,116.227249,39.902607,428482469,147101517,26,82,1,1,50#
51113,$JYJ,13311403549,20111101085248,116.227951,39.905277,428485015,147111339,0,6,0,0,50#
64212,$JYJ,13311403549,20111101085334,116.227898,39.905312,428484858,147111473,6,270,1,1,50#
81419,$JYJ,13311489498,20111101085423,116.227898,39.904411,428484832,147108160,28,358,0,0,50#
46723,$JYJ,13321199462,20111101085238,116.228287,39.901470,428486284,147097303,62,168,0,0,50#
81511,$JYJ,13311403732,20111101085936,116.229698,39.902649,428491446,147101660,15,42,0,0,50#
8621,$JYJ,13311495231,20111101085528,116.229134,39.902615,428489401,147101518,0,120,1,1,50#
15991,$JYJ,13321199646,20111101085553,116.228798,39.902741,428488144,147101975,28,88,1,1,50#
25059,$JYJ,13331063441,20111101085627,116.220703,39.902844,428458358,147102413,0,348,0,0,50#
20926,$JYJ,13311403145,20111101090105,116.226829,39.902672,428480884,147101734,45,268,0,0,50#
78895,$JYJ,13311431248,20111101090438,116.229851,39.901997,428492018,147099250,26,8,0,0,50#
63941,$JYJ,13311492254,20111101090351,116.223297,39.905037,428467915,147110470,2,0,0,0,50#
77842,$JYJ,13301150144,20111101090921,116.224281,39.902698,428471530,147101846,12,262,1,1,50#
58473,$JYJ,13311431129,20111101090822,116.220703,39.906357,428458338,147115340,26,78,1,1,50#
34768,$JYJ,13311453229,20111101090654,116.227852,39.906090,428484678,147114334,4,94,0,0,50#
88376,$JYJ,13311487211,20111101090955,116.220436,39.905792,428457368,147113274,23,52,1,1,50#
11634,$JYJ,13311489610,20111101090534,116.221298,39.904331,428460558,147107875,13,90,0,0,50#
70910,$JYJ,13311489686,20111101090905,116.222969,39.902744,428466697,147102039,13,276,0,0,50#
52449,$JYJ,13301214154,20111101091229,116.229713,39.902645,428491524,147101623,0,162,0,0,50#
30770,$JYJ,13331184826,20111101091130,116.229896,39.902679,428492177,147101763,23,270,1,1,50#
10131,$JYJ,13311426416,20111101091533,116.227974,39.905476,428485130,147112061,32,180,0,0,50#
29538,$JYJ,13311480715,20111101091630,116.220863,39.906315,428458953,147115198,8,194,1,1,50#
25634,$JYJ,13311489555,20111101091617,116.224403,39.902550,428471966,147101295,2,82,1,1,50#
6030,$JYJ,13311489686,20111101091518,116.229263,39.902470,428489865,147101002,2,138,1,1,50#
74222,$JYJ,13301184136,20111101092411,116.227913,39.905228,428484894,147111174,0,354,0,0,50#
32401,$JYJ,13301209684,20111101092151,116.222618,39.903439,428465398,147104578,0,182,0,0,50#
45769,$JYJ,13311453208,20111101092232,116.220886,39.902779,428459009,147102161,19,272,1,1,50#
78498,$JYJ,13311486263,20111101092420,116.228867,39.906147,428488390,147114543,39,90,0,0,50#
50147,$JYJ,13321174609,20111101092246,116.223900,39.902611,428470112,147101513,30,88,0,0,50#
48957,$JYJ,13321174822,20111101092245,116.221199,39.902618,428460162,147101561,30,90,1,1,50#
32862,$JYJ,13311486263,20111101092642,116.229568,39.901943,428490978,147099039,0,124,1,1,50#
22818,$JYJ,13331154922,20111101092610,116.220985,39.906117,428459407,147114473,19,76,1,1,50#
41415,$JYJ,13331159405,20111101092708,116.228348,39.902607,428486493,147101515,17,86,1,1,50#
77957,$JYJ,13331194274,20111101092923,116.220619,39.906052,428458031,147114211,2,72,0,0,50#
48735,$JYJ,13331194480,20111101092746,116.220482,39.906288,428457563,147115113,0,346,0,0,50#
941,$JYJ,13370122430,20111101092448,116.229835,39.902329,428491955,147100484,17,358,0,0,50#
41016,$JYJ,13311162466,20111101093209,116.220619,39.904297,428458055,147107762,4,100,0,0,50#
55245,$JYJ,13311431086,20111101093257,116.227898,39.904682,428484832,147109141,45,0,0,0,50#
68548,$JYJ,13321164340,20111101093336,116.224770,39.902515,428473329,147101188,10,88,1,1,50#
24739,$JYJ,13381095344,20111101093114,116.225937,39.902588,428477603,147101420,10,90,0,0,50#
50653,$JYJ,13311021554,20111101093754,116.228516,39.906254,428487104,147114956,12,266,1,1,50#
52413,$JYJ,13311403321,20111101094246,116.220367,39.904114,428457126,147107068,0,148,0,0,50#
24020,$JYJ,13311490935,20111101094118,116.222435,39.906208,428464745,147114803,32,266,1,1,50#
24243,$JYJ,13311492179,20111101094113,116.221031,39.904198,428459574,147107387,25,100,0,0,50#
75737,$JYJ,13311492179,20111101094354,116.222633,39.903992,428465455,147106631,0,180,1,1,50#
87136,$JYJ,13321164575,20111101094427,116.223297,39.900291,428467887,147092983,17,0,1,1,50#
59505,$JYJ,13301104003,20111101095257,116.223167,39.900925,428467443,147095326,17,350,2,0,50#
22672,$JYJ,13301214750,20111101095104,116.227936,39.905022,428484989,147110413,17,0,0,0,50#
61103,$JYJ,13311191443,20111101095307,116.223534,39.902611,428468766,147101513,19,88,1,1,50#
2896,$JYJ,13331194004,20111101095008,116.226364,39.902557,428479209,147101338,21,88,1,1,50#
66133,$JYJ,13301214823,20111101095825,116.220116,39.902741,428456189,147102027,0,242,0,0,50#
27541,$JYJ,13311563340,20111101095611,116.229767,39.901390,428491724,147097013,15,332,1,1,50#
43649,$JYJ,13311583874,20111101095715,116.222481,39.902763,428464913,147102099,19,272,0,0,50#
72807,$JYJ,13321164570,20111101095848,116.229240,39.906277,428489792,147115011,13,262,1,1,50#
17175,$JYJ,13331194565,20111101095550,116.222664,39.903320,428465567,147104136,0,148,1,1,50#
19591,$JYJ,13301214891,20111101100056,116.229851,39.901218,428492031,147096382,0,344,1,1,50#
43835,$JYJ,13311191496,20111101100213,116.223869,39.902744,428470003,147102027,0,288,0,0,50#
31833,$JYJ,13311490935,20111101100139,116.220184,39.906242,428456449,147114929,19,260,1,1,50#
57571,$JYJ,13370129374,20111101100306,116.229713,39.901341,428491505,147096842,13,332,1,1,50#
43831,$JYJ,13301251437,20111101100740,116.229736,39.901180,428491614,147096246,0,250,0,0,50#
56505,$JYJ,13301251437,20111101100824,116.229736,39.901241,428491604,147096472,13,356,1,1,50#
67816,$JYJ,13311191496,20111101100903,116.222702,39.903416,428465707,147104509,2,198,0,0,50#
47589,$JYJ,13301208418,20111101101258,116.222549,39.905472,428465140,147112068,28,174,1,1,50#
9455,$JYJ,13311022984,20111101101032,116.227951,39.902702,428485052,147101868,6,270,1,1,50#
15885,$JYJ,13311426222,20111101101052,116.220848,39.905376,428458899,147111722,10,354,1,1,50#
21529,$JYJ,13331159405,20111101101111,116.229614,39.900467,428491141,147093623,25,176,1,1,50#
77503,$JYJ,13381068724,20111101101437,116.227951,39.904907,428485028,147109988,0,0,0,0,50#
12804,$JYJ,13311487217,20111101101537,116.228302,39.906330,428486335,147115214,19,264,1,1,50#
11565,$JYJ,13331111425,20111101101530,116.222603,39.904968,428465341,147110229,28,174,1,1,50#
27912,$JYJ,13311426316,20111101102130,116.225586,39.902714,428476310,147101895,13,250,0,0,50#
63524,$JYJ,13370129334,20111101102326,116.220482,39.902657,428457533,147101703,6,270,0,0,50#
74378,$JYJ,13311022984,20111101102848,116.220497,39.904404,428457605,147108136,21,354,0,0,50#
81575,$JYJ,13311486417,20111101102914,116.220032,39.904091,428455866,147106998,28,90,0,0,50#
42840,$JYJ,13370129334,20111101102708,116.226486,39.902557,428479624,147101335,23,88,1,1,50#
77357,$JYJ,13301156445,20111101103408,116.228065,39.900307,428485456,147093030,0,190,0,0,50#
58275,$JYJ,13301214493,20111101103305,116.220535,39.904198,428457738,147107374,0,192,0,0,50#
136,$JYJ,13311022984,20111101103000,116.220932,39.906014,428459181,147114086,23,88,1,1,50#
2389,$JYJ,13301155347,20111101103458,116.220970,39.902573,428459351,147101411,13,86,1,1,50#
81750,$JYJ,13301214424,20111101103922,116.221016,39.906143,428459493,147114544,4,268,0,0,50#
9803,$JYJ,13311403354,20111101104028,116.220184,39.906250,428456432,147114972,12,278,1,1,50#
81730,$JYJ,13311470360,20111101104419,116.220749,39.904129,428458519,147107150,13,22,0,0,50#
86640,$JYJ,13381093084,20111101104430,116.221581,39.902756,428461605,147102086,4,316,0,0,50#
76820,$JYJ,13381101774,20111101104400,116.224983,39.902618,428474099,147101558,23,82,1,1,50#
5323,$JYJ,13301174903,20111101104513,116.229431,39.905640,428490489,147112680,4,180,0,0,50#
86897,$JYJ,13370129351,20111101104930,116.220818,39.906101,428458784,147114392,0,104,0,0,50#
79001,$JYJ,13381100114,20111101104906,116.228813,39.906254,428488214,147114935,30,266,1,1,50#
37878,$JYJ,13311431242,20111101105704,116.220650,39.904774,428458165,147109500,0,4,0,0,50#
54538,$JYJ,13311431242,20111101105751,116.220650,39.905746,428458154,147113083,0,356,1,1,50#
54523,$JYJ,13311403661,20111101110247,116.229820,39.901127,428491922,147096047,0,358,0,0,50#
66572,$JYJ,13311403661,20111101110324,116.229797,39.901165,428491844,147096175,12,356,1,1,50#
40228,$JYJ,13381096546,20111101110205,116.227867,39.905109,428484733,147110725,4,350,0,0,50#
84187,$JYJ,13311426403,20111101110928,116.221649,39.902763,428461857,147102113,10,278,0,0,50#
70134,$JYJ,13311453231,20111101110846,116.223251,39.900017,428467738,147091982,30,356,0,0,50#
64507,$JYJ,13331194913,20111101110823,116.229187,39.906288,428489575,147115074,8,274,1,1,50#
81923,$JYJ,13301156184,20111101111421,116.221565,39.906120,428461513,147114472,0,86,0,0,50#
53384,$JYJ,13301156247,20111101111249,116.227951,39.900005,428485040,147091917,0,340,0,0,50#
10780,$JYJ,13311453231,20111101111032,116.228035,39.902672,428485361,147101756,0,16,1,1,50#
63358,$JYJ,13301156247,20111101111835,116.223099,39.902798,428467193,147102206,25,328,1,1,50#
31551,$JYJ,13301272116,20111101111638,116.229698,39.901325,428491476,147096783,6,354,1,1,50#
8144,$JYJ,13321180048,20111101112013,116.228462,39.900143,428486904,147092404,0,0,0,0,50#
89403,$JYJ,13301127446,20111101112937,116.228134,39.900978,428485721,147095510,8,0,0,0,50#
71727,$JYJ,13311211141,20111101112840,116.229835,39.900089,428491984,147092223,4,10,0,0,50#
56704,$JYJ,13331184904,20111101112753,116.223320,39.900066,428467974,147092134,15,356,0,0,50#
92464,$JYJ,13331184904,20111101112945,116.228233,39.902630,428486087,147101589,6,86,1,1,50#
73914,$JYJ,13321199494,20111101113837,116.229446,39.905819,428490543,147113324,8,180,0,0,50#
75940,$JYJ,13301155048,20111101114345,116.220947,39.904186,428459269,147107334,2,54,1,1,50#
39668,$JYJ,13301127413,20111101114657,116.220703,39.904232,428458352,147107529,8,314,0,0,50#
97343,$JYJ,13301214614,20111101114945,116.223000,39.905353,428466787,147111646,0,358,1,1,50#
81848,$JYJ,13311162418,20111101114902,116.223663,39.906300,428469232,147115121,49,268,1,1,50#
81556,$JYJ,13311487230,20111101114904,116.229568,39.906200,428490996,147114736,17,178,1,1,50#
28430,$JYJ,13331159450,20111101114625,116.221718,39.904182,428462092,147107323,0,116,0,0,50#
41113,$JYJ,13331159450,20111101114704,116.221664,39.904331,428461890,147107875,10,104,1,1,50#
23086,$JYJ,13301127492,20111101115105,116.229851,39.901634,428492021,147097923,25,2,0,0,50#
97343,$JYJ,13331194791,20111101115449,116.229767,39.902637,428491719,147101597,32,86,0,0,50#
68770,$JYJ,13331093400,20111101115821,116.229416,39.905800,428490445,147113282,0,202,0,0,50#
29485,$JYJ,13311403300,20111101120128,116.220436,39.904484,428457379,147108432,8,114,1,1,50#
24229,$JYJ,13301157453,20111101120620,116.229866,39.902004,428492091,147099273,0,22,0,0,50#
49654,$JYJ,13301157453,20111101120752,116.229835,39.902691,428491978,147101820,26,356,1,1,50#
68563,$JYJ,13311453491,20111101120904,116.220970,39.906208,428459360,147114801,21,82,1,1,50#
46947,$JYJ,13301214891,20111101121248,116.223732,39.902698,428469508,147101846,21,270,1,1,50#
25055,$JYJ,13311426180,20111101121126,116.229713,39.902714,428491530,147101902,0,170,0,0,50#
29701,$JYJ,13311453491,20111101121139,116.229553,39.902386,428490923,147100666,0,174,0,0,50#
66358,$JYJ,13311489610,20111101121406,116.220917,39.904880,428459137,147109892,0,54,0,0,50#
5724,$JYJ,13311489610,20111101121516,116.221847,39.906177,428462574,147114676,15,86,1,1,50#
11336,$JYJ,13311492090,20111101121544,116.228348,39.902122,428486488,147099700,10,100,0,0,50#
14846,$JYJ,13311564469,20111101121554,116.229935,39.902782,428492316,147102146,17,270,1,1,50#
42837,$JYJ,13301214669,20111101122238,116.220680,39.902702,428458287,147101882,10,266,1,1,50#
23912,$JYJ,13311403764,20111101122128,116.223236,39.900486,428467674,147093692,4,346,0,0,50#
74368,$JYJ,13311495196,20111101122448,116.229637,39.901386,428491259,147097012,25,2,1,1,50#
56131,$JYJ,13381096794,20111101122850,116.221016,39.906479,428459511,147115812,4,354,0,0,50#
22671,$JYJ,13311403056,20111101123135,116.220650,39.904118,428458180,147107081,0,336,0,0,50#
52127,$JYJ,13311488130,20111101123341,116.220230,39.905460,428456608,147112042,0,338,0,0,50#
13432,$JYJ,13301254196,20111101123548,116.227852,39.904129,428484671,147107107,34,358,0,0,50#
24793,$JYJ,13311488130,20111101123629,116.228752,39.906250,428487967,147114928,0,84,0,0,50#
78246,$JYJ,13311488130,20111101123929,116.223686,39.902630,428469328,147101604,19,264,1,1,50#
48118,$JYJ,13311565406,20111101123748,116.229919,39.902988,428492265,147102894,21,356,1,1,50#
71497,$JYJ,13331156405,20111101123908,116.220467,39.904339,428457486,147107925,13,282,0,0,50#
59950,$JYJ,13370189263,20111101123830,116.229820,39.902199,428491896,147099997,12,344,1,1,50#
19273,$JYJ,13301104033,20111101124105,116.223152,39.901218,428467365,147096411,30,160,0,0,50#
23173,$JYJ,13301184090,20111101124122,116.220818,39.905212,428458758,147111132,10,2,0,0,50#
48699,$JYJ,13301184090,20111101124243,116.220619,39.906097,428458031,147114392,8,4,1,1,50#
11185,$JYJ,13311403495,20111101124036,116.229416,39.907864,428490429,147120881,0,338,0,0,50#
18196,$JYJ,13331154759,20111101124100,116.220680,39.904911,428458263,147110004,23,334,0,0,50#
38221,$JYJ,13331156405,20111101124207,116.222633,39.904175,428465478,147107300,6,174,1,1,50#
84092,$JYJ,13370129329,20111101124444,116.227966,39.904865,428485090,147109832,0,352,0,0,50#
25112,$JYJ,13381100974,20111101124123,116.229385,39.907986,428490298,147121317,0,342,0,0,50#
38819,$JYJ,13381100974,20111101124215,116.229385,39.907986,428490312,147121331,0,338,1,1,50#
18680,$JYJ,13301214509,20111101124556,116.229668,39.901852,428491350,147098722,17,16,1,1,50#
65309,$JYJ,13311488197,20111101124834,116.220734,39.904797,428458475,147109607,12,10,0,0,50#
72790,$JYJ,13311495014,20111101124859,116.220818,39.906361,428458795,147115368,21,262,1,1,50#
1390,$JYJ,13331111472,20111101124502,116.220116,39.902771,428456176,147102148,38,268,1,1,50#
30170,$JYJ,13331194761,20111101124638,116.221581,39.904213,428461583,147107432,2,238,1,1,50#
23803,$JYJ,13381100974,20111101124611,116.229736,39.902874,428491618,147102470,0,174,0,0,50#
13425,$JYJ,13301157406,20111101125044,116.223213,39.906254,428467601,147114947,12,86,1,1,50#
27002,$JYJ,13311191413,20111101125131,116.229385,39.908104,428490331,147121749,0,342,0,0,50#
55556,$JYJ,13311495197,20111101125307,116.227165,39.906101,428482154,147114384,15,80,1,1,50#
84927,$JYJ,13331154759,20111101125438,116.220253,39.906296,428456700,147115125,13,262,1,1,50#
66994,$JYJ,13381066764,20111101125344,116.229713,39.901871,428491502,147098782,43,178,0,0,50#
57911,$JYJ,13301277591,20111101125809,116.228233,39.902592,428486061,147101432,15,86,1,1,50#
59093,$JYJ,13311487127,20111101125819,116.229584,39.902725,428491062,147101948,10,290,0,0,50#
54998,$JYJ,13331156405,20111101125800,116.220169,39.906288,428456383,147115092,8,256,1,1,50#
54304,$JYJ,13370129343,20111101125759,116.220703,39.905159,428458351,147110947,26,346,1,1,50#
15923,$JYJ,13311487220,20111101130051,116.220367,39.905353,428457102,147111653,0,358,1,1,50#
47713,$JYJ,13311487258,20111101130244,116.220886,39.905083,428459036,147110656,0,354,0,0,50#
15621,$JYJ,13331093410,20111101130048,116.220985,39.904152,428459376,147107211,13,100,0,0,50#
19171,$JYJ,13311487258,20111101130606,116.222816,39.902275,428466128,147100301,23,172,1,1,50#
64073,$JYJ,13321180409,20111101130825,116.222549,39.904530,428465165,147108601,8,180,0,0,50#
20810,$JYJ,13301156455,20111101131101,116.225304,39.903133,428475286,147103460,8,320,0,0,50#
42967,$JYJ,13301214513,20111101131212,116.223335,39.902424,428468049,147100849,13,86,1,1,50#
64680,$JYJ,13311470318,20111101131315,116.229401,39.907982,428490374,147121302,8,342,0,0,50#
28016,$JYJ,13321164382,20111101131126,116.220985,39.904240,428459399,147107549,6,242,1,1,50#
55636,$JYJ,13321174735,20111101131245,116.229385,39.906254,428490304,147114951,0,242,0,0,50#
35609,$JYJ,13311486213,20111101131707,116.225067,39.902611,428474427,147101521,45,92,0,0,50#
58237,$JYJ,13311487220,20111101131816,116.228081,39.902733,428485532,147101957,28,268,0,0,50#
53272,$JYJ,13321199644,20111101131806,116.220619,39.906040,428458044,147114165,0,102,0,0,50#
50229,$JYJ,13331187107,20111101131753,116.224968,39.902611,428474046,147101525,21,84,1,1,50#
19549,$JYJ,13301214174,20111101132101,116.220299,39.906277,428456886,147115070,0,0,0,0,50#
20662,$JYJ,13301214174,20111101132105,116.220299,39.906277,428456883,147115064,0,0,0,0,50#
58961,$JYJ,13301214174,20111101132303,116.220299,39.906277,428456876,147115054,0,0,0,0,50#
56623,$JYJ,13311470395,20111101132251,116.220635,39.905766,428458109,147113178,21,6,1,1,50#
85160,$JYJ,13331194978,20111101132421,116.220947,39.906334,428459274,147115280,2,274,0,0,50#
83,$JYJ,13301214174,20111101132500,116.220299,39.906277,428456863,147115041,0,0,0,0,50#
1431,$JYJ,13301214174,20111101132505,116.220299,39.906277,428456878,147115065,0,0,0,0,50#
7428,$JYJ,13301214174,20111101132522,116.220299,39.906277,428456868,147115067,0,0,0,0,50#
10822,$JYJ,13301214174,20111101132535,116.220177,39.906223,428456440,147114856,13,256,1,1,50#
8284,$JYJ,13311403512,20111101132523,116.220200,39.906258,428456516,147114985,0,250,1,1,50#
67323,$JYJ,13311487220,20111101132827,116.220467,39.905899,428457472,147113673,8,14,1,1,50#
41738,$JYJ,13331194361,20111101132710,116.223251,39.907982,428467731,147121341,0,344,0,0,50#
89138,$JYJ,13311426018,20111101133429,116.229034,39.902725,428489034,147101934,8,270,1,1,50#
78557,$JYJ,13311431497,20111101133356,116.225418,39.906185,428475708,147114684,58,90,0,0,50#
71166,$JYJ,13311470395,20111101133330,116.228966,39.906162,428488752,147114606,43,88,0,0,50#
51932,$JYJ,13331159493,20111101133234,116.220520,39.906250,428457694,147114953,0,268,0,0,50#
44475,$JYJ,13301128402,20111101133722,116.227913,39.905521,428484891,147112259,17,168,0,0,50#
56427,$JYJ,13311026450,20111101133759,116.222885,39.902214,428466365,147100064,30,174,1,1,50#
22885,$JYJ,13311426018,20111101133612,116.222832,39.905140,428466204,147110870,4,356,0,0,50#
2466,$JYJ,13311488139,20111101133504,116.220551,39.906151,428457775,147114604,19,88,1,1,50#
51640,$JYJ,13311495397,20111101133748,116.220818,39.906284,428458786,147115097,39,268,0,0,50#
15086,$JYJ,13311431127,20111101134043,116.221184,39.904442,428460106,147108289,15,72,0,0,50#
9123,$JYJ,13311480762,20111101134024,116.229553,39.900928,428490940,147095305,0,182,0,0,50#
38015,$JYJ,13331154836,20111101134152,116.229835,39.906330,428491993,147115222,23,0,1,1,50#
38162,$JYJ,13331154836,20111101134154,116.229835,39.906441,428491953,147115623,21,0,0,0,50#
59151,$JYJ,13301251418,20111101134801,116.221016,39.902615,428459524,147101537,19,84,1,1,50#
80039,$JYJ,13311426488,20111101134911,116.223816,39.902798,428469822,147102232,13,268,1,1,50#
83051,$JYJ,13311495117,20111101134928,116.222885,39.906235,428466393,147114907,6,262,0,0,50#
64626,$JYJ,13311495397,20111101134824,116.220253,39.906258,428456700,147114974,10,262,1,1,50#
82608,$JYJ,13321183431,20111101134922,116.220596,39.906292,428457972,147115122,2,332,0,0,50#
53714,$JYJ,13301209495,20111101135250,116.227913,39.905430,428484879,147111901,25,0,1,1,50#
11196,$JYJ,13301214844,20111101135037,116.220398,39.904201,428457214,147107397,15,346,0,0,50#
13445,$JYJ,13301251418,20111101135044,116.229835,39.906105,428491992,147114382,17,32,0,0,50#
77950,$JYJ,13301155754,20111101135914,116.229950,39.902199,428492388,147099974,0,6,0,0,50#
39644,$JYJ,13311021748,20111101135716,116.222465,39.905743,428464852,147113086,19,190,0,0,50#
63804,$JYJ,13311431344,20111101135829,116.220680,39.905468,428458259,147112085,8,2,0,0,50#
36845,$JYJ,13311431428,20111101135640,116.228500,39.902630,428487076,147101584,13,88,1,1,50#
20314,$JYJ,13331111433,20111101140104,116.220703,39.904968,428458353,147110241,12,350,1,1,50#
18242,$JYJ,13311431344,20111101140553,116.229568,39.904526,428490979,147108579,21,176,1,1,50#
66386,$JYJ,13311480764,20111101140854,116.223114,39.902969,428467241,147102853,8,2,0,0,50#
27167,$JYJ,13311486340,20111101140629,116.227936,39.904762,428484976,147109442,23,356,0,0,50#
42215,$JYJ,13321180048,20111101140727,116.228027,39.902645,428485320,147101645,10,88,1,1,50#
13744,$JYJ,13301204816,20111101141040,116.229980,39.906082,428492509,147114308,21,208,0,0,50#
25446,$JYJ,13301251469,20111101141619,116.227936,39.905136,428484989,147110810,19,6,0,0,50#
58652,$JYJ,13331156412,20111101141817,116.228180,39.902618,428485878,147101545,19,88,1,1,50#
79303,$JYJ,13331159459,20111101141917,116.220718,39.905952,428458408,147113848,10,358,1,1,50#
42758,$JYJ,13370129504,20111101141721,116.220764,39.904293,428458601,147107757,0,214,0,0,50#
15144,$JYJ,13301157544,20111101142041,116.222580,39.904385,428465256,147108056,0,180,0,0,50#
33276,$JYJ,13301157544,20111101142135,116.222832,39.902603,428466194,147101489,28,172,1,1,50#
4914,$JYJ,13301214551,20111101142010,116.220833,39.904850,428458832,147109802,0,182,0,0,50#
12027,$JYJ,13301214551,20111101142034,116.220833,39.904854,428458829,147109822,6,162,1,1,50#
47759,$JYJ,13311566143,20111101142216,116.229683,39.906975,428491417,147117601,38,348,1,1,50#
44999,$JYJ,13331194761,20111101142213,116.229485,39.906250,428490682,147114933,2,256,1,1,50#
107267,$JYJ,13301104137,20111101142954,116.228813,39.906273,428488197,147115010,23,270,1,1,50#
335,$JYJ,13301184010,20111101142500,116.220947,39.902847,428459271,147102395,0,262,0,0,50#
52801,$JYJ,13301184010,20111101142739,116.221901,39.904266,428462747,147107653,34,84,1,1,50#
36696,$JYJ,13301214085,20111101142650,116.220680,39.902645,428458270,147101677,0,90,1,1,50#
28612,$JYJ,13301214806,20111101142632,116.222885,39.905277,428466394,147111361,0,330,0,0,50#
51815,$JYJ,13301254237,20111101142737,116.228119,39.906136,428485666,147114499,19,94,0,0,50#
41194,$JYJ,13311487220,20111101142705,116.220749,39.905811,428458508,147113324,17,354,1,1,50#
94904,$JYJ,13331154839,20111101142923,116.221367,39.904587,428460819,147108823,12,268,0,0,50#
77257,$JYJ,13301214551,20111101143312,116.226601,39.900040,428480041,147092035,10,80,0,0,50#
118587,$JYJ,13301214551,20111101143450,116.229599,39.901852,428491104,147098718,0,222,1,1,50#
43478,$JYJ,13311403759,20111101143148,116.220596,39.906303,428457966,147115143,0,286,1,1,50#
48587,$JYJ,13331194761,20111101143204,116.220947,39.905991,428459250,147113992,2,268,1,1,50#
38838,$JYJ,13301214453,20111101143636,116.229767,39.904621,428491704,147108920,15,354,1,1,50#
45178,$JYJ,13311431237,20111101143652,116.220734,39.903286,428458453,147104025,2,70,0,0,50#
14141,$JYJ,13311453286,20111101143533,116.228935,39.906296,428488637,147115100,28,266,0,0,50#
70589,$JYJ,13311486363,20111101143753,116.222382,39.905403,428464540,147111810,6,88,1,1,50#
26461,$JYJ,13301209472,20111101144103,116.229568,39.906364,428491008,147115338,0,192,1,1,50#
70029,$JYJ,13321174840,20111101144258,116.220787,39.905026,428458660,147110451,0,354,0,0,50#
104280,$JYJ,13331194561,20111101144416,116.229782,39.906044,428491784,147114178,19,38,0,0,50#
37766,$JYJ,13331194951,20111101144131,116.227654,39.902622,428483943,147101561,49,90,1,1,50#
19169,$JYJ,13301204840,20111101144550,116.224503,39.902721,428472324,147101930,28,268,1,1,50#
33951,$JYJ,13301204840,20111101144627,116.223381,39.902695,428468216,147101839,0,0,0,0,50#
29915,$JYJ,13301214197,20111101144619,116.220764,39.904823,428458572,147109685,8,324,2,0,50#
1519,$JYJ,13301254115,20111101144505,116.223236,39.902676,428467667,147101754,0,266,0,0,50#
54632,$JYJ,13311492264,20111101144720,116.229752,39.903782,428491672,147105816,36,178,0,0,50#
79199,$JYJ,13311495160,20111101144817,116.220596,39.905182,428457982,147111033,15,358,1,1,50#
117712,$JYJ,13321183485,20111101144956,116.222557,39.904930,428465161,147110075,0,112,0,0,50#
49050,$JYJ,13331194078,20111101144700,116.225067,39.902763,428474432,147102095,0,268,0,0,50#
116794,$JYJ,13331194078,20111101144955,116.222580,39.903923,428465247,147106385,10,174,1,1,50#
96674,$JYJ,13301164928,20111101145402,116.220551,39.904862,428457785,147109825,21,16,0,0,50#
83581,$JYJ,13311492291,20111101145331,116.229767,39.905708,428491730,147112915,23,0,0,0,50#
105397,$JYJ,13331194026,20111101145423,116.220299,39.906239,428456874,147114930,12,264,1,1,50#
53603,$JYJ,13301157475,20111101145712,116.222481,39.905514,428464906,147112250,0,178,0,0,50#
94236,$JYJ,13301157475,20111101145853,116.220352,39.904156,428457068,147107252,0,202,1,1,50#
105861,$JYJ,13301204911,20111101145927,116.228363,39.902592,428486549,147101434,17,88,1,1,50#
22296,$JYJ,13301214078,20111101145557,116.220253,39.904511,428456691,147108530,0,276,0,0,50#
35957,$JYJ,13301214078,20111101145634,116.220184,39.904503,428456460,147108504,13,266,1,1,50#
82461,$JYJ,13301254061,20111101145825,116.226097,39.902569,428478220,147101376,0,88,0,0,50#
93030,$JYJ,13311492346,20111101145851,116.220734,39.904980,428458452,147110265,0,12,0,0,50#
30381,$JYJ,13381101864,20111101145619,116.229462,39.907860,428490597,147120850,10,336,0,0,50#
113499,$JYJ,13381101864,20111101145946,116.229828,39.904587,428491928,147108809,8,0,1,1,50#
105442,$JYJ,13301125416,20111101150431,116.222702,39.903702,428465716,147105539,8,174,1,1,50#
33557,$JYJ,13301208416,20111101150121,116.228752,39.902771,428487969,147102116,8,280,1,1,50#
3861,$JYJ,13311426012,20111101150010,116.222931,39.901718,428466563,147098243,0,0,0,0,50#
13846,$JYJ,13311426012,20111101150032,116.222969,39.901497,428466712,147097438,21,170,1,1,50#
87692,$JYJ,13311489417,20111101150342,116.222816,39.905525,428466144,147112270,19,356,1,1,50#
57923,$JYJ,13311495376,20111101150220,116.229713,39.905933,428491508,147113769,19,4,0,0,50#
112847,$JYJ,13311572764,20111101150451,116.221832,39.904259,428462507,147107618,0,282,0,0,50#
94558,$JYJ,13301214243,20111101150857,116.229317,39.906303,428490065,147115133,0,284,0,0,50#
98394,$JYJ,13301214635,20111101150906,116.228996,39.906296,428488888,147115091,19,264,1,1,50#
13098,$JYJ,13301214763,20111101150535,116.220680,39.905785,428458270,147113251,13,78,0,0,50#
111592,$JYJ,13301251465,20111101150944,116.222336,39.902584,428464357,147101443,0,78,0,0,50#
67120,$JYJ,13301254338,20111101150752,116.223084,39.901047,428467126,147095750,0,182,0,0,50#
86692,$JYJ,13301254338,20111101150838,116.223198,39.900513,428467519,147093788,6,174,1,1,50#
66045,$JYJ,13321199471,20111101150752,116.220116,39.906025,428456184,147114113,13,260,1,1,50#
38043,$JYJ,13331194940,20111101150639,116.229431,39.907841,428490476,147120779,4,50,0,0,50#
74178,$JYJ,13311487220,20111101151326,116.220718,39.906006,428458434,147114052,4,342,1,1,50#
77982,$JYJ,13311488189,20111101151340,116.228630,39.902706,428487519,147101858,25,268,1,1,50#
17465,$JYJ,13311488193,20111101151049,116.220863,39.904274,428458927,147107662,2,294,0,0,50#
27686,$JYJ,13331111448,20111101151112,116.227715,39.902706,428484172,147101857,17,272,0,0,50#
94579,$JYJ,13331156413,20111101151422,116.220230,39.906139,428456628,147114551,17,92,0,0,50#
33215,$JYJ,13331194024,20111101151130,116.228065,39.906273,428485438,147115018,28,264,1,1,50#
98045,$JYJ,13331194179,20111101151434,116.227867,39.905403,428484747,147111817,0,182,0,0,50#
1225,$JYJ,13331156413,20111101151501,116.220665,39.906109,428458219,147114444,12,80,1,1,50#
101239,$JYJ,13381083496,20111101151920,116.222954,39.905315,428466624,147111485,0,116,0,0,50#
54275,$JYJ,13301155459,20111101152212,116.229263,39.906330,428489865,147115236,6,260,1,1,50#
62242,$JYJ,13301214857,20111101152240,116.222870,39.902058,428466334,147099498,17,184,0,0,50#
88802,$JYJ,13311489402,20111101152351,116.221420,39.904045,428461004,147106812,21,280,2,0,50#
105441,$JYJ,13311489538,20111101152436,116.224052,39.906101,428470696,147114405,10,76,1,1,50#
4076,$JYJ,13331154783,20111101152009,116.220917,39.905937,428459146,147113807,32,92,1,1,50#
87688,$JYJ,13331154783,20111101152347,116.229767,39.900032,428491699,147091994,2,2,0,0,50#
50408,$JYJ,13331194080,20111101152204,116.228065,39.902588,428485461,147101435,17,84,1,1,50#
76406,$JYJ,13301164929,20111101152813,116.221169,39.902836,428460051,147102359,23,148,1,1,50#
17124,$JYJ,13311489402,20111101152543,116.222549,39.904274,428465131,147107658,13,140,2,0,50#
113986,$JYJ,13311565574,20111101152946,116.223137,39.906101,428467308,147114388,13,90,1,1,50#
11601,$JYJ,13321174718,20111101152529,116.222054,39.904266,428463336,147107640,21,270,0,0,50#
56996,$JYJ,13321174718,20111101152724,116.222580,39.903526,428465254,147104920,19,182,1,1,50#
71180,$JYJ,13321174759,20111101152801,116.221100,39.904530,428459815,147108623,10,284,0,0,50#
108284,$JYJ,13321174759,20111101152934,116.220970,39.904697,428459354,147109225,0,36,1,1,50#
26017,$JYJ,13331184813,20111101152604,116.229980,39.902817,428492507,147102271,0,354,0,0,50#
97458,$JYJ,13301164989,20111101153420,116.220665,39.905971,428458228,147113925,19,0,1,1,50#
40833,$JYJ,13301208774,20111101153139,116.227966,39.905376,428485087,147111724,26,0,1,1,50#
51491,$JYJ,13311495097,20111101153206,116.220283,39.906097,428456834,147114403,23,330,1,1,50#
63483,$JYJ,13381235495,20111101153251,116.229820,39.902504,428491936,147101124,0,358,0,0,50#
50694,$JYJ,13301125416,20111101153707,116.220703,39.904984,428458377,147110281,6,348,1,1,50#
98464,$JYJ,13311453239,20111101153914,116.220551,39.906383,428457803,147115444,2,278,0,0,50#
78677,$JYJ,13321164466,20111101153821,116.229218,39.903702,428489709,147105521,15,160,1,1,50#
107326,$JYJ,13301204925,20111101154430,116.220917,39.902626,428459136,147101589,12,88,1,1,50#
110612,$JYJ,13301251438,20111101154439,116.220650,39.902695,428458164,147101843,4,262,0,0,50#
11614,$JYJ,13311453239,20111101154031,116.220314,39.906399,428456904,147115519,10,270,1,1,50#
103198,$JYJ,13301155245,20111101154912,116.229835,39.901356,428491967,147096893,8,4,1,1,50#
14162,$JYJ,13301251438,20111101154535,116.220413,39.902748,428457298,147102034,21,268,1,1,50#
120621,$JYJ,13311426380,20111101154955,116.222481,39.905659,428464879,147112772,25,168,1,1,50#
66295,$JYJ,13321189894,20111101154741,116.229302,39.906151,428489992,147114575,0,94,0,0,50#
105638,$JYJ,13301184058,20111101155422,116.220367,39.902584,428457126,147101458,39,90,1,1,50#
104747,$JYJ,13311486406,20111101155420,116.220070,39.906242,428456019,147114918,15,254,1,1,50#
114742,$JYJ,13321164475,20111101155445,116.222664,39.902103,428465550,147099664,0,178,1,1,50#
91953,$JYJ,13331194834,20111101155351,116.223396,39.902565,428468281,147101369,6,70,1,1,50#
79952,$JYJ,13301125416,20111101155824,116.220650,39.905182,428458151,147111024,0,352,0,0,50#
58612,$JYJ,13301214075,20111101155731,116.229820,39.906689,428491910,147116530,21,356,1,1,50#
80059,$JYJ,13301254388,20111101155819,116.220520,39.905701,428457685,147112918,0,358,1,1,50#
82135,$JYJ,13331194926,20111101155830,116.221886,39.906109,428462715,147114434,10,84,1,1,50#
113615,$JYJ,13381232414,20111101155940,116.220703,39.904339,428458339,147107908,17,88,1,1,50#
2064,$JYJ,13301104137,20111101160006,116.222282,39.901627,428464161,147097913,0,220,0,0,50#
54418,$JYJ,13301157475,20111101160214,116.227470,39.906174,428483283,147114641,36,94,0,0,50#
68452,$JYJ,13301157475,20111101160252,116.228287,39.906151,428486283,147114581,19,88,1,1,50#
82507,$JYJ,13311486394,20111101160326,116.220985,39.906151,428459384,147114598,26,88,1,1,50#
109363,$JYJ,13381235490,20111101160432,116.229668,39.907425,428491355,147119273,13,338,1,1,50#
45824,$JYJ,13301157343,20111101160654,116.220436,39.905792,428457386,147113285,13,0,1,1,50#
721,$JYJ,13311024074,20111101160458,116.220467,39.906261,428457505,147115001,0,0,0,0,50#
92854,$JYJ,13311431401,20111101160856,116.220467,39.905258,428457493,147111309,10,22,0,0,50#
60565,$JYJ,13311486280,20111101160731,116.228935,39.902691,428488651,147101815,30,268,1,1,50#
107230,$JYJ,13370126467,20111101160932,116.229767,39.901588,428491720,147097757,26,356,1,1,50#
90457,$JYJ,13311495160,20111101161455,116.229713,39.901920,428491542,147098961,32,358,1,1,50#
90534,$JYJ,13321164442,20111101161500,116.220505,39.906094,428457641,147114367,0,50,0,0,50#
55822,$JYJ,13331159449,20111101161250,116.221481,39.904163,428461210,147107249,19,98,1,1,50#
53402,$JYJ,13301254163,20111101161719,116.220734,39.904797,428458486,147109610,4,6,0,0,50#
6508,$JYJ,13311403068,20111101161513,116.221497,39.904308,428461261,147107788,0,122,0,0,50#
23838,$JYJ,13311426078,20111101161601,116.220932,39.904449,428459180,147108320,0,28,0,0,50#
63828,$JYJ,13311489660,20111101161745,116.224731,39.902725,428473168,147101942,0,270,0,0,50#
89575,$JYJ,13301157475,20111101162349,116.227882,39.905014,428484766,147110374,0,358,0,0,50#
84470,$JYJ,13311426026,20111101162337,116.220886,39.906151,428459019,147114604,26,88,1,1,50#
112055,$JYJ,13311489429,20111101162450,116.220635,39.906151,428458095,147114578,2,84,0,0,50#
67008,$JYJ,13321174739,20111101162251,116.222435,39.906002,428464729,147114048,6,194,0,0,50#
89883,$JYJ,13381101914,20111101162347,116.229149,39.902595,428489441,147101463,0,92,0,0,50#
37696,$JYJ,13301127462,20111101162635,116.229103,39.907936,428489260,147121155,13,162,0,0,50#
13238,$JYJ,13311489429,20111101162536,116.220985,39.906128,428459387,147114516,25,90,1,1,50#
12420,$JYJ,13301151984,20111101163025,116.228363,39.906250,428486546,147114915,10,274,0,0,50#
12421,$JYJ,13301151984,20111101163032,116.228348,39.906250,428486479,147114929,6,264,1,1,50#
111716,$JYJ,13301214078,20111101163456,116.224533,39.905930,428472458,147113776,0,222,1,1,50#
99443,$JYJ,13321199494,20111101163423,116.229568,39.904434,428491000,147108244,15,178,1,1,50#
61669,$JYJ,13331194274,20111101163245,116.222351,39.904217,428464427,147107459,28,70,1,1,50#
80988,$JYJ,13301208418,20111101163923,116.229019,39.906170,428488962,147114646,19,88,1,1,50#
4346,$JYJ,13301214123,20111101163514,116.220680,39.904133,428458267,147107147,13,30,0,0,50#
30461,$JYJ,13301214123,20111101163643,116.220436,39.905643,428457369,147112728,19,0,1,1,50#
36576,$JYJ,13311021584,20111101163708,116.228348,39.906132,428486478,147114485,0,0,0,0,50#
82493,$JYJ,13311403592,20111101163928,116.229736,39.906017,428491601,147114055,0,344,0,0,50#
80092,$JYJ,13331159449,20111101163924,116.221016,39.906086,428459529,147114336,26,88,1,1,50#
9304,$JYJ,13331194274,20111101163528,116.229584,39.904087,428491063,147106966,43,180,0,0,50#
89913,$JYJ,13301155143,20111101164349,116.220718,39.904598,428458422,147108851,0,316,0,0,50#
103269,$JYJ,13301155143,20111101164426,116.220497,39.905056,428457603,147110541,28,336,1,1,50#
80322,$JYJ,13301157475,20111101164326,116.220352,39.902687,428457082,147101838,10,294,1,1,50#
80851,$JYJ,13311191447,20111101164323,116.226151,39.902676,428478419,147101755,0,94,1,1,50#
90180,$JYJ,13311403134,20111101164349,116.227867,39.902664,428484727,147101699,0,296,0,0,50#
8035,$JYJ,13311431550,20111101164018,116.229767,39.901279,428491707,147096587,21,346,1,1,50#
86691,$JYJ,13311431550,20111101164338,116.220337,39.902618,428456997,147101572,4,204,0,0,50#
87420,$JYJ,13331194274,20111101164345,116.220802,39.905922,428458702,147113731,12,88,1,1,50#
104061,$JYJ,13370126498,20111101164427,116.220734,39.906025,428458477,147114114,10,96,0,0,50#
107009,$JYJ,13301214513,20111101164938,116.222366,39.903748,428464485,147105732,8,146,1,1,50#
54049,$JYJ,13331111487,20111101164719,116.225731,39.902790,428476845,147102176,26,92,0,0,50#
4899,$JYJ,13370126498,20111101164508,116.220833,39.906025,428458829,147114135,13,84,1,1,50#
116250,$JYJ,13301125422,20111101165455,116.220100,39.906090,428456150,147114379,0,86,0,0,50#
46781,$JYJ,13321180438,20111101165204,116.229896,39.900074,428492212,147092147,6,2,1,1,50#
17964,$JYJ,13301214805,20111101165548,116.229874,39.900845,428492116,147095007,25,352,0,0,50#
47038,$JYJ,13301214805,20111101165701,116.229813,39.901607,428491882,147097794,26,356,1,1,50#
81507,$JYJ,13301272106,20111101165829,116.225136,39.906170,428474678,147114628,58,268,0,0,50#
49549,$JYJ,13311403594,20111101165708,116.220436,39.906250,428457376,147114947,0,342,0,0,50#
21548,$JYJ,13311487122,20111101165555,116.228348,39.906246,428486487,147114928,8,258,1,1,50#
37835,$JYJ,13311489346,20111101165635,116.229469,39.905472,428490634,147112061,17,172,1,1,50#
48276,$JYJ,13311492182,20111101165659,116.220016,39.903915,428455822,147106359,19,100,0,0,50#
21123,$JYJ,13311579984,20111101165552,116.229530,39.906486,428490837,147115799,0,176,0,0,50#
17147,$JYJ,13321164898,20111101165540,116.229233,39.906330,428489770,147115215,0,268,0,0,50#
41607,$JYJ,13301214198,20111101170159,116.220314,39.905811,428456913,147113340,15,356,1,1,50#
75262,$JYJ,13311487122,20111101170330,116.220154,39.906242,428456341,147114937,0,270,0,0,50#
7822,$JYJ,13311488189,20111101170020,116.220985,39.902371,428459385,147100646,19,86,1,1,50#
7103,$JYJ,13331194984,20111101170014,116.229851,39.906117,428492037,147114449,13,32,0,0,50#
27393,$JYJ,13381069947,20111101170050,116.229530,39.905231,428490838,147111181,13,170,1,1,50#
68533,$JYJ,13381093304,20111101170314,116.229851,39.906715,428492036,147116637,21,356,1,1,50#
5265,$JYJ,13301204918,20111101170514,116.229820,39.902676,428491932,147101756,10,128,0,0,50#
95638,$JYJ,13301214701,20111101170845,116.229485,39.904800,428490692,147109599,15,172,1,1,50#
114176,$JYJ,13311403594,20111101170940,116.220314,39.906048,428456908,147114227,8,258,1,1,50#
27053,$JYJ,13311487220,20111101170605,116.229485,39.905815,428490680,147113307,13,174,1,1,50#
108160,$JYJ,13311495275,20111101170923,116.222717,39.902710,428465776,147101897,0,286,0,0,50#
25283,$JYJ,13321174739,20111101170602,116.229797,39.901009,428491830,147095619,4,176,1,1,50#
93867,$JYJ,13331194560,20111101170854,116.221085,39.904045,428459773,147106817,0,228,2,0,50#
9328,$JYJ,13301125461,20111101171020,116.229332,39.902508,428490105,147101128,8,126,0,0,50#
11095,$JYJ,13301204979,20111101171025,116.220398,39.905380,428457246,147111745,6,228,1,1,50#
18599,$JYJ,13311020694,20111101171044,116.222649,39.904015,428465495,147106710,17,170,1,1,50#
18208,$JYJ,13311495275,20111101171041,116.220901,39.902641,428459069,147101643,6,314,1,1,50#
97885,$JYJ,13311495275,20111101171401,116.229065,39.905926,428489125,147113743,0,90,0,0,50#
25023,$JYJ,13321164355,20111101171100,116.220131,39.905903,428456260,147113682,28,90,1,1,50#
59682,$JYJ,13321174740,20111101171226,116.220734,39.904144,428458449,147107186,15,0,0,0,50#
117048,$JYJ,13321174740,20111101171448,116.222733,39.905674,428465834,147112818,8,92,1,1,50#
70291,$JYJ,13311426416,20111101171756,116.220917,39.904404,428459127,147108161,19,294,0,0,50#
15200,$JYJ,13311431293,20111101171536,116.228935,39.906273,428488672,147115021,10,246,1,1,50#
39423,$JYJ,13311470379,20111101171638,116.228714,39.906357,428487825,147115316,10,262,1,1,50#
31791,$JYJ,13311487220,20111101171617,116.229446,39.905537,428490555,147112291,12,186,1,1,50#
34214,$JYJ,13321199842,20111101171628,116.220718,39.903503,428458419,147104844,23,358,0,0,50#
85029,$JYJ,13321174599,20111101172331,116.221046,39.904114,428459615,147107093,2,324,0,0,50#
51711,$JYJ,13331159430,20111101172206,116.222397,39.902630,428464600,147101614,15,274,1,1,50#
96469,$JYJ,13331159449,20111101172353,116.220863,39.905941,428458956,147113801,23,72,1,1,50#
76666,$JYJ,13381096504,20111101172248,116.229248,39.902649,428489806,147101665,4,88,1,1,50#
7649,$JYJ,13381232417,20111101172015,116.227837,39.903404,428484607,147104454,0,124,0,0,50#
51238,$JYJ,13381232417,20111101172209,116.228035,39.906040,428485351,147114173,6,28,1,1,50#
35655,$JYJ,13301157475,20111101172625,116.227997,39.906033,428485213,147114115,0,60,0,0,50#
46897,$JYJ,13301157475,20111101172652,116.227997,39.906036,428485209,147114130,0,30,1,1,50#
6594,$JYJ,13301214174,20111101172517,116.224617,39.902611,428472767,147101541,13,78,1,1,50#
69608,$JYJ,13311495211,20111101172748,116.229431,39.905685,428490466,147112837,0,184,1,1,50#
69902,$JYJ,13321174599,20111101172756,116.229713,39.900120,428491522,147092327,2,224,1,1,50#
102642,$JYJ,13321199749,20111101172913,116.221313,39.906200,428460587,147114763,2,98,0,0,50#
67072,$JYJ,13301214123,20111101173246,116.220848,39.903832,428458895,147106042,0,352,0,0,50#
11710,$JYJ,13311431326,20111101173027,116.220314,39.906109,428456920,147114446,0,268,1,1,50#
21799,$JYJ,13311453486,20111101173053,116.220749,39.904602,428458515,147108870,0,4,0,0,50#
47273,$JYJ,13311489346,20111101173157,116.227799,39.906117,428484483,147114449,13,84,1,1,50#
6193,$JYJ,13321180438,20111101173017,116.220016,39.906097,428455850,147114394,0,0,0,0,50#
49715,$JYJ,13321180438,20111101173207,116.220489,39.905270,428457588,147111357,17,352,1,1,50#
100464,$JYJ,13301214183,20111101173907,116.220451,39.906246,428457443,147114938,2,272,0,0,50#
73489,$JYJ,13311453486,20111101173805,116.227882,39.905022,428484768,147110397,6,188,1,1,50#
94189,$JYJ,13301208468,20111101174349,116.221069,39.905739,428459723,147113083,21,86,0,0,50#
93746,$JYJ,13311453242,20111101174351,116.220734,39.904369,428458459,147108028,4,108,0,0,50#
37162,$JYJ,13311487230,20111101174134,116.227814,39.905254,428484518,147111275,4,146,1,1,50#
26517,$JYJ,13311489579,20111101174102,116.220848,39.904201,428458901,147107407,10,260,0,0,50#
118779,$JYJ,13321174810,20111101174451,116.220635,39.902679,428458089,147101804,0,286,0,0,50#
119712,$JYJ,13331194204,20111101174452,116.229469,39.905323,428490619,147111523,10,118,1,1,50#
51090,$JYJ,13301208468,20111101174706,116.221420,39.904171,428460993,147107295,8,262,1,1,50#
52753,$JYJ,13311300540,20111101174709,116.223053,39.903599,428467024,147105189,0,358,1,1,50#
106784,$JYJ,13311489328,20111101174929,116.223167,39.902031,428467437,147099394,8,2,0,0,50#
29640,$JYJ,13321164878,20111101174612,116.220581,39.906227,428457910,147114862,30,274,0,0,50#
51049,$JYJ,13301155674,20111101175206,116.221535,39.906193,428461408,147114731,21,266,1,1,50#
51239,$JYJ,13301155674,20111101175207,116.221481,39.906189,428461201,147114731,23,272,0,0,50#
38376,$JYJ,13301214701,20111101175134,116.229446,39.904976,428490522,147110232,12,168,1,1,50#
113904,$JYJ,13301253440,20111101175440,116.222870,39.904373,428466329,147108042,0,12,0,0,50#
51327,$JYJ,13311495326,20111101175205,116.227753,39.906170,428484321,147114628,2,86,1,1,50#
114647,$JYJ,13331111487,20111101175441,116.229919,39.902595,428492274,147101467,0,102,0,0,50#
94148,$JYJ,13331184803,20111101175351,116.229446,39.905979,428490562,147113921,17,164,1,1,50#
82301,$JYJ,13331194204,20111101175323,116.222847,39.902546,428466247,147101283,25,354,1,1,50#
33125,$JYJ,13311480656,20111101175623,116.221039,39.902542,428459581,147101273,12,78,1,1,50#
46232,$JYJ,13311495196,20111101175656,116.220635,39.902756,428458084,147102077,0,276,0,0,50#
74352,$JYJ,13321164878,20111101175802,116.220367,39.906177,428457112,147114695,4,262,1,1,50#
95202,$JYJ,13301204952,20111101180353,116.221931,39.904854,428462885,147109811,23,206,0,0,50#
27057,$JYJ,13301214198,20111101180108,116.222824,39.902264,428466173,147100265,10,164,1,1,50#
112428,$JYJ,13311162429,20111101180436,116.221268,39.905357,428460425,147111651,12,88,1,1,50#
47161,$JYJ,13311486564,20111101180158,116.223419,39.906170,428468351,147114640,13,270,0,0,50#
105120,$JYJ,13311486564,20111101180422,116.222511,39.905472,428465031,147112088,23,168,1,1,50#
33847,$JYJ,13311489325,20111101180122,116.222763,39.905251,428465952,147111273,0,348,0,0,50#
66933,$JYJ,13331194379,20111101180244,116.220764,39.905861,428458580,147113531,0,352,1,1,50#
117251,$JYJ,13301204835,20111101180954,116.229782,39.901306,428491787,147096693,12,0,1,1,50#
30772,$JYJ,13311026494,20111101180615,116.227715,39.902763,428484176,147102073,17,262,0,0,50#
61274,$JYJ,13311026494,20111101180731,116.225433,39.903072,428475767,147103215,10,88,1,1,50#
84324,$JYJ,13301164995,20111101181328,116.229233,39.902622,428489733,147101545,0,90,0,0,50#
66347,$JYJ,13331154839,20111101181243,116.220596,39.906197,428457954,147114770,0,12,1,1,50#
61761,$JYJ,13311489531,20111101181739,116.225014,39.902607,428474200,147101513,19,88,1,1,50#
29362,$JYJ,13321164484,20111101181612,116.220230,39.905418,428456609,147111899,10,4,1,1,50#
113716,$JYJ,13301251465,20111101182445,116.224236,39.906097,428471341,147114379,25,90,1,1,50#
24147,$JYJ,13311403524,20111101182059,116.220497,39.906288,428457602,147115082,0,306,0,0,50#
54423,$JYJ,13311403524,20111101182217,116.220482,39.906284,428457534,147115076,6,252,1,1,50#
110030,$JYJ,13311426346,20111101182434,116.229050,39.902481,428489081,147101040,2,90,0,0,50#
29479,$JYJ,13311470491,20111101182111,116.227966,39.906120,428485094,147114458,8,146,1,1,50#
27413,$JYJ,13311492137,20111101182108,116.222885,39.900894,428466405,147095200,15,174,0,0,50#
44003,$JYJ,13331159408,20111101182145,116.229752,39.904228,428491647,147107471,19,350,1,1,50#
53803,$JYJ,13301128402,20111101182711,116.220253,39.906338,428456710,147115269,13,264,1,1,50#
82389,$JYJ,13311403005,20111101182820,116.221519,39.906265,428461349,147114997,13,262,1,1,50#
9786,$JYJ,13311426380,20111101182526,116.229469,39.905163,428490624,147110918,23,178,1,1,50#
70231,$JYJ,13311453327,20111101182756,116.229652,39.904297,428491317,147107741,38,0,0,0,50#
82955,$JYJ,13311453439,20111101182827,116.220703,39.906063,428458372,147114258,0,0,0,0,50#
84628,$JYJ,13311453439,20111101182831,116.220703,39.906063,428458368,147114268,0,0,0,0,50#
96360,$JYJ,13311453439,20111101182900,116.220703,39.906063,428458366,147114264,0,0,0,0,50#
111084,$JYJ,13311453439,20111101182936,116.220879,39.906124,428459017,147114496,19,84,1,1,50#
108866,$JYJ,13331194632,20111101182931,116.220901,39.906670,428459068,147116494,8,188,0,0,50#
36190,$JYJ,13331194646,20111101182627,116.220451,39.905830,428457421,147113413,0,108,1,1,50#
3750,$JYJ,13301156242,20111101183006,116.229950,39.906307,428492399,147115142,17,266,1,1,50#
65647,$JYJ,13301214511,20111101183243,116.223114,39.902840,428467239,147102391,0,332,0,0,50#
7195,$JYJ,13311453327,20111101183019,116.227890,39.906235,428484790,147114878,28,268,1,1,50#
98800,$JYJ,13311480774,20111101183405,116.220749,39.905170,428458546,147110964,12,336,0,0,50#
60413,$JYJ,13311487182,20111101183230,116.229568,39.901817,428491000,147098589,12,2,0,0,50#
112612,$JYJ,13321164483,20111101183439,116.220734,39.902512,428458475,147101159,12,90,1,1,50#
54,$JYJ,13321199478,20111101182958,116.224670,39.902630,428472935,147101599,13,86,0,0,50#
438,$JYJ,13321199478,20111101183003,116.225082,39.902607,428474459,147101522,34,90,1,1,50#
102575,$JYJ,13331186140,20111101183411,116.228500,39.906303,428487078,147115112,13,262,1,1,50#
40589,$JYJ,13331194237,20111101183144,116.224152,39.902813,428471039,147102266,0,272,0,0,50#
13230,$JYJ,13370126477,20111101183029,116.229500,39.906014,428490745,147114051,0,196,0,0,50#
36400,$JYJ,13370126477,20111101183119,116.229469,39.905853,428490635,147113450,13,170,1,1,50#
61131,$JYJ,13301104069,20111101183728,116.229866,39.902996,428492097,147102922,0,356,0,0,50#
56629,$JYJ,13301127443,20111101183718,116.220787,39.904984,428458655,147110296,0,6,2,0,50#
22187,$JYJ,13301214047,20111101183553,116.220551,39.906158,428457781,147114611,0,266,0,0,50#
10819,$JYJ,13301254527,20111101183524,116.222885,39.902298,428466406,147100387,15,168,1,1,50#
31832,$JYJ,13311162445,20111101183621,116.222969,39.901001,428466689,147095602,28,170,0,0,50#
50827,$JYJ,13311162445,20111101183708,116.223084,39.900318,428467118,147093094,23,172,1,1,50#
36789,$JYJ,13311426298,20111101183629,116.227600,39.905968,428483745,147113894,10,124,1,1,50#
117016,$JYJ,13311489362,20111101183950,116.229584,39.902374,428491049,147100633,0,158,1,1,50#
90617,$JYJ,13311492078,20111101183841,116.221115,39.904221,428459887,147107463,19,94,0,0,50#
4743,$JYJ,13381102614,20111101183507,116.228134,39.902565,428485688,147101339,25,88,1,1,50#
89717,$JYJ,13311453351,20111101184343,116.229683,39.903584,428491426,147105108,21,190,1,1,50#
61089,$JYJ,13311489616,20111101184234,116.221542,39.906086,428461453,147114359,19,84,1,1,50#
104341,$JYJ,13311566442,20111101184419,116.222153,39.906284,428463673,147115078,12,352,1,1,50#
20146,$JYJ,13311431218,20111101184545,116.220314,39.906303,428456911,147115148,0,262,1,1,50#
119635,$JYJ,13321174609,20111101184954,116.220215,39.906300,428456569,147115137,0,270,1,1,50#
305,$JYJ,13331194934,20111101184502,116.227905,39.902660,428484849,147101697,13,270,1,1,50#
30341,$JYJ,13331194934,20111101184617,116.223084,39.900543,428467101,147093919,25,180,0,0,50#
75000,$JYJ,13370129512,20111101184803,116.220215,39.904900,428456576,147109993,2,348,1,1,50#
67487,$JYJ,13381100094,20111101184749,116.229279,39.902649,428489941,147101660,0,0,0,0,50#
37410,$JYJ,13301155451,20111101185131,116.220635,39.902721,428458117,147101957,10,342,0,0,50#
67880,$JYJ,13301214815,20111101185248,116.221581,39.904598,428461602,147108870,4,290,0,0,50#
106020,$JYJ,13301277593,20111101185421,116.222069,39.906185,428463391,147114705,0,88,0,0,50#
59484,$JYJ,13311403489,20111101185229,116.227882,39.904503,428484794,147108485,0,0,0,0,50#
60875,$JYJ,13311403489,20111101185233,116.227882,39.904503,428484798,147108498,0,0,0,0,50#
103321,$JYJ,13311403489,20111101185416,116.227882,39.904503,428484783,147108493,0,0,0,0,50#
112541,$JYJ,13321174623,20111101185439,116.223152,39.900127,428467350,147092378,0,358,1,1,50#
35340,$JYJ,13321174817,20111101185125,116.220299,39.904892,428456878,147109953,2,14,0,0,50#
69235,$JYJ,13331154934,20111101185251,116.222397,39.904427,428464572,147108226,6,220,0,0,50#
53082,$JYJ,13331156411,20111101185208,116.223137,39.900082,428467325,147092215,0,8,0,0,50#
75379,$JYJ,13331194934,20111101185309,116.229462,39.906117,428490599,147114421,8,108,1,1,50#
18394,$JYJ,13381100094,20111101185048,116.229622,39.900791,428491202,147094817,17,176,1,1,50#
81077,$JYJ,13381232460,20111101185321,116.229317,39.906120,428490079,147114460,10,124,1,1,50#
113802,$JYJ,13311191490,20111101185946,116.224136,39.902710,428471003,147101908,10,266,1,1,50#
74767,$JYJ,13331187089,20111101185808,116.229668,39.902630,428491345,147101565,36,176,0,0,50#
61318,$JYJ,13331194023,20111101185730,116.229332,39.906071,428490120,147114256,12,140,1,1,50#
35561,$JYJ,13301156041,20111101190126,116.220131,39.906277,428456265,147115051,15,260,1,1,50#
73195,$JYJ,13311403091,20111101190303,116.220764,39.906128,428458564,147114520,0,108,0,0,50#
36925,$JYJ,13311431301,20111101190131,116.220116,39.906071,428456176,147114307,0,80,1,1,50#
36175,$JYJ,13311489362,20111101190133,116.221169,39.904217,428460048,147107460,25,270,0,0,50#
69419,$JYJ,13321174826,20111101190252,116.223084,39.902851,428467122,147102411,0,338,0,0,50#
32893,$JYJ,13331194262,20111101190121,116.229416,39.905090,428490426,147110644,13,176,1,1,50#
58843,$JYJ,13321164516,20111101190725,116.220833,39.904648,428458831,147109035,0,24,0,0,50#
80542,$JYJ,13321164516,20111101190816,116.220749,39.904758,428458533,147109468,0,286,1,1,50#
14372,$JYJ,13321199541,20111101190535,116.220581,39.906250,428457891,147114971,17,260,1,1,50#
1765,$JYJ,13331194262,20111101190503,116.223053,39.900173,428467014,147092528,4,214,0,0,50#
58768,$JYJ,13301214042,20111101191225,116.221184,39.906261,428460109,147114995,0,294,1,1,50#
90771,$JYJ,13311403037,20111101191346,116.220635,39.906086,428458094,147114360,4,270,1,1,50#
43967,$JYJ,13311431301,20111101191150,116.229416,39.906933,428490411,147117443,0,178,1,1,50#
76214,$JYJ,13321164534,20111101191310,116.229835,39.900017,428491957,147091934,6,358,1,1,50#
22930,$JYJ,13331194119,20111101191103,116.229485,39.902355,428490662,147100580,21,144,0,0,50#
103453,$JYJ,13331194936,20111101191419,116.229485,39.903950,428490701,147106463,2,184,0,0,50#
21800,$JYJ,13301155475,20111101191552,116.229401,39.905407,428490381,147111827,10,162,1,1,50#
92657,$JYJ,13301155764,20111101191847,116.226234,39.902645,428478729,147101637,25,86,1,1,50#
6126,$JYJ,13311489393,20111101191518,116.220131,39.906269,428456233,147115029,0,286,0,0,50#
60109,$JYJ,13331194379,20111101191728,116.220551,39.906040,428457804,147114198,12,10,1,1,50#
61287,$JYJ,13301155475,20111101192232,116.228065,39.906193,428485463,147114730,23,82,1,1,50#
19193,$JYJ,13301208468,20111101192047,116.220848,39.906090,428458875,147114348,10,48,1,1,50#
54385,$JYJ,13311426028,20111101192214,116.220734,39.904022,428458478,147106745,0,328,0,0,50#
119022,$JYJ,13381232488,20111101192456,116.221550,39.902580,428461491,147101438,28,88,1,1,50#
89628,$JYJ,13301214087,20111101192840,116.222832,39.904278,428466179,147107691,2,358,1,1,50#
73888,$JYJ,13311403254,20111101192749,116.229103,39.906250,428489294,147114931,19,262,1,1,50#
64160,$JYJ,13321199408,20111101192737,116.228203,39.900169,428485942,147092529,6,28,0,0,50#
59852,$JYJ,13331154781,20111101192725,116.220413,39.905708,428457279,147112969,12,354,1,1,50#
87127,$JYJ,13301155764,20111101193337,116.220314,39.905506,428456928,147112199,4,326,0,0,50#
37195,$JYJ,13311480772,20111101193133,116.221252,39.904289,428460388,147107732,21,258,0,0,50#
22840,$JYJ,13331194617,20111101193057,116.229050,39.902657,428489058,147101690,15,88,1,1,50#
54252,$JYJ,13381066974,20111101193215,116.223267,39.904766,428467784,147109480,0,10,0,0,50#
36694,$JYJ,13381068784,20111101193124,116.229980,39.902901,428492511,147102582,26,354,1,1,50#
64903,$JYJ,13381102934,20111101193244,116.229408,39.905109,428490407,147110730,0,0,0,0,50#
82605,$JYJ,13381102934,20111101193328,116.229408,39.905109,428490420,147110737,0,0,0,0,50#
113061,$JYJ,13301204898,20111101193934,116.227547,39.906036,428483534,147114158,28,106,0,0,50#
3957,$JYJ,13311426238,20111101193506,116.220451,39.904545,428457443,147108679,23,342,1,1,50#
46955,$JYJ,13381102934,20111101193657,116.229408,39.905109,428490414,147110716,0,0,0,0,50#
23296,$JYJ,13301204898,20111101194057,116.229302,39.905987,428490020,147113971,4,186,1,1,50#
81820,$JYJ,13301204913,20111101194324,116.229515,39.906323,428490802,147115206,19,178,1,1,50#
54156,$JYJ,13311403098,20111101194212,116.224800,39.902576,428473426,147101391,12,86,1,1,50#
102606,$JYJ,13331156496,20111101194416,116.225449,39.902599,428475829,147101477,2,258,0,0,50#
49343,$JYJ,13301208435,20111101194700,116.229446,39.902466,428490524,147100970,23,180,1,1,50#
59621,$JYJ,13311489403,20111101194729,116.220215,39.906094,428456557,147114365,13,252,1,1,50#
106770,$JYJ,13321164527,20111101194924,116.223282,39.900104,428467842,147092294,15,172,0,0,50#
27227,$JYJ,13311431462,20111101195105,116.220154,39.906406,428456349,147115519,4,278,0,0,50#
26727,$JYJ,13311492126,20111101195105,116.223183,39.900551,428467488,147093925,8,182,0,0,50#
34282,$JYJ,13381063142,20111101195125,116.220566,39.905838,428457870,147113423,0,10,1,1,50#
54025,$JYJ,13301128402,20111101195750,116.220154,39.906105,428456319,147114437,13,302,1,1,50#
82447,$JYJ,13301204827,20111101195905,116.221039,39.900066,428459578,147092154,6,280,0,0,50#
32879,$JYJ,13311495228,20111101195623,116.220802,39.904610,428458715,147108894,0,52,0,0,50#
48595,$JYJ,13311495228,20111101195740,116.220802,39.905968,428458725,147113920,17,80,1,1,50#
36823,$JYJ,13311495284,20111101195644,116.222733,39.906029,428465848,147114121,13,230,0,0,50#
44754,$JYJ,13321190014,20111101195716,116.222786,39.900913,428466004,147095257,0,224,0,0,50#
40203,$JYJ,13301104126,20111101200140,116.220283,39.906067,428456803,147114288,13,258,1,1,50#
62706,$JYJ,13311578047,20111101200236,116.220314,39.906239,428456932,147114919,0,86,0,0,50#
112898,$JYJ,13311578047,20111101200446,116.220665,39.906231,428458199,147114883,26,90,1,1,50#
52986,$JYJ,13311022284,20111101200712,116.229820,39.905155,428491924,147110890,32,0,1,1,50#
58726,$JYJ,13311022734,20111101200729,116.222687,39.903896,428465666,147106257,13,170,1,1,50#
102174,$JYJ,13311431338,20111101200915,116.220581,39.906124,428457929,147114478,6,146,1,1,50#
33993,$JYJ,13311486527,20111101200611,116.220001,39.902233,428455784,147100154,10,194,0,0,50#
98681,$JYJ,13311490941,20111101200908,116.220619,39.906189,428458067,147114745,12,84,1,1,50#
99562,$JYJ,13331154749,20111101200911,116.228470,39.906330,428486927,147115227,19,268,1,1,50#
13751,$JYJ,13311403354,20111101201033,116.220299,39.906113,428456849,147114445,15,252,1,1,50#
36346,$JYJ,13311426141,20111101201130,116.222832,39.902290,428466179,147100355,10,164,1,1,50#
537,$JYJ,13311453208,20111101200950,116.229767,39.903168,428491709,147103552,13,178,0,0,50#
3777,$JYJ,13321164570,20111101201011,116.220795,39.904743,428458710,147109388,28,2,0,0,50#
93133,$JYJ,13321183460,20111101201353,116.220764,39.905872,428458582,147113568,0,2,1,1,50#
43800,$JYJ,13331154839,20111101201148,116.220932,39.905571,428459204,147112437,0,74,1,1,50#
102916,$JYJ,13331194363,20111101201414,116.227982,39.906128,428485162,147114490,4,62,1,1,50#
104425,$JYJ,13301214216,20111101201917,116.220833,39.905529,428458835,147112297,4,282,1,1,50#
85180,$JYJ,13311495397,20111101201830,116.229248,39.906345,428489791,147115280,0,266,1,1,50#
102460,$JYJ,13311566143,20111101201913,116.221550,39.902828,428461477,147102340,13,86,0,0,50#
97618,$JYJ,13311453208,20111101202403,116.229584,39.902389,428491038,147100689,2,226,1,1,50#
84359,$JYJ,13311453270,20111101202329,116.220718,39.906410,428458425,147115547,13,274,0,0,50#
21724,$JYJ,13321164553,20111101202054,116.221069,39.906860,428459717,147117216,58,178,0,0,50#
67381,$JYJ,13301174931,20111101202748,116.223930,39.902603,428470229,147101483,8,70,1,1,50#
68971,$JYJ,13301214170,20111101202751,116.223625,39.902718,428469109,147101939,15,274,1,1,50#
69334,$JYJ,13321174730,20111101202753,116.220863,39.906231,428458959,147114872,0,0,0,0,50#
71171,$JYJ,13321174730,20111101202757,116.220863,39.906231,428458952,147114870,0,0,0,0,50#
97894,$JYJ,13321174730,20111101202903,116.220863,39.906231,428458929,147114896,0,0,0,0,50#
110143,$JYJ,13321174730,20111101202932,116.220505,39.906177,428457639,147114688,0,0,0,0,50#
111453,$JYJ,13321174730,20111101202936,116.220505,39.906177,428457638,147114692,0,0,0,0,50#
64285,$JYJ,13331154839,20111101202741,116.229881,39.900093,428492117,147092232,15,352,1,1,50#
11453,$JYJ,13331194055,20111101202530,116.229469,39.902344,428490615,147100538,26,160,1,1,50#
72079,$JYJ,13311211584,20111101203303,116.220802,39.904823,428458738,147109687,4,28,1,1,50#
55923,$JYJ,13311426196,20111101203216,116.229553,39.905659,428490938,147112738,0,180,1,1,50#
41876,$JYJ,13311495335,20111101203142,116.220734,39.905971,428458486,147113916,8,344,1,1,50#
85483,$JYJ,13321164469,20111101203332,116.220230,39.905743,428456621,147113072,0,14,1,1,50#
85378,$JYJ,13321164486,20111101203333,116.229698,39.902752,428491469,147102016,0,172,0,0,50#
94245,$JYJ,13321174730,20111101203356,116.220505,39.906177,428457635,147114689,0,0,0,0,50#
100870,$JYJ,13321174730,20111101203414,116.220367,39.906258,428457131,147114993,0,0,0,0,50#
102660,$JYJ,13321174730,20111101203418,116.220367,39.906258,428457127,147114971,0,0,0,0,50#
118572,$JYJ,13381083496,20111101203458,116.227325,39.902641,428482751,147101625,0,0,0,0,50#
92460,$JYJ,13301214769,20111101203847,116.222954,39.904156,428466659,147107223,36,350,1,1,50#
95492,$JYJ,13321164382,20111101203858,116.220718,39.905796,428458428,147113288,0,182,1,1,50#
62900,$JYJ,13331184986,20111101203736,116.220772,39.904243,428458612,147107544,19,4,0,0,50#
28779,$JYJ,13331194144,20111101203615,116.228104,39.902485,428485601,147101037,15,94,1,1,50#
71422,$JYJ,13370129364,20111101203754,116.220047,39.906242,428455929,147114943,17,88,1,1,50#
66386,$JYJ,13381083496,20111101203745,116.227913,39.902576,428484899,147101374,0,0,1,1,50#
97166,$JYJ,13301155024,20111101204419,116.220596,39.906177,428457969,147114694,10,82,1,1,50#
85804,$JYJ,13301156460,20111101204348,116.220116,39.906193,428456197,147114748,17,256,1,1,50#
78363,$JYJ,13301214133,20111101204333,116.222549,39.904236,428465160,147107527,10,168,1,1,50#
92480,$JYJ,13301214251,20111101204405,116.220596,39.905033,428457973,147110480,0,244,1,1,50#
71735,$JYJ,13301254261,20111101204311,116.229584,39.902821,428491057,147102274,0,178,0,0,50#
27228,$JYJ,13301254262,20111101204126,116.229614,39.902313,428491161,147100398,19,178,1,1,50#
33907,$JYJ,13321174730,20111101204142,116.220367,39.906258,428457130,147114997,0,0,0,0,50#
50727,$JYJ,13321174730,20111101204222,116.220367,39.906258,428457128,147114995,0,0,0,0,50#
52265,$JYJ,13321174730,20111101204226,116.220367,39.906258,428457103,147114976,0,0,0,0,50#
90762,$JYJ,13321174730,20111101204403,116.220367,39.906258,428457105,147114984,0,0,0,0,50#
97492,$JYJ,13311023404,20111101204902,116.221085,39.902763,428459765,147102115,19,86,1,1,50#
62847,$JYJ,13311403549,20111101204741,116.222816,39.902523,428466135,147101210,0,148,1,1,50#
21355,$JYJ,13321174730,20111101204556,116.220367,39.906258,428457100,147115001,0,0,0,0,50#
25214,$JYJ,13321174730,20111101204606,116.220367,39.906258,428457127,147114969,0,0,1,1,50#
69031,$JYJ,13321174978,20111101204752,116.220230,39.904320,428456628,147107855,17,120,1,1,50#
15341,$JYJ,13311431171,20111101205034,116.220947,39.903992,428459240,147106624,0,42,0,0,50#
113844,$JYJ,13331093409,20111101205450,116.220467,39.906200,428457491,147114759,10,18,1,1,50#
72454,$JYJ,13331194643,20111101205306,116.220390,39.906284,428457188,147115084,0,0,0,0,50#
73832,$JYJ,13331194643,20111101205310,116.220390,39.906284,428457220,147115092,0,0,0,0,50#
92224,$JYJ,13331194643,20111101205354,116.220390,39.906284,428457224,147115099,0,0,0,0,50#
47423,$JYJ,13311431171,20111101205700,116.220497,39.905403,428457593,147111847,8,176,1,1,50#
46076,$JYJ,13311566142,20111101205657,116.221764,39.904148,428462277,147107217,36,272,0,0,50#
84013,$JYJ,13311566142,20111101205830,116.220398,39.904984,428457221,147110297,10,348,1,1,50#
5657,$JYJ,13331194643,20111101205517,116.220306,39.906269,428456897,147115015,0,0,0,0,50#
7487,$JYJ,13331194643,20111101205521,116.220306,39.906269,428456918,147115036,0,0,0,0,50#
28632,$JYJ,13331194643,20111101205617,116.220306,39.906269,428456909,147115028,0,0,0,0,50#
48781,$JYJ,13331194643,20111101205707,116.220230,39.906284,428456637,147115082,0,0,0,0,50#
50306,$JYJ,13331194643,20111101205711,116.220230,39.906284,428456638,147115077,0,0,0,0,50#
114926,$JYJ,13331194643,20111101205949,116.220230,39.906284,428456632,147115090,0,0,0,0,50#
67111,$JYJ,13311431263,20111101210245,116.223099,39.902862,428467168,147102442,25,346,1,1,50#
36601,$JYJ,13311431519,20111101210130,116.220680,39.906349,428458254,147115322,0,284,0,0,50#
39506,$JYJ,13301214163,20111101210641,116.221878,39.902588,428462694,147101457,21,90,1,1,50#
89968,$JYJ,13301214511,20111101210843,116.223030,39.900444,428466925,147093547,0,178,0,0,50#
113488,$JYJ,13301214511,20111101210942,116.223068,39.900368,428467073,147093276,15,170,1,1,50#
20191,$JYJ,13311426489,20111101210534,116.229385,39.905636,428490336,147112678,0,176,1,1,50#
66955,$JYJ,13311486204,20111101210743,116.220032,39.906250,428455867,147114971,25,274,1,1,50#
1444,$JYJ,13311489694,20111101210504,116.220619,39.906300,428458044,147115135,0,250,0,0,50#
113699,$JYJ,13311489694,20111101210942,116.220230,39.906254,428456601,147114985,8,250,1,1,50#
50150,$JYJ,13321164875,20111101210708,116.229782,39.902226,428491779,147100073,19,344,1,1,50#
69872,$JYJ,13381069724,20111101210751,116.223381,39.902626,428468211,147101584,13,84,1,1,50#
58628,$JYJ,13301214511,20111101211222,116.227318,39.906158,428482716,147114599,60,90,0,0,50#
67967,$JYJ,13311403193,20111101211251,116.223663,39.902569,428469242,147101359,19,88,1,1,50#
49889,$JYJ,13311487267,20111101211206,116.221184,39.906242,428460135,147114935,21,76,1,1,50#
90901,$JYJ,13311492316,20111101211347,116.220497,39.906258,428457619,147115000,0,276,1,1,50#
34958,$JYJ,13321164809,20111101211125,116.229347,39.906265,428490171,147114991,13,264,1,1,50#
44897,$JYJ,13311300834,20111101211648,116.221199,39.906315,428460172,147115196,6,272,1,1,50#
83846,$JYJ,13311453421,20111101211822,116.220581,39.905422,428457911,147111920,10,4,1,1,50#
98476,$JYJ,13311489555,20111101211900,116.223335,39.900379,428468064,147093291,0,358,0,0,50#
37517,$JYJ,13311489615,20111101211630,116.220482,39.906422,428457539,147115592,0,354,0,0,50#
62545,$JYJ,13311489615,20111101211731,116.220482,39.906292,428457551,147115117,10,190,1,1,50#
82941,$JYJ,13381100734,20111101211823,116.229195,39.906117,428489612,147114428,0,0,1,1,50#
84389,$JYJ,13311426425,20111101212320,116.221435,39.906052,428461043,147114226,0,90,1,1,50#
7919,$JYJ,13311470363,20111101212015,116.223434,39.902611,428468418,147101540,2,86,1,1,50#
96120,$JYJ,13381068954,20111101212355,116.225693,39.901768,428476720,147098413,0,0,0,0,50#
63446,$JYJ,13311426489,20111101212734,116.229896,39.901863,428492189,147098738,8,356,1,1,50#
72208,$JYJ,13311487267,20111101212800,116.221214,39.906143,428460246,147114567,25,90,1,1,50#
46173,$JYJ,13311488130,20111101212649,116.229820,39.901089,428491919,147095904,26,192,0,0,50#
13188,$JYJ,13321199494,20111101212530,116.220253,39.906265,428456693,147115002,0,270,1,1,50#
33466,$JYJ,13331111468,20111101212625,116.229019,39.906147,428488963,147114554,17,88,2,0,50#
50976,$JYJ,13331154839,20111101212704,116.220497,39.906250,428457590,147114969,0,80,1,1,50#
99253,$JYJ,13381101864,20111101212905,116.220421,39.906265,428457338,147115010,0,118,0,0,50#
14111,$JYJ,13311403540,20111101213035,116.229835,39.901024,428491977,147095675,19,2,0,0,50#
42983,$JYJ,13311403643,20111101213145,116.220230,39.906250,428456621,147114941,4,276,1,1,50#
27332,$JYJ,13311431012,20111101213111,116.220703,39.905376,428458361,147111740,12,172,0,0,50#
95541,$JYJ,13311431263,20111101213351,116.220268,39.906006,428456751,147114071,15,84,1,1,50#
94470,$JYJ,13311453295,20111101213348,116.220032,39.906162,428455893,147114650,0,102,1,1,50#
57754,$JYJ,13311470401,20111101213222,116.220215,39.906223,428456548,147114868,6,266,1,1,50#
44397,$JYJ,13331063412,20111101213146,116.229797,39.901222,428491836,147096377,12,356,0,0,50#
9792,$JYJ,13381101864,20111101213026,116.220459,39.906261,428457478,147115013,4,262,1,1,50#
92339,$JYJ,13311426489,20111101213849,116.229446,39.905647,428490528,147112706,0,178,1,1,50#
87904,$JYJ,13321164430,20111101213838,116.222580,39.902470,428465263,147101017,19,120,1,1,50#
94547,$JYJ,13331037134,20111101213855,116.220398,39.906105,428457242,147114425,10,102,1,1,50#
92521,$JYJ,13321183460,20111101214845,116.220596,39.905102,428457973,147110731,6,338,0,0,50#
52168,$JYJ,13321199842,20111101214706,116.224853,39.902592,428473627,147101465,13,90,1,1,50#
30006,$JYJ,13331154758,20111101214612,116.227951,39.902340,428485028,147100505,23,94,1,1,50#
93694,$JYJ,13301204841,20111101215356,116.222733,39.903343,428465810,147104242,12,178,1,1,50#
91703,$JYJ,13301214850,20111101215346,116.223251,39.902557,428467750,147101317,32,90,1,1,50#
35556,$JYJ,13311431198,20111101215128,116.220184,39.906139,428456448,147114565,21,270,1,1,50#
103434,$JYJ,13311470338,20111101215419,116.220596,39.906090,428457974,147114351,0,0,1,1,50#
37916,$JYJ,13301104080,20111101215633,116.229599,39.903297,428491098,147104025,28,178,0,0,50#
97480,$JYJ,13301204817,20111101215903,116.227898,39.902702,428484849,147101840,0,280,0,0,50#
44857,$JYJ,13301204987,20111101215652,116.220535,39.906300,428457745,147115131,0,264,1,1,50#
74617,$JYJ,13311470363,20111101215806,116.228104,39.902557,428485576,147101330,4,102,1,1,50#
53279,$JYJ,13311488249,20111101215716,116.229950,39.902473,428492407,147101011,8,8,1,1,50#
112956,$JYJ,13311403150,20111101220438,116.220184,39.906273,428456433,147115052,21,270,1,1,50#
116833,$JYJ,13311426489,20111101220446,116.229568,39.905651,428490995,147112720,0,164,1,1,50#
25896,$JYJ,13311431263,20111101220106,116.220451,39.906155,428457426,147114594,21,88,1,1,50#
87509,$JYJ,13311492300,20111101220337,116.220581,39.906120,428457913,147114464,10,86,1,1,50#
85545,$JYJ,13311566514,20111101220329,116.220337,39.906273,428457028,147115055,6,258,1,1,50#
59503,$JYJ,13321164574,20111101220228,116.220520,39.904327,428457681,147107867,17,0,0,0,50#
107066,$JYJ,13321164575,20111101220424,116.221001,39.904911,428459450,147110033,12,10,1,1,50#
6309,$JYJ,13301204817,20111101220515,116.227982,39.905884,428485142,147113591,0,168,1,1,50#
19622,$JYJ,13311470314,20111101220546,116.227799,39.902741,428484462,147101983,0,286,1,1,50#
24368,$JYJ,13301127433,20111101221604,116.220650,39.905495,428458181,147112157,0,178,0,0,50#
47390,$JYJ,13301127433,20111101221657,116.220635,39.905476,428458101,147112093,15,174,1,1,50#
18653,$JYJ,13301214514,20111101221547,116.220749,39.905193,428458536,147111070,21,2,0,0,50#
43966,$JYJ,13301214514,20111101221647,116.220680,39.905296,428458292,147111453,8,6,1,1,50#
93505,$JYJ,13311022094,20111101221848,116.223267,39.900711,428467786,147094522,0,0,0,0,50#
84438,$JYJ,13311426489,20111101221827,116.229370,39.905563,428490261,147112412,0,220,1,1,50#
102092,$JYJ,13311453412,20111101221909,116.228668,39.900070,428487668,147092154,0,112,0,0,50#
10851,$JYJ,13311480654,20111101221530,116.229851,39.902092,428492022,147099602,0,6,1,1,50#
107911,$JYJ,13311431428,20111101222425,116.228035,39.901371,428485340,147096935,0,4,0,0,50#
8966,$JYJ,13311495361,20111101221958,116.229034,39.902554,428489020,147101291,0,102,1,1,50#
12788,$JYJ,13301157134,20111101222531,116.224731,39.902535,428473184,147101231,0,96,0,0,50#
39661,$JYJ,13301254076,20111101222642,116.220085,39.906231,428456072,147114898,17,262,1,1,50#
114525,$JYJ,13311403643,20111101222943,116.220253,39.906303,428456693,147115138,0,262,1,1,50#
99427,$JYJ,13311453486,20111101222902,116.229782,39.902794,428491791,147102169,0,342,1,1,50#
54414,$JYJ,13321174728,20111101222717,116.220322,39.906212,428456967,147114803,0,0,0,0,50#
56114,$JYJ,13321174728,20111101222721,116.220322,39.906212,428456958,147114803,0,0,0,0,50#
113991,$JYJ,13321174728,20111101222947,116.220322,39.906212,428456956,147114801,0,0,0,0,50#
15459,$JYJ,13331154772,20111101222539,116.229782,39.902721,428491793,147101904,0,174,0,0,50#
66816,$JYJ,13311022094,20111101223246,116.220352,39.905998,428457086,147114037,0,140,1,1,50#
112688,$JYJ,13321164409,20111101223443,116.229881,39.902546,428492158,147101283,10,108,0,0,50#
2093,$JYJ,13321174728,20111101223007,116.220322,39.906212,428456964,147114800,0,0,0,0,50#
3850,$JYJ,13321174728,20111101223011,116.220322,39.906212,428456940,147114829,0,0,0,0,50#
104871,$JYJ,13321174728,20111101223423,116.220322,39.906212,428456947,147114824,0,0,0,0,50#
103662,$JYJ,13381089454,20111101223418,116.221069,39.905777,428459704,147113225,0,208,0,0,50#
3959,$JYJ,13301214700,20111101223512,116.229431,39.905918,428490478,147113711,4,156,1,1,50#
77734,$JYJ,13311486413,20111101223813,116.229515,39.905746,428490801,147113082,26,180,1,1,50#
37654,$JYJ,13321174609,20111101223635,116.220001,39.906223,428455776,147114860,25,264,1,1,50#
41453,$JYJ,13321174728,20111101223647,116.220322,39.906212,428456957,147114817,0,0,0,0,50#
42808,$JYJ,13321174728,20111101223651,116.220322,39.906212,428456965,147114806,0,0,0,0,50#
87726,$JYJ,13321174728,20111101223842,116.220322,39.906212,428456952,147114828,0,0,0,0,50#
81996,$JYJ,13321164409,20111101224316,116.220718,39.905850,428458412,147113494,0,264,1,1,50#
14778,$JYJ,13321199494,20111101224036,116.229530,39.905590,428490869,147112509,10,182,1,1,50#
100530,$JYJ,13301214856,20111101224904,116.220734,39.904469,428458489,147108389,0,262,0,0,50#
35114,$JYJ,13301214199,20111101225126,116.227913,39.905117,428484903,147110758,21,0,0,0,50#
53975,$JYJ,13331185946,20111101225212,116.221581,39.904343,428461580,147107934,0,254,0,0,50#
108938,$JYJ,13301204987,20111101225937,116.220016,39.906593,428455832,147116218,13,224,1,1,50#
111958,$JYJ,13301214700,20111101225934,116.229584,39.902649,428491043,147101635,30,180,0,0,50#
9340,$JYJ,13311453404,20111101225525,116.222214,39.901878,428463913,147098827,0,0,0,0,50#
76096,$JYJ,13311453404,20111101225815,116.223328,39.901138,428467992,147096111,12,350,1,1,50#
1066,$JYJ,13311486598,20111101225505,116.223114,39.900589,428467222,147094083,28,358,0,0,50#
100403,$JYJ,13311489398,20111101230410,116.229919,39.901554,428492277,147097622,19,12,0,0,50#
69350,$JYJ,13311162445,20111101230755,116.224670,39.902580,428472956,147101412,25,90,1,1,50#
107111,$JYJ,13311453327,20111101230929,116.220047,39.906128,428455927,147114504,23,88,1,1,50#
74919,$JYJ,13311490935,20111101230810,116.227799,39.905380,428484488,147111716,10,18,1,1,50#
102285,$JYJ,13311426372,20111101231411,116.224503,39.902698,428472356,147101837,0,78,0,0,50#
44874,$JYJ,13311403506,20111101231655,116.227837,39.902710,428484602,147101887,0,38,0,0,50#
6721,$JYJ,13311426372,20111101231514,116.224518,39.902702,428472378,147101878,0,78,1,1,50#
117829,$JYJ,13311470401,20111101231958,116.220444,39.906269,428457415,147115027,0,0,0,0,50#
110138,$JYJ,13311566514,20111101231940,116.227913,39.904381,428484900,147108036,39,178,1,1,50#
101449,$JYJ,13311453486,20111101232412,116.220650,39.905010,428458152,147110380,0,356,1,1,50#
18,$JYJ,13311470401,20111101232002,116.220444,39.906269,428457422,147115017,0,0,0,0,50#
64096,$JYJ,13381066904,20111101232243,116.221046,39.909962,428459643,147128623,0,2,0,0,50#
85783,$JYJ,13381083494,20111101232338,116.229469,39.905731,428490641,147113006,4,178,1,1,50#
84337,$JYJ,13301214712,20111101232835,116.220482,39.906567,428457530,147116118,13,60,1,1,50#
1692,$JYJ,13301254215,20111101232503,116.228050,39.900459,428485384,147093567,0,8,2,0,50#
64647,$JYJ,13311403515,20111101232741,116.223717,39.902714,428469466,147101916,13,268,1,1,50#
13093,$JYJ,13311453471,20111101232533,116.226303,39.902767,428478962,147102107,2,280,0,0,50#
21092,$JYJ,13311470401,20111101232544,116.220444,39.906269,428457408,147115035,0,0,0,0,50#
22597,$JYJ,13311470401,20111101232556,116.220383,39.906315,428457175,147115202,0,0,0,0,50#
23161,$JYJ,13311470401,20111101232600,116.220383,39.906315,428457173,147115209,0,0,0,0,50#
72479,$JYJ,13311470401,20111101232805,116.220383,39.906315,428457160,147115196,0,0,0,0,50#
78279,$JYJ,13311470401,20111101232820,116.220276,39.906353,428456800,147115345,0,0,0,0,50#
79999,$JYJ,13311470401,20111101232824,116.220276,39.906353,428456793,147115335,0,0,0,0,50#
93498,$JYJ,13321174716,20111101232852,116.225433,39.902847,428475774,147102395,17,276,0,0,50#
3101,$JYJ,13321174716,20111101233003,116.223900,39.902756,428470118,147102049,2,236,1,1,50#
29962,$JYJ,13311470401,20111101233617,116.220276,39.906353,428456765,147115339,0,0,0,0,50#
33238,$JYJ,13311470401,20111101233629,116.220276,39.906311,428456790,147115167,0,0,0,0,50#
35378,$JYJ,13311470401,20111101233634,116.220276,39.906311,428456785,147115193,0,0,0,0,50#
1453,$JYJ,13311470401,20111101234002,116.220276,39.906311,428456797,147115177,0,0,0,0,50#
3501,$JYJ,13311470401,20111101234011,116.220276,39.906311,428456795,147115178,0,0,1,1,50#
3575,$JYJ,13311403320,20111101234507,116.229797,39.901363,428491833,147096928,0,356,0,0,50#
80355,$JYJ,13321164902,20111101234831,116.228287,39.906105,428486284,147114407,21,82,1,1,50#
91435,$JYJ,13321190144,20111101234856,116.225685,39.902607,428476686,147101502,28,88,0,0,50#
82735,$JYJ,13321199704,20111101235331,116.229767,39.900543,428491726,147093891,41,356,0,0,50#
9564,$JYJ,13321183461,20111101235527,116.226181,39.902599,428478502,147101492,21,86,1,1,50#
