26218,$JYJ,13301156455,20111101002612,116.257446,39.866985,428593675,146970165,71,238,1,1,50#
35967,$JYJ,13311489591,20111101004643,116.254883,39.861176,428584205,146948725,0,234,0,0,50#
84361,$JYJ,13331194964,20111101011418,116.255165,39.861252,428585278,146949028,41,54,1,1,50#
56645,$JYJ,13311486481,20111101012259,116.259102,39.860077,428599787,146944690,15,348,1,1,50#
29870,$JYJ,13311488116,20111101014635,116.251015,39.866531,428569973,146968484,0,190,0,0,50#
13130,$JYJ,13311488137,20111101021043,116.253700,39.862457,428579857,146953459,4,340,0,0,50#
65662,$JYJ,13331154958,20111101034907,116.255035,39.861587,428584782,146950235,2,354,0,0,50#
17787,$JYJ,13331194153,20111101044103,116.258568,39.865170,428597812,146963472,0,48,0,0,50#
36855,$JYJ,13331194399,20111101051710,116.251083,39.868271,428570220,146974890,2,6,0,0,50#
4179,$JYJ,13331154890,20111101052511,116.258232,39.862774,428596585,146954635,10,50,1,1,50#
59476,$JYJ,13331093460,20111101053319,116.254402,39.861355,428582439,146949375,8,152,1,1,50#
41784,$JYJ,13301184123,20111101060209,116.255333,39.860378,428585903,146945804,2,332,0,0,50#
60755,$JYJ,13331187138,20111101061801,116.258614,39.865479,428597975,146964582,26,356,1,1,50#
22608,$JYJ,13381093024,20111101062102,116.254936,39.861072,428584421,146948366,12,42,1,1,50#
35901,$JYJ,13311480716,20111101063642,116.258514,39.864162,428597614,146959758,25,2,1,1,50#
53437,$JYJ,13381102954,20111101063737,116.259773,39.863468,428602278,146957197,23,54,1,1,50#
91540,$JYJ,13331194185,20111101064423,116.258850,39.863007,428598849,146955469,4,50,1,1,50#
21309,$JYJ,13331194177,20111101070057,116.258835,39.860695,428598806,146946975,21,356,1,1,50#
17074,$JYJ,13321164377,20111101070547,116.256149,39.860695,428588890,146946952,0,240,1,1,50#
72143,$JYJ,13321164418,20111101071322,116.254715,39.861061,428583604,146948312,15,66,1,1,50#
53239,$JYJ,13311431302,20111101072234,116.254715,39.861126,428583612,146948551,8,64,1,1,50#
30206,$JYJ,13311453224,20111101072129,116.259102,39.863152,428599776,146956014,17,56,1,1,50#
1799,$JYJ,13311480656,20111101072005,116.254761,39.860947,428583760,146947883,10,48,1,1,50#
77275,$JYJ,13311403293,20111101072841,116.255081,39.861282,428584939,146949127,4,58,1,1,50#
82887,$JYJ,13311487258,20111101072901,116.259567,39.863373,428601485,146956846,12,48,1,1,50#
25433,$JYJ,13311492218,20111101072613,116.258247,39.864727,428596652,146961824,2,120,1,1,50#
554,$JYJ,13311403296,20111101073002,116.254936,39.861080,428584427,146948366,13,56,1,1,50#
95324,$JYJ,13301174996,20111101075429,116.255234,39.861130,428585515,146948546,28,56,1,1,50#
103914,$JYJ,13301272108,20111101075457,116.259064,39.864613,428599625,146961421,15,100,1,1,50#
55536,$JYJ,13311487134,20111101075741,116.255386,39.861408,428586100,146949605,4,252,0,0,50#
65384,$JYJ,13311487134,20111101075809,116.255302,39.861294,428585757,146949166,19,58,1,1,50#
15985,$JYJ,13301104036,20111101080544,116.259582,39.863346,428601547,146956728,21,54,1,1,50#
78698,$JYJ,13331194387,20111101080924,116.254318,39.860733,428582127,146947092,0,46,0,0,50#
79698,$JYJ,13331194387,20111101080932,116.254364,39.860763,428582302,146947196,13,56,1,1,50#
5398,$JYJ,13311470371,20111101081015,116.258484,39.864452,428597515,146960831,8,356,0,0,50#
36749,$JYJ,13311470371,20111101081200,116.258530,39.863266,428597673,146956444,12,348,1,1,50#
70193,$JYJ,13301204945,20111101081923,116.254417,39.860855,428582505,146947563,0,0,1,1,50#
21496,$JYJ,13331184803,20111101082111,116.254448,39.860859,428582644,146947556,2,60,1,1,50#
21300,$JYJ,13331194953,20111101082111,116.254501,39.860859,428582808,146947578,0,76,1,1,50#
69228,$JYJ,13381083423,20111101082406,116.257126,39.866608,428592511,146968746,6,58,1,1,50#
10455,$JYJ,13311431100,20111101082532,116.254532,39.860912,428582922,146947749,0,46,1,1,50#
11397,$JYJ,13321164800,20111101082533,116.254616,39.860954,428583249,146947926,8,54,1,1,50#
18533,$JYJ,13301208426,20111101084618,116.258553,39.861675,428597760,146950560,19,168,0,0,50#
17492,$JYJ,13311486282,20111101084606,116.254730,39.861042,428583646,146948254,0,64,1,1,50#
51639,$JYJ,13331194119,20111101084819,116.254463,39.860752,428582665,146947173,0,32,1,1,50#
35635,$JYJ,13381101114,20111101084721,116.254631,39.860981,428583315,146948018,8,56,1,1,50#
44785,$JYJ,13331194697,20111101085724,116.254967,39.861092,428584535,146948428,15,54,1,1,50#
33067,$JYJ,13381096884,20111101085650,116.251915,39.867355,428573302,146971504,0,270,0,0,50#
54090,$JYJ,13331154900,20111101091245,116.258415,39.865547,428597259,146964848,2,6,1,1,50#
57957,$JYJ,13331194679,20111101091255,116.255035,39.861191,428584769,146948793,17,58,1,1,50#
1932,$JYJ,13301214871,20111101093007,116.258492,39.867680,428597513,146972712,0,124,0,0,50#
58190,$JYJ,13301214871,20111101093303,116.258431,39.867653,428597294,146972608,0,200,0,0,50#
13479,$JYJ,13331194987,20111101093040,116.258369,39.865719,428597068,146965497,19,188,0,0,50#
42402,$JYJ,13301156854,20111101093723,116.258820,39.861496,428598745,146949919,0,74,0,0,50#
44118,$JYJ,13331194740,20111101093728,116.254768,39.861065,428583823,146948309,10,46,1,1,50#
23681,$JYJ,13301208448,20111101095108,116.255981,39.861691,428588275,146950629,4,44,1,1,50#
46353,$JYJ,13331159409,20111101095218,116.257301,39.866447,428593144,146968156,0,94,0,0,50#
37606,$JYJ,13311431042,20111101101225,116.259064,39.860134,428599644,146944897,10,342,1,1,50#
18558,$JYJ,13321164440,20111101101105,116.254402,39.860809,428582452,146947391,13,56,1,1,50#
5174,$JYJ,13311431420,20111101101512,116.259918,39.863525,428602776,146957392,23,56,1,1,50#
3314,$JYJ,13311431469,20111101102006,116.259399,39.863296,428600871,146956540,15,56,0,0,50#
70930,$JYJ,13311567142,20111101102344,116.255066,39.861168,428584896,146948695,17,52,1,1,50#
17238,$JYJ,13311487139,20111101102556,116.259651,39.868061,428601804,146974131,71,236,0,0,50#
25861,$JYJ,13331194341,20111101102618,116.254501,39.860992,428582804,146948052,0,188,0,0,50#
95562,$JYJ,13331194341,20111101102952,116.259804,39.863464,428602372,146957189,12,56,1,1,50#
17386,$JYJ,13301251411,20111101103059,116.258400,39.866425,428597202,146968093,47,184,1,1,50#
26448,$JYJ,13311162418,20111101103124,116.258797,39.860657,428598666,146946806,0,154,0,0,50#
68345,$JYJ,13311162418,20111101103336,116.258530,39.863583,428597679,146957604,36,352,1,1,50#
61099,$JYJ,13311486392,20111101104307,116.254982,39.861176,428584604,146948732,23,54,1,1,50#
86400,$JYJ,13311495191,20111101104430,116.251015,39.866413,428569968,146968034,2,182,0,0,50#
23473,$JYJ,13331194301,20111101104109,116.258598,39.861549,428597902,146950129,0,172,0,0,50#
27927,$JYJ,13311487299,20111101104627,116.254768,39.861065,428583824,146948338,26,56,1,1,50#
81085,$JYJ,13301164164,20111101110408,116.254517,39.866142,428582856,146967031,0,276,0,0,50#
87220,$JYJ,13321183438,20111101110431,116.258636,39.861652,428598049,146950503,2,134,1,1,50#
41056,$JYJ,13311403293,20111101110716,116.258636,39.861294,428598072,146949178,8,166,1,1,50#
59060,$JYJ,13301125440,20111101111306,116.255218,39.861286,428585446,146949151,0,234,0,0,50#
4600,$JYJ,13321183438,20111101111014,116.250030,39.866341,428566350,146967786,6,258,0,0,50#
57584,$JYJ,13311403307,20111101112750,116.254952,39.861145,428584460,146948624,17,54,1,1,50#
2610,$JYJ,13321191541,20111101112507,116.258583,39.863239,428597890,146956332,6,356,1,1,50#
51509,$JYJ,13301214619,20111101113727,116.253899,39.869743,428580606,146980300,2,226,0,0,50#
1768,$JYJ,13321180409,20111101113500,116.258965,39.863060,428599256,146955674,28,58,0,0,50#
62615,$JYJ,13331111461,20111101114311,116.253502,39.860374,428579157,146945782,0,214,0,0,50#
3975,$JYJ,13311403056,20111101115006,116.258202,39.866116,428596474,146966958,0,118,0,0,50#
30188,$JYJ,13301214498,20111101115621,116.253418,39.862946,428578827,146955240,13,142,0,0,50#
15407,$JYJ,13311470446,20111101115538,116.255569,39.860756,428586777,146947200,0,56,0,0,50#
31710,$JYJ,13311488249,20111101120139,116.252823,39.862770,428576643,146954602,2,232,0,0,50#
25972,$JYJ,13331194641,20111101122654,116.258583,39.866917,428597876,146969915,19,0,1,1,50#
37574,$JYJ,13311426480,20111101123245,116.258469,39.862919,428597451,146955149,23,214,0,0,50#
48063,$JYJ,13311426480,20111101123324,116.258431,39.862335,428597299,146952994,19,166,1,1,50#
48184,$JYJ,13311426480,20111101123328,116.258499,39.862076,428597565,146952038,30,170,0,0,50#
84593,$JYJ,13301104067,20111101124450,116.258682,39.860607,428598255,146946645,0,172,0,0,50#
55370,$JYJ,13331194707,20111101124757,116.253502,39.860413,428579120,146945914,13,50,1,1,50#
68274,$JYJ,13311488164,20111101125848,116.258583,39.864513,428597859,146961025,6,358,1,1,50#
80042,$JYJ,13331194334,20111101125922,116.254799,39.861256,428583896,146949029,0,328,0,0,50#
65575,$JYJ,13381100354,20111101130351,116.259987,39.863594,428603063,146957669,0,64,1,1,50#
52245,$JYJ,13311492297,20111101131239,116.250114,39.866299,428566632,146967619,0,268,0,0,50#
43185,$JYJ,13311024074,20111101131730,116.258400,39.863853,428597190,146958617,0,0,0,0,50#
8056,$JYJ,13311470417,20111101131533,116.254814,39.861107,428583960,146948466,0,0,0,0,50#
22439,$JYJ,13321164780,20111101131621,116.258568,39.863380,428597797,146956860,13,354,1,1,50#
6677,$JYJ,13311470417,20111101132019,116.254936,39.861126,428584442,146948550,13,44,1,1,50#
25374,$JYJ,13301254065,20111101132618,116.258133,39.862682,428596221,146954279,0,52,0,0,50#
7096,$JYJ,13301254551,20111101132518,116.251000,39.866619,428569926,146968812,0,2,0,0,50#
72846,$JYJ,13311431302,20111101132843,116.254768,39.861263,428583825,146949051,4,52,1,1,50#
16878,$JYJ,13331154889,20111101132551,116.259537,39.863377,428601394,146956860,21,52,1,1,50#
23699,$JYJ,13301164974,20111101133110,116.250267,39.866669,428567194,146968990,15,266,0,0,50#
86602,$JYJ,13331187840,20111101133946,116.251152,39.866074,428570487,146966797,17,10,0,0,50#
1989,$JYJ,13301204926,20111101134001,116.255165,39.861187,428585259,146948758,15,50,1,1,50#
13840,$JYJ,13301214592,20111101134039,116.255119,39.861366,428585104,146949420,36,240,0,0,50#
30738,$JYJ,13301214592,20111101134131,116.254486,39.860882,428582776,146947647,32,156,1,1,50#
7074,$JYJ,13331194606,20111101134019,116.258568,39.865646,428597809,146965209,17,350,1,1,50#
23919,$JYJ,13301104110,20111101140114,116.255730,39.861538,428587350,146950084,36,54,1,1,50#
39177,$JYJ,13311191473,20111101140714,116.258484,39.864841,428597514,146962265,23,354,1,1,50#
56044,$JYJ,13381096634,20111101141804,116.254631,39.861050,428583279,146948258,13,52,1,1,50#
25313,$JYJ,13381063240,20111101142111,116.259049,39.863129,428599594,146955945,0,50,1,1,50#
3480,$JYJ,13331154835,20111101142510,116.258598,39.861622,428597943,146950394,0,0,0,0,50#
65960,$JYJ,13311426082,20111101143243,116.258415,39.867996,428597268,146973887,30,0,1,1,50#
85765,$JYJ,13331185140,20111101143832,116.258736,39.865662,428598434,146965263,17,358,1,1,50#
24594,$JYJ,13311488195,20111101144605,116.258751,39.862968,428598499,146955360,15,36,1,1,50#
57829,$JYJ,13331156441,20111101144723,116.258400,39.868988,428597189,146977520,15,174,1,1,50#
58240,$JYJ,13331194702,20111101145229,116.258919,39.868832,428599098,146976945,25,110,1,1,50#
20481,$JYJ,13311490921,20111101145555,116.254547,39.861278,428582983,146949104,0,352,0,0,50#
83127,$JYJ,13311426057,20111101150335,116.251030,39.866901,428570043,146969830,17,2,0,0,50#
50667,$JYJ,13311565574,20111101150207,116.259483,39.863285,428601187,146956498,4,70,0,0,50#
40536,$JYJ,13301209491,20111101150650,116.251213,39.866688,428570711,146969053,0,12,0,0,50#
7131,$JYJ,13311572545,20111101151015,116.251167,39.866363,428570549,146967846,0,6,0,0,50#
113835,$JYJ,13311426203,20111101152947,116.254616,39.861198,428583244,146948821,0,338,0,0,50#
97853,$JYJ,13321164575,20111101152907,116.258301,39.862446,428596807,146953427,21,164,1,1,50#
79024,$JYJ,13370129546,20111101153825,116.255165,39.861019,428585285,146948140,2,220,0,0,50#
69284,$JYJ,13311488102,20111101154252,116.254646,39.861095,428583365,146948444,6,298,0,0,50#
10338,$JYJ,13370129546,20111101154021,116.255882,39.861504,428587923,146949936,23,60,1,1,50#
73770,$JYJ,13301174961,20111101160305,116.259117,39.860039,428599826,146944549,10,344,1,1,50#
55311,$JYJ,13311487208,20111101160723,116.258652,39.862049,428598100,146951965,36,350,0,0,50#
56776,$JYJ,13321164561,20111101160727,116.251167,39.868057,428570543,146974115,12,358,1,1,50#
60384,$JYJ,13311162479,20111101161321,116.254814,39.861092,428583986,146948437,8,256,0,0,50#
39720,$JYJ,13311426162,20111101161151,116.255814,39.861637,428587666,146950423,8,238,0,0,50#
61862,$JYJ,13311490921,20111101161744,116.253967,39.863102,428580860,146955840,0,72,0,0,50#
111985,$JYJ,13331188564,20111101161947,116.251068,39.868023,428570160,146973986,17,0,1,1,50#
85691,$JYJ,13381083444,20111101162344,116.258415,39.864452,428597246,146960825,2,180,1,1,50#
43449,$JYJ,13311426124,20111101163159,116.252464,39.860165,428575294,146945003,0,330,0,0,50#
37442,$JYJ,13311431314,20111101163714,116.258499,39.865620,428597555,146965124,13,350,1,1,50#
67480,$JYJ,13331063421,20111101163851,116.255318,39.861206,428585834,146948831,17,242,0,0,50#
84526,$JYJ,13381063264,20111101164333,116.258034,39.867100,428595852,146970570,39,54,1,1,50#
19136,$JYJ,13381232461,20111101164545,116.254936,39.860691,428584406,146946960,2,262,0,0,50#
11433,$JYJ,13311426189,20111101165032,116.254967,39.861099,428584548,146948464,0,234,0,0,50#
17049,$JYJ,13381232461,20111101165046,116.258499,39.865528,428597561,146964770,8,350,1,1,50#
82615,$JYJ,13301214466,20111101170353,116.257004,39.862099,428592056,146952147,23,56,1,1,50#
69998,$JYJ,13311403028,20111101170317,116.252769,39.862484,428576443,146953570,0,258,0,0,50#
2750,$JYJ,13321174716,20111101170005,116.258598,39.869991,428597923,146981248,32,0,1,1,50#
5164,$JYJ,13331156484,20111101170509,116.258453,39.867420,428597374,146971754,30,358,1,1,50#
68428,$JYJ,13301254527,20111101171252,116.253449,39.862724,428578921,146954441,13,152,0,0,50#
91139,$JYJ,13301254527,20111101171344,116.254684,39.861114,428583481,146948519,13,50,1,1,50#
13201,$JYJ,13331194386,20111101172031,116.254982,39.860573,428584583,146946520,0,148,1,1,50#
9238,$JYJ,13311488201,20111101172523,116.258598,39.861782,428597941,146950973,0,0,0,0,50#
55945,$JYJ,13370122456,20111101172717,116.253403,39.862308,428578780,146952906,0,238,0,0,50#
18765,$JYJ,13301251455,20111101173048,116.258316,39.863335,428596894,146956681,0,194,0,0,50#
57129,$JYJ,13331154915,20111101173222,116.258431,39.865192,428597316,146963547,0,156,0,0,50#
73052,$JYJ,13331154915,20111101173259,116.258415,39.864895,428597245,146962460,0,178,1,1,50#
104375,$JYJ,13301174901,20111101173915,116.254013,39.861980,428581038,146951714,26,332,0,0,50#
110402,$JYJ,13311492079,20111101174430,116.258369,39.865467,428597062,146964565,2,182,0,0,50#
114593,$JYJ,13381077448,20111101174949,116.259064,39.860222,428599634,146945214,26,354,1,1,50#
5270,$JYJ,13301127412,20111101175511,116.254814,39.861233,428583954,146948933,0,234,0,0,50#
24170,$JYJ,13301254381,20111101175559,116.259232,39.863232,428600243,146956331,4,56,0,0,50#
19503,$JYJ,13311487240,20111101175551,116.254684,39.861065,428583500,146948319,0,256,0,0,50#
66363,$JYJ,13311487240,20111101175747,116.258270,39.862778,428596718,146954627,12,60,1,1,50#
110726,$JYJ,13321164517,20111101175932,116.251198,39.866474,428570639,146968249,0,6,0,0,50#
64828,$JYJ,13301156242,20111101180240,116.258598,39.863274,428597938,146956454,0,166,0,0,50#
22738,$JYJ,13301254303,20111101180554,116.259903,39.863644,428602749,146957820,0,236,0,0,50#
35477,$JYJ,13301214621,20111101181126,116.254334,39.865837,428582220,146965903,65,242,0,0,50#
85905,$JYJ,13311487155,20111101181332,116.256485,39.861923,428590142,146951474,6,238,0,0,50#
53726,$JYJ,13311495210,20111101181213,116.255119,39.861584,428585117,146950244,10,66,1,1,50#
79065,$JYJ,13321164582,20111101181315,116.255234,39.860733,428585506,146947113,0,256,0,0,50#
25839,$JYJ,13370129334,20111101181104,116.258530,39.866047,428597665,146966701,21,0,1,1,50#
10380,$JYJ,13311453412,20111101181523,116.258736,39.864731,428598453,146961828,17,86,1,1,50#
18540,$JYJ,13331194083,20111101181549,116.256065,39.861706,428588591,146950690,8,236,0,0,50#
89338,$JYJ,13331194083,20111101181847,116.258499,39.863777,428597543,146958342,23,356,1,1,50#
48372,$JYJ,13311486563,20111101182202,116.255440,39.862659,428586291,146954186,19,58,0,0,50#
113666,$JYJ,13311495255,20111101182943,116.250954,39.866524,428569736,146968433,0,202,0,0,50#
73756,$JYJ,13311470305,20111101183304,116.255364,39.862114,428586010,146952199,8,206,0,0,50#
84625,$JYJ,13301254118,20111101183832,116.258514,39.862053,428597627,146951980,36,168,2,0,50#
102714,$JYJ,13311431041,20111101184915,116.257713,39.862564,428594664,146953869,0,4,0,0,50#
80631,$JYJ,13311426364,20111101185822,116.255203,39.861179,428585413,146948761,4,236,0,0,50#
72915,$JYJ,13311487171,20111101190759,116.259018,39.863087,428599451,146955780,19,58,1,1,50#
36767,$JYJ,13311492247,20111101190630,116.259415,39.863285,428600916,146956504,15,84,0,0,50#
114818,$JYJ,13311495183,20111101190944,116.255447,39.861298,428586312,146949187,13,234,0,0,50#
111984,$JYJ,13321174624,20111101191441,116.258934,39.863041,428599165,146955628,8,54,1,1,50#
7309,$JYJ,13301164954,20111101191515,116.259987,39.863655,428603043,146957892,15,50,1,1,50#
65465,$JYJ,13301153948,20111101192243,116.254982,39.860935,428584609,146947847,2,54,0,0,50#
81526,$JYJ,13381066544,20111101192323,116.254982,39.861023,428584604,146948169,15,242,0,0,50#
102022,$JYJ,13301209448,20111101192912,116.254547,39.866180,428582989,146967172,0,276,0,0,50#
2163,$JYJ,13311489571,20111101192507,116.258949,39.860226,428599230,146945245,21,170,0,0,50#
1292,$JYJ,13311431550,20111101193002,116.258514,39.864273,428597601,146960158,17,0,1,1,50#
84540,$JYJ,13301214645,20111101193828,116.258347,39.863731,428597014,146958170,0,190,0,0,50#
28942,$JYJ,13311492066,20111101193615,116.259613,39.863472,428601666,146957214,15,42,1,1,50#
4521,$JYJ,13321174861,20111101193513,116.255302,39.863709,428585786,146958080,13,58,0,0,50#
113376,$JYJ,13301127452,20111101194440,116.254684,39.861187,428583493,146948789,0,230,0,0,50#
33197,$JYJ,13331194439,20111101194123,116.254715,39.862186,428583605,146952453,0,248,0,0,50#
67782,$JYJ,13331194907,20111101194251,116.255165,39.861134,428585278,146948577,2,252,0,0,50#
40287,$JYJ,13331194907,20111101194642,116.253563,39.860538,428579354,146946369,12,52,1,1,50#
101356,$JYJ,13311492169,20111101195415,116.255981,39.861679,428588259,146950575,41,238,0,0,50#
40645,$JYJ,13311486394,20111101195703,116.254318,39.860920,428582144,146947788,30,234,0,0,50#
103119,$JYJ,13311300674,20111101200919,116.259117,39.860031,428599834,146944507,15,344,1,1,50#
66519,$JYJ,13311426034,20111101201745,116.259201,39.863220,428600161,146956277,8,58,1,1,50#
102898,$JYJ,13311426392,20111101202414,116.259697,39.867733,428601998,146972926,0,108,0,0,50#
61655,$JYJ,13321183424,20111101202234,116.258980,39.862850,428599312,146954894,12,52,1,1,50#
51813,$JYJ,13331156449,20111101203208,116.254883,39.861107,428584211,146948470,0,148,0,0,50#
6890,$JYJ,13331111435,20111101203514,116.255180,39.861404,428585321,146949583,12,266,0,0,50#
41709,$JYJ,13331111435,20111101203641,116.255966,39.861507,428588215,146949952,28,54,1,1,50#
103174,$JYJ,13301174931,20111101204917,116.254814,39.861332,428583974,146949316,0,242,0,0,50#
89177,$JYJ,13331156405,20111101204843,116.255447,39.861424,428586286,146949649,21,232,0,0,50#
68300,$JYJ,13301277625,20111101210248,116.254997,39.861011,428584629,146948132,0,98,1,1,50#
90356,$JYJ,13370126413,20111101210347,116.255096,39.861183,428584997,146948775,4,240,0,0,50#
37825,$JYJ,13331188574,20111101211137,116.259087,39.860027,428599741,146944518,0,358,1,1,50#
37342,$JYJ,13301157498,20111101211630,116.254486,39.861561,428582742,146950161,0,32,0,0,50#
14708,$JYJ,13331093485,20111101211539,116.255852,39.860695,428587778,146946963,32,46,1,1,50#
28622,$JYJ,13381235411,20111101211610,116.255768,39.861576,428587476,146950197,13,48,1,1,50#
118306,$JYJ,13301157457,20111101212449,116.255020,39.861195,428584721,146948816,0,18,0,0,50#
617,$JYJ,13311486548,20111101213000,116.255531,39.863811,428586625,146958448,4,68,0,0,50#
36800,$JYJ,13301174970,20111101213633,116.254616,39.866161,428583246,146967128,0,274,0,0,50#
54561,$JYJ,13331194707,20111101214215,116.255814,39.861546,428587678,146950104,0,246,0,0,50#
70630,$JYJ,13311480654,20111101214754,116.255096,39.861198,428585004,146948821,15,240,0,0,50#
92186,$JYJ,13321164308,20111101215351,116.258049,39.865196,428595897,146963541,2,318,1,1,50#
86924,$JYJ,13311426298,20111101220336,116.254532,39.860935,428582952,146947861,0,250,0,0,50#
43106,$JYJ,13311495179,20111101220147,116.254700,39.861050,428583535,146948250,0,272,0,0,50#
16571,$JYJ,13321164444,20111101220545,116.259170,39.863152,428600049,146956008,12,58,1,1,50#
110695,$JYJ,13311453412,20111101223434,116.258568,39.865642,428597826,146965203,0,44,0,0,50#
76393,$JYJ,13381083426,20111101230809,116.259552,39.863083,428601440,146955755,0,48,1,1,50#
34908,$JYJ,13381153617,20111101231127,116.256386,39.861870,428589777,146951307,32,236,0,0,50#
82345,$JYJ,13370122441,20111101234836,116.258614,39.861721,428598001,146950747,30,170,0,0,50#
82269,$JYJ,13321164503,20111101235333,116.258614,39.861855,428597986,146951244,17,164,1,1,50#
71574,$JYJ,13381235493,20111101235259,116.254715,39.861164,428583613,146948692,0,240,0,0,50#
71700,$JYJ,13311426058,20111101235748,116.253685,39.860443,428579823,146946031,6,228,0,0,50#
