32640,$JYJ,13321164461,20111101000128,116.274033,39.961315,428654911,147317946,2,330,0,0,50#
31173,$JYJ,13381153626,20111101000131,116.275520,39.965279,428660400,147332574,0,278,0,0,50#
40754,$JYJ,13311453402,20111101001709,116.276970,39.960243,428665744,147314016,25,262,0,0,50#
57344,$JYJ,13321180421,20111101001800,116.275551,39.965095,428660505,147331890,0,86,0,0,50#
92401,$JYJ,13311426079,20111101002931,116.270401,39.968315,428641497,147343719,15,330,1,1,50#
98455,$JYJ,13311431073,20111101004953,116.274117,39.960323,428655222,147314296,12,212,1,1,50#
91718,$JYJ,13381083464,20111101004937,116.277664,39.963295,428668283,147325267,30,354,0,0,50#
3807,$JYJ,13331156417,20111101005010,116.274033,39.961838,428654878,147319859,10,166,1,1,50#
4158,$JYJ,13331156485,20111101005509,116.271782,39.960083,428646601,147313377,8,84,0,0,50#
25280,$JYJ,13311453457,20111101010111,116.276184,39.960289,428662834,147314178,4,262,0,0,50#
88292,$JYJ,13321174869,20111101011428,116.272331,39.960083,428648631,147313403,0,96,0,0,50#
55774,$JYJ,13301214886,20111101023809,116.272583,39.962646,428649556,147322839,4,268,0,0,50#
5994,$JYJ,13311431004,20111101030021,116.274315,39.961445,428655944,147318417,2,20,0,0,50#
67842,$JYJ,13311426451,20111101043920,116.274483,39.960548,428656556,147315128,2,356,0,0,50#
18281,$JYJ,13331187196,20111101052603,116.270882,39.967380,428643257,147340307,8,352,1,1,50#
5453,$JYJ,13301164914,20111101053015,116.274086,39.961563,428655083,147318845,0,358,0,0,50#
81877,$JYJ,13301164914,20111101053433,116.277870,39.960003,428669050,147313125,0,168,1,1,50#
25731,$JYJ,13311486591,20111101053122,116.272980,39.960205,428651017,147313849,32,266,0,0,50#
68927,$JYJ,13311486591,20111101053351,116.272514,39.960178,428649288,147313759,8,86,1,1,50#
84111,$JYJ,13311453300,20111101055920,116.273804,39.963772,428654058,147326983,28,176,0,0,50#
55953,$JYJ,13301150242,20111101061246,116.273186,39.965126,428651758,147331982,0,294,0,0,50#
62311,$JYJ,13311191404,20111101062304,116.277451,39.964447,428667498,147329496,21,166,1,1,50#
31295,$JYJ,13321174724,20111101062631,116.276085,39.960304,428662465,147314218,8,264,0,0,50#
12798,$JYJ,13331159475,20111101065059,116.273880,39.963268,428654337,147325128,13,354,1,1,50#
87415,$JYJ,13311431314,20111101065912,116.272751,39.960129,428650157,147313576,0,96,0,0,50#
6975,$JYJ,13311431314,20111101070015,116.272881,39.960117,428650630,147313505,19,88,1,1,50#
77767,$JYJ,13311486296,20111101070342,116.272369,39.965046,428648769,147331705,0,98,0,0,50#
94082,$JYJ,13331063495,20111101070428,116.277748,39.960236,428668625,147313965,13,240,1,1,50#
34946,$JYJ,13311486296,20111101070638,116.278969,39.965355,428673113,147332867,0,84,1,1,50#
21504,$JYJ,13381232461,20111101071058,116.277832,39.962887,428668915,147323738,25,354,0,0,50#
84511,$JYJ,13381232461,20111101071355,116.278320,39.965290,428670729,147332619,12,90,1,1,50#
35950,$JYJ,13321164819,20111101071640,116.273270,39.964970,428652086,147331427,0,188,0,0,50#
18873,$JYJ,13381166340,20111101071555,116.276787,39.965248,428665055,147332456,26,272,1,1,50#
95228,$JYJ,13311191404,20111101072436,116.277351,39.964920,428667154,147331251,10,170,1,1,50#
3157,$JYJ,13311403564,20111101072005,116.274002,39.965145,428654795,147332064,0,262,0,0,50#
64626,$JYJ,13311431525,20111101072306,116.277519,39.964100,428667771,147328213,10,348,1,1,50#
1136,$JYJ,13321164819,20111101072003,116.273651,39.964683,428653501,147330374,19,176,1,1,50#
82573,$JYJ,13311431514,20111101072856,116.270851,39.967396,428643161,147340332,4,12,1,1,50#
78854,$JYJ,13311566487,20111101072845,116.270950,39.967377,428643537,147340269,6,2,1,1,50#
93545,$JYJ,13311453323,20111101074425,116.277702,39.962299,428668449,147321579,17,172,0,0,50#
61108,$JYJ,13301214550,20111101074754,116.276115,39.960777,428662595,147315975,2,322,1,1,50#
14745,$JYJ,13311023504,20111101075038,116.277603,39.963615,428668085,147326435,26,176,1,1,50#
49053,$JYJ,13311487162,20111101075221,116.272331,39.965042,428648610,147331661,12,90,1,1,50#
21835,$JYJ,13311565407,20111101075557,116.276268,39.960251,428663139,147314033,6,238,1,1,50#
32512,$JYJ,13301155854,20111101080128,116.272186,39.965183,428648095,147332205,8,214,0,0,50#
98765,$JYJ,13301155854,20111101080436,116.273949,39.962227,428654608,147321300,12,170,1,1,50#
22417,$JYJ,13301214601,20111101080102,116.275116,39.965160,428658894,147332136,0,4,0,0,50#
43330,$JYJ,13301214601,20111101080200,116.275284,39.965157,428659498,147332100,17,80,1,1,50#
91026,$JYJ,13311431462,20111101080413,116.275070,39.960339,428658719,147314353,17,88,0,0,50#
100820,$JYJ,13311431462,20111101080443,116.276520,39.960312,428664071,147314262,19,84,1,1,50#
29997,$JYJ,13311495027,20111101080124,116.274101,39.960209,428655141,147313849,25,178,0,0,50#
12414,$JYJ,13311570401,20111101080032,116.278450,39.962608,428671214,147322717,34,74,1,1,50#
13411,$JYJ,13301104081,20111101081041,116.277580,39.964413,428667970,147329382,32,356,1,1,50#
19737,$JYJ,13311563417,20111101081108,116.276169,39.965157,428662783,147332097,26,260,0,0,50#
44408,$JYJ,13311563417,20111101081225,116.275566,39.965164,428660537,147332137,19,82,1,1,50#
11338,$JYJ,13311431380,20111101081536,116.276436,39.960259,428663756,147314059,10,276,0,0,50#
19297,$JYJ,13311431380,20111101081604,116.276085,39.960236,428662448,147313959,19,268,1,1,50#
23909,$JYJ,13311191462,20111101082123,116.279656,39.960400,428675655,147314595,6,254,1,1,50#
45695,$JYJ,13311431196,20111101083222,116.277733,39.963127,428668573,147324639,0,2,0,0,50#
15919,$JYJ,13311470318,20111101083047,116.275833,39.962704,428661522,147323052,21,296,0,0,50#
48329,$JYJ,13311495191,20111101083230,116.275352,39.960289,428659761,147314169,28,268,1,1,50#
64210,$JYJ,13321180304,20111101083323,116.278351,39.960232,428670850,147313971,12,88,1,1,50#
11493,$JYJ,13301254158,20111101083532,116.274582,39.960148,428656943,147313626,0,96,0,0,50#
72025,$JYJ,13311403377,20111101084403,116.273819,39.964703,428654121,147330413,12,358,1,1,50#
55621,$JYJ,13381102614,20111101084303,116.275002,39.964893,428658476,147331152,4,98,0,0,50#
71892,$JYJ,13381102614,20111101084403,116.275284,39.964920,428659496,147331221,21,100,1,1,50#
60428,$JYJ,13301157047,20111101084844,116.275368,39.965145,428659809,147332059,15,92,0,0,50#
75696,$JYJ,13301157047,20111101084939,116.275635,39.965160,428660816,147332129,0,294,1,1,50#
59792,$JYJ,13381077431,20111101084842,116.272797,39.962479,428650317,147322233,15,308,0,0,50#
14327,$JYJ,13331194995,20111101085044,116.279198,39.962753,428673960,147323249,0,260,0,0,50#
86011,$JYJ,13370129341,20111101085444,116.274132,39.960358,428655271,147314401,10,174,1,1,50#
73821,$JYJ,13321164575,20111101085909,116.273087,39.960232,428651394,147313945,12,294,1,1,50#
2516,$JYJ,13301214719,20111101090006,116.274452,39.965092,428656441,147331871,28,86,1,1,50#
20750,$JYJ,13381232445,20111101090105,116.278084,39.965362,428669861,147332872,21,80,1,1,50#
70356,$JYJ,13311026488,20111101090858,116.274132,39.960590,428655268,147315286,15,172,1,1,50#
47082,$JYJ,13381101340,20111101090741,116.270698,39.969223,428642607,147347090,34,42,1,1,50#
12268,$JYJ,13381232411,20111101090538,116.275665,39.965164,428660934,147332145,25,262,1,1,50#
88912,$JYJ,13331038634,20111101091432,116.270767,39.966209,428642856,147335980,41,358,0,0,50#
51532,$JYJ,13331194845,20111101091231,116.275452,39.965122,428660121,147331965,17,258,1,1,50#
73108,$JYJ,13301125442,20111101091849,116.277931,39.963112,428669282,147324590,25,352,1,1,50#
17216,$JYJ,13311426085,20111101091552,116.274132,39.960667,428655258,147315534,8,346,1,1,50#
68784,$JYJ,13311426283,20111101091836,116.277550,39.960354,428667876,147314419,30,272,0,0,50#
12967,$JYJ,13381101340,20111101091539,116.275131,39.965149,428658970,147332080,12,254,1,1,50#
1312,$JYJ,13381102004,20111101091500,116.279213,39.960358,428674025,147314418,25,86,0,0,50#
19865,$JYJ,13381102004,20111101091601,116.279518,39.960308,428675144,147314235,6,86,1,1,50#
21085,$JYJ,13311431431,20111101092113,116.273834,39.964188,428654180,147328540,0,350,0,0,50#
71908,$JYJ,13311431431,20111101092358,116.277367,39.965084,428667180,147331858,13,170,1,1,50#
18475,$JYJ,13381077431,20111101092107,116.271881,39.962650,428646940,147322850,8,286,1,1,50#
16570,$JYJ,13301126146,20111101092549,116.275467,39.965198,428660193,147332263,0,282,0,0,50#
50163,$JYJ,13311470483,20111101092752,116.274063,39.960152,428655004,147313663,15,310,0,0,50#
67130,$JYJ,13311470483,20111101092843,116.273918,39.960217,428654462,147313892,0,198,1,1,50#
7668,$JYJ,13311431525,20111101093022,116.273804,39.961636,428654033,147319113,0,0,1,1,50#
8481,$JYJ,13311470305,20111101093024,116.275497,39.965183,428660287,147332220,4,114,1,1,50#
3564,$JYJ,13301133514,20111101093510,116.276863,39.965241,428665325,147332424,15,266,1,1,50#
26276,$JYJ,13311426021,20111101094123,116.273903,39.962444,428654430,147322107,0,208,0,0,50#
74648,$JYJ,13311426021,20111101094351,116.276451,39.960285,428663800,147314156,34,88,1,1,50#
73975,$JYJ,13311470305,20111101094350,116.273804,39.964134,428654065,147328333,12,354,0,0,50#
55998,$JYJ,13301155495,20111101094752,116.277367,39.960190,428667185,147313799,26,88,1,1,50#
39509,$JYJ,13311492290,20111101094704,116.275482,39.965157,428660250,147332122,0,280,1,1,50#
36907,$JYJ,13311495060,20111101094651,116.276764,39.960266,428664963,147314093,23,88,1,1,50#
8851,$JYJ,13331156470,20111101094526,116.274544,39.960224,428656770,147313909,0,282,0,0,50#
92629,$JYJ,13311431280,20111101095437,116.275330,39.965118,428659680,147331974,0,86,0,0,50#
83275,$JYJ,13321199374,20111101095412,116.275764,39.960178,428661293,147313772,10,260,1,1,50#
44875,$JYJ,13331154807,20111101095212,116.274963,39.965065,428658333,147331756,26,84,1,1,50#
16095,$JYJ,13331194647,20111101095045,116.274765,39.960159,428657615,147313671,0,336,0,0,50#
67299,$JYJ,13331194634,20111101100345,116.279480,39.965332,428675008,147332763,21,82,1,1,50#
16666,$JYJ,13321199847,20111101101058,116.278008,39.960564,428669558,147315191,6,350,1,1,50#
30395,$JYJ,13301150654,20111101102136,116.278198,39.965351,428670283,147332821,6,232,1,1,50#
21647,$JYJ,13301156435,20111101102108,116.276382,39.960239,428663580,147313995,13,270,0,0,50#
19354,$JYJ,13381096234,20111101102103,116.274414,39.965095,428656302,147331893,0,250,0,0,50#
81650,$JYJ,13311023404,20111101102913,116.270767,39.967026,428642852,147338982,26,4,0,0,50#
45607,$JYJ,13311403161,20111101102718,116.274666,39.960113,428657239,147313500,13,82,0,0,50#
54589,$JYJ,13311431303,20111101102745,116.277634,39.961811,428668180,147319766,15,170,1,1,50#
21481,$JYJ,13311495025,20111101102605,116.279266,39.960297,428674217,147314213,13,84,1,1,50#
19339,$JYJ,13311563724,20111101102558,116.276230,39.960201,428663008,147313829,0,266,0,0,50#
91922,$JYJ,13331194815,20111101102940,116.274330,39.960445,428655976,147314751,26,348,1,1,50#
43966,$JYJ,13301254362,20111101103219,116.273781,39.964218,428653978,147328633,12,358,0,0,50#
48650,$JYJ,13311403161,20111101103235,116.272980,39.965118,428650996,147331971,25,270,1,1,50#
57365,$JYJ,13311488108,20111101103303,116.275764,39.960060,428661304,147313305,0,126,1,1,50#
50586,$JYJ,13321174817,20111101103243,116.272865,39.960045,428650597,147313258,8,264,0,0,50#
26855,$JYJ,13311426085,20111101103624,116.276733,39.965321,428664859,147332706,17,254,0,0,50#
45083,$JYJ,13311577439,20111101103726,116.276085,39.960259,428662483,147314061,10,262,1,1,50#
69715,$JYJ,13370126435,20111101104335,116.274536,39.965157,428656749,147332113,0,228,0,0,50#
76102,$JYJ,13301214153,20111101104857,116.273949,39.962429,428654569,147322044,15,164,1,1,50#
30616,$JYJ,13301251437,20111101105638,116.273666,39.960205,428653555,147313864,21,262,1,1,50#
61929,$JYJ,13311495019,20111101110315,116.275101,39.965122,428658853,147331972,28,264,1,1,50#
34200,$JYJ,13381069947,20111101110146,116.272385,39.960205,428648795,147313844,0,278,0,0,50#
54601,$JYJ,13311403114,20111101110758,116.273331,39.965080,428652317,147331827,19,264,1,1,50#
41081,$JYJ,13311563477,20111101110716,116.273834,39.963535,428654152,147326110,23,178,1,1,50#
36084,$JYJ,13331154915,20111101110653,116.275734,39.965130,428661169,147332018,6,288,1,1,50#
50668,$JYJ,13331156431,20111101110742,116.272980,39.960167,428651032,147313691,2,274,1,1,50#
90928,$JYJ,13331187744,20111101110946,116.274918,39.965019,428658176,147331587,15,90,1,1,50#
91927,$JYJ,13311191400,20111101111451,116.273781,39.960911,428653989,147316439,13,250,1,1,50#
69739,$JYJ,13311488134,20111101111340,116.276199,39.960232,428662883,147313940,0,80,1,1,50#
10939,$JYJ,13331156460,20111101111036,116.272682,39.965027,428649925,147331607,10,98,0,0,50#
3024,$JYJ,13301157643,20111101111505,116.270752,39.967087,428642791,147339214,0,6,0,0,50#
4213,$JYJ,13301157643,20111101111513,116.270752,39.967114,428642803,147339294,13,346,1,1,50#
64562,$JYJ,13301214091,20111101111844,116.275330,39.964680,428659691,147330365,15,122,1,1,50#
80076,$JYJ,13311431169,20111101111938,116.277214,39.960407,428666635,147314596,30,272,0,0,50#
50290,$JYJ,13311480657,20111101111741,116.274818,39.965065,428657803,147331764,4,72,1,1,50#
35171,$JYJ,13311486345,20111101111646,116.270782,39.965401,428642892,147332988,4,4,0,0,50#
34507,$JYJ,13311486213,20111101112159,116.271896,39.962688,428647027,147323001,0,302,1,1,50#
17257,$JYJ,13311492309,20111101113054,116.274597,39.965118,428656990,147331971,15,266,1,1,50#
73333,$JYJ,13331187784,20111101113839,116.276398,39.960171,428663619,147313714,2,284,0,0,50#
62659,$JYJ,13370129515,20111101113805,116.277618,39.964031,428668139,147327975,0,352,0,0,50#
3350,$JYJ,13370129335,20111101114006,116.272430,39.965092,428648994,147331855,28,92,0,0,50#
88487,$JYJ,13311563340,20111101114919,116.273781,39.964947,428653950,147331341,10,166,1,1,50#
73908,$JYJ,13331194064,20111101114839,116.275200,39.960213,428659201,147313892,41,260,1,1,50#
49159,$JYJ,13301214090,20111101115225,116.273315,39.965065,428652271,147331776,8,76,0,0,50#
82009,$JYJ,13331111460,20111101115402,116.270035,39.969845,428640152,147349373,12,226,1,1,50#
70964,$JYJ,13301204937,20111101115830,116.274437,39.964920,428656400,147331232,15,262,1,1,50#
56855,$JYJ,13311191467,20111101115749,116.274063,39.961460,428655020,147318487,13,334,1,1,50#
9470,$JYJ,13321164833,20111101120537,116.277634,39.962498,428668198,147322309,15,168,1,1,50#
9725,$JYJ,13331063475,20111101121037,116.271782,39.965111,428646604,147331912,17,90,1,1,50#
52107,$JYJ,13381166342,20111101121307,116.274033,39.960377,428654902,147314486,25,216,1,1,50#
52526,$JYJ,13301204924,20111101121829,116.273964,39.960259,428654637,147314053,0,88,0,0,50#
33550,$JYJ,13301214752,20111101121706,116.275780,39.962715,428661338,147323092,0,314,0,0,50#
59042,$JYJ,13311453255,20111101121849,116.276604,39.960068,428664361,147313368,17,292,0,0,50#
53340,$JYJ,13301157646,20111101122838,116.276650,39.960518,428664555,147315028,8,274,1,1,50#
10596,$JYJ,13311431562,20111101122542,116.276665,39.960278,428664589,147314135,0,108,0,0,50#
13283,$JYJ,13301125400,20111101123051,116.274864,39.964371,428657975,147329197,8,72,0,0,50#
30098,$JYJ,13311431525,20111101123154,116.274048,39.960297,428654966,147314198,17,108,1,1,50#
4918,$JYJ,13381100694,20111101123021,116.272530,39.960110,428649351,147313481,0,278,1,1,50#
84449,$JYJ,13311453268,20111101123952,116.271881,39.965164,428646978,147332139,17,268,0,0,50#
72751,$JYJ,13311563594,20111101123914,116.271202,39.969589,428644449,147348429,15,38,1,1,50#
40989,$JYJ,13331194691,20111101123718,116.276550,39.960865,428664196,147316298,10,294,1,1,50#
18367,$JYJ,13301156854,20111101124103,116.273514,39.962799,428652997,147323405,45,182,0,0,50#
25552,$JYJ,13381069594,20111101124131,116.274132,39.961205,428655279,147317541,6,200,1,1,50#
31427,$JYJ,13301272039,20111101124636,116.273048,39.962177,428651247,147321108,10,246,0,0,50#
49832,$JYJ,13311426373,20111101124741,116.278130,39.966186,428670012,147335928,19,348,0,0,50#
60112,$JYJ,13301272155,20111101125318,116.273819,39.964111,428654117,147328244,25,170,1,1,50#
19208,$JYJ,13311489664,20111101125105,116.277336,39.960125,428667100,147313552,0,0,0,0,50#
76709,$JYJ,13321164342,20111101125917,116.270737,39.966164,428642747,147335793,23,354,1,1,50#
60116,$JYJ,13321164554,20111101125823,116.278969,39.965305,428673119,147332685,17,80,0,0,50#
50982,$JYJ,13311403337,20111101130257,116.271515,39.965210,428645628,147332278,0,266,0,0,50#
64544,$JYJ,13311403337,20111101130352,116.270714,39.965424,428642655,147333084,15,348,1,1,50#
55024,$JYJ,13311426043,20111101130313,116.275818,39.965378,428661491,147332931,2,286,0,0,50#
78609,$JYJ,13311495063,20111101130443,116.276337,39.960167,428663391,147313703,12,88,1,1,50#
1575,$JYJ,13311566124,20111101130002,116.273735,39.964001,428653791,147327852,0,342,0,0,50#
82699,$JYJ,13331154900,20111101130924,116.272270,39.962635,428648407,147322803,4,276,0,0,50#
32824,$JYJ,13331159475,20111101130646,116.274353,39.965115,428656063,147331965,0,262,0,0,50#
2336,$JYJ,13381069594,20111101130506,116.274132,39.960476,428655270,147314837,17,176,1,1,50#
72328,$JYJ,13331154900,20111101131339,116.273865,39.962368,428654258,147321823,12,172,1,1,50#
67876,$JYJ,13311470383,20111101131848,116.271599,39.965195,428645897,147332239,0,0,0,0,50#
30038,$JYJ,13311480736,20111101131644,116.275330,39.965118,428659694,147331975,23,272,1,1,50#
65642,$JYJ,13331194218,20111101131844,116.277870,39.961151,428669074,147317335,17,334,1,1,50#
90089,$JYJ,13311191404,20111101132432,116.274597,39.960152,428656974,147313641,19,84,1,1,50#
56663,$JYJ,13311403507,20111101132253,116.274300,39.964985,428655878,147331466,15,84,1,1,50#
62746,$JYJ,13311300954,20111101132814,116.272003,39.965050,428647389,147331706,0,100,0,0,50#
93147,$JYJ,13311564457,20111101133442,116.274414,39.965073,428656305,147331779,4,276,0,0,50#
65120,$JYJ,13321180419,20111101133316,116.271767,39.962555,428646555,147322521,0,0,0,0,50#
23052,$JYJ,13311023504,20111101133613,116.277435,39.964764,428667450,147330658,23,172,0,0,50#
84268,$JYJ,13311023504,20111101133940,116.277748,39.962933,428668610,147323903,26,352,1,1,50#
84832,$JYJ,13311453408,20111101133941,116.273857,39.964008,428654248,147327881,0,120,0,0,50#
27663,$JYJ,13311431016,20111101134121,116.272217,39.960125,428648201,147313553,0,274,0,0,50#
44544,$JYJ,13311431016,20111101134218,116.272232,39.960117,428648270,147313527,8,268,1,1,50#
28271,$JYJ,13381102214,20111101134127,116.270843,39.967327,428643140,147340079,6,28,0,0,50#
29880,$JYJ,13301184070,20111101134628,116.277298,39.965248,428666928,147332458,10,256,1,1,50#
62560,$JYJ,13311426155,20111101134813,116.274200,39.960182,428655498,147313752,25,86,1,1,50#
82580,$JYJ,13311566466,20111101134921,116.276085,39.960506,428662490,147314955,17,70,1,1,50#
81847,$JYJ,13311577794,20111101135427,116.275703,39.965275,428661056,147332534,21,82,1,1,50#
43733,$JYJ,13301155441,20111101135730,116.276016,39.960358,428662198,147314430,19,266,1,1,50#
52320,$JYJ,13311022024,20111101140243,116.271370,39.965069,428645094,147331787,21,266,0,0,50#
27063,$JYJ,13311431063,20111101140123,116.273819,39.964680,428654094,147330361,13,352,1,1,50#
6430,$JYJ,13311453439,20111101140020,116.278305,39.960606,428670645,147315333,30,266,0,0,50#
18094,$JYJ,13301214156,20111101140557,116.277801,39.961632,428668784,147319132,10,180,0,0,50#
60023,$JYJ,13311021574,20111101140837,116.275085,39.960220,428658777,147313896,15,86,1,1,50#
17221,$JYJ,13311486405,20111101140553,116.278267,39.961437,428670512,147318392,15,170,1,1,50#
22318,$JYJ,13301214174,20111101141115,116.279381,39.965351,428674642,147332851,0,90,0,0,50#
57153,$JYJ,13311480669,20111101141306,116.273849,39.964748,428654242,147330599,0,0,0,0,50#
51598,$JYJ,13311486289,20111101141243,116.272415,39.960308,428648918,147314233,23,280,0,0,50#
15645,$JYJ,13311191464,20111101141544,116.275864,39.965157,428661667,147332099,19,276,0,0,50#
73421,$JYJ,13301155415,20111101142341,116.271019,39.965149,428643789,147332056,21,266,0,0,50#
35124,$JYJ,13311470318,20111101142140,116.273750,39.964729,428653848,147330521,6,160,1,1,50#
49878,$JYJ,13331159462,20111101142220,116.275886,39.965054,428661735,147331740,8,234,0,0,50#
84290,$JYJ,13331159462,20111101142411,116.274551,39.965107,428656818,147331913,15,80,1,1,50#
68586,$JYJ,13301208416,20111101142816,116.273987,39.962807,428654731,147323456,23,356,0,0,50#
87776,$JYJ,13301214057,20111101142909,116.273933,39.962547,428654514,147322484,0,354,0,0,50#
17523,$JYJ,13301254159,20111101142547,116.274033,39.961807,428654882,147319748,15,176,0,0,50#
42176,$JYJ,13301254159,20111101142709,116.274216,39.960453,428655589,147314753,15,172,1,1,50#
3320,$JYJ,13321180418,20111101142511,116.276001,39.960457,428662171,147314787,0,260,0,0,50#
26754,$JYJ,13381100384,20111101142623,116.271431,39.960121,428645281,147313518,4,268,1,1,50#
56985,$JYJ,13321164856,20111101143221,116.272667,39.965107,428649870,147331901,39,272,0,0,50#
51868,$JYJ,13381102224,20111101143205,116.273964,39.962372,428654637,147321844,4,170,1,1,50#
73548,$JYJ,13301156749,20111101143806,116.270683,39.965565,428642546,147333603,17,352,1,1,50#
34453,$JYJ,13311403013,20111101143626,116.273987,39.960251,428654728,147314018,0,258,0,0,50#
16863,$JYJ,13321174628,20111101143545,116.272728,39.960255,428650104,147314020,8,276,0,0,50#
36453,$JYJ,13321174703,20111101143630,116.277550,39.964047,428667887,147328034,0,180,0,0,50#
35545,$JYJ,13311426357,20111101144128,116.276169,39.960155,428662783,147313668,0,96,0,0,50#
25270,$JYJ,13311566479,20111101144103,116.275551,39.965065,428660508,147331764,0,232,0,0,50#
9500,$JYJ,13321174628,20111101144024,116.270660,39.960186,428642455,147313783,0,0,0,0,50#
28725,$JYJ,13301214133,20111101144612,116.271652,39.960110,428646134,147313498,0,92,0,0,50#
49915,$JYJ,13301155441,20111101145156,116.274147,39.960060,428655330,147313329,13,150,0,0,50#
76598,$JYJ,13311403534,20111101145311,116.270813,39.967575,428643016,147340998,4,232,0,0,50#
89876,$JYJ,13311566479,20111101145346,116.270180,39.965202,428640678,147332267,25,92,1,1,50#
76498,$JYJ,13381232494,20111101145808,116.274200,39.965179,428655524,147332203,19,266,1,1,50#
32380,$JYJ,13311403561,20111101150122,116.276436,39.965263,428663773,147332520,15,272,0,0,50#
81721,$JYJ,13311470338,20111101150332,116.273193,39.965012,428651802,147331564,2,94,0,0,50#
104039,$JYJ,13321164406,20111101150432,116.274200,39.960682,428655521,147315601,19,4,0,0,50#
48652,$JYJ,13331154973,20111101150158,116.271347,39.965084,428644990,147331828,8,232,0,0,50#
85885,$JYJ,13370122414,20111101150343,116.272652,39.960098,428649815,147313467,0,84,0,0,50#
26185,$JYJ,13301272392,20111101150609,116.275352,39.965198,428659762,147332248,0,270,0,0,50#
72195,$JYJ,13301272392,20111101150804,116.273819,39.964245,428654130,147328739,25,174,1,1,50#
54485,$JYJ,13311470338,20111101150724,116.274162,39.960072,428655357,147313358,10,152,1,1,50#
18873,$JYJ,13331184810,20111101150555,116.271950,39.962559,428647202,147322509,0,270,0,0,50#
18745,$JYJ,13381093034,20111101150551,116.273834,39.964443,428654149,147329465,10,164,1,1,50#
9169,$JYJ,13311480691,20111101151020,116.274002,39.961838,428654789,147319855,10,178,0,0,50#
42797,$JYJ,13311480691,20111101151152,116.274147,39.961014,428655325,147316815,12,174,1,1,50#
70460,$JYJ,13331063457,20111101151321,116.279053,39.960434,428673438,147314713,21,74,0,0,50#
37248,$JYJ,13301214262,20111101151635,116.273819,39.964104,428654122,147328222,15,16,0,0,50#
10931,$JYJ,13311191400,20111101152031,116.274101,39.960056,428655159,147313317,6,12,0,0,50#
50190,$JYJ,13301204879,20111101152709,116.270416,39.968399,428641578,147344054,6,348,1,1,50#
77367,$JYJ,13311403743,20111101152816,116.270149,39.965359,428640576,147332846,0,0,0,0,50#
22737,$JYJ,13311488241,20111101153602,116.277603,39.964775,428668056,147330710,12,38,0,0,50#
110764,$JYJ,13311495079,20111101153947,116.277313,39.960335,428667012,147314350,19,256,1,1,50#
104201,$JYJ,13331194887,20111101153928,116.276482,39.964798,428663955,147330791,13,260,0,0,50#
102584,$JYJ,13301214449,20111101154406,116.279236,39.962616,428674087,147322745,0,102,0,0,50#
34120,$JYJ,13311191454,20111101154125,116.274567,39.960056,428656856,147313317,17,86,1,1,50#
82853,$JYJ,13301214142,20111101155324,116.273987,39.962265,428654734,147321458,21,174,1,1,50#
72545,$JYJ,13301214805,20111101155302,116.277451,39.960392,428667499,147314536,30,264,0,0,50#
110467,$JYJ,13301277707,20111101155435,116.274048,39.962326,428654959,147321671,0,6,0,0,50#
93649,$JYJ,13311021854,20111101155351,116.271286,39.965241,428644772,147332398,12,276,1,1,50#
36643,$JYJ,13311470312,20111101155134,116.273933,39.962944,428654516,147323940,6,170,2,0,50#
86554,$JYJ,13311489320,20111101155334,116.272247,39.962791,428648293,147323393,2,292,0,0,50#
19840,$JYJ,13381166340,20111101155052,116.273750,39.965054,428653852,147331736,25,274,0,0,50#
100923,$JYJ,13301254507,20111101155910,116.275803,39.962570,428661441,147322569,0,322,0,0,50#
62412,$JYJ,13370122475,20111101155734,116.276466,39.960247,428663889,147314026,17,86,0,0,50#
103705,$JYJ,13301155374,20111101160419,116.275780,39.964314,428661354,147328987,19,276,1,1,50#
28257,$JYJ,13301277707,20111101160110,116.277931,39.960361,428669262,147314443,6,270,1,1,50#
41440,$JYJ,13311488242,20111101160145,116.273766,39.962677,428653925,147322953,0,190,1,1,50#
46016,$JYJ,13301204969,20111101160653,116.275650,39.965054,428660873,147331738,0,272,0,0,50#
31696,$JYJ,13311453370,20111101160623,116.273048,39.965057,428651276,147331722,2,272,1,1,50#
8382,$JYJ,13311486371,20111101160516,116.275902,39.965179,428661813,147332209,4,262,0,0,50#
82471,$JYJ,13301254277,20111101161435,116.272301,39.960113,428648516,147313514,0,256,0,0,50#
10096,$JYJ,13311453382,20111101161027,116.274185,39.960484,428655474,147314885,0,6,0,0,50#
109835,$JYJ,13301104071,20111101161946,116.273781,39.965046,428653950,147331695,4,254,1,1,50#
83144,$JYJ,13301214116,20111101161839,116.270515,39.969055,428641925,147346481,19,32,1,1,50#
89915,$JYJ,13301214181,20111101161854,116.278168,39.966057,428670173,147335448,2,276,0,0,50#
13099,$JYJ,13301214794,20111101161537,116.273933,39.962799,428654543,147323415,12,352,1,1,50#
37740,$JYJ,13331063428,20111101161638,116.270782,39.966290,428642925,147336257,25,358,1,1,50#
82551,$JYJ,13311577794,20111101162331,116.275520,39.965092,428660408,147331885,17,256,1,1,50#
53252,$JYJ,13311579984,20111101162215,116.272598,39.965004,428649613,147331520,12,270,1,1,50#
81510,$JYJ,13370129371,20111101162329,116.276215,39.960304,428662959,147314234,0,286,2,0,50#
990,$JYJ,13301155492,20111101162500,116.272232,39.964977,428648263,147331432,0,268,0,0,50#
46014,$JYJ,13301155492,20111101162656,116.271080,39.965012,428644010,147331553,0,278,1,1,50#
96633,$JYJ,13311403517,20111101162906,116.275581,39.962612,428660605,147322713,10,102,0,0,50#
37298,$JYJ,13321174860,20111101162638,116.277100,39.962513,428666218,147322377,0,278,0,0,50#
105159,$JYJ,13321174860,20111101162928,116.274086,39.962616,428655079,147322749,13,228,1,1,50#
112861,$JYJ,13381153634,20111101162947,116.274933,39.962738,428658213,147323185,13,62,0,0,50#
44339,$JYJ,13301272108,20111101163158,116.273651,39.964802,428653496,147330778,0,170,0,0,50#
474,$JYJ,13321164884,20111101162957,116.273834,39.963867,428654155,147327364,15,174,1,1,50#
19400,$JYJ,13321174703,20111101163050,116.277946,39.960083,428669328,147313401,21,174,0,0,50#
61802,$JYJ,13381066794,20111101163240,116.275314,39.965065,428659632,147331753,0,94,0,0,50#
1394,$JYJ,13381066794,20111101163501,116.271553,39.965092,428645729,147331860,12,280,1,1,50#
14451,$JYJ,13311489694,20111101164537,116.272514,39.965015,428649313,147331562,0,268,0,0,50#
102726,$JYJ,13321199304,20111101164926,116.274864,39.962318,428657956,147321646,25,80,0,0,50#
82042,$JYJ,13331093490,20111101164834,116.275352,39.962757,428659763,147323275,0,104,0,0,50#
99739,$JYJ,13301214163,20111101165417,116.277489,39.964580,428667650,147330003,28,358,0,0,50#
68171,$JYJ,13311026487,20111101165255,116.273849,39.964153,428654228,147328390,12,180,0,0,50#
105229,$JYJ,13311300504,20111101165432,116.272430,39.965065,428648993,147331752,0,0,0,0,50#
28447,$JYJ,13381095964,20111101165116,116.279434,39.965328,428674844,147332747,0,84,0,0,50#
81681,$JYJ,13301214118,20111101165832,116.273415,39.964981,428652616,147331469,0,290,0,0,50#
79010,$JYJ,13301214227,20111101165825,116.279068,39.965263,428673493,147332500,2,88,0,0,50#
6490,$JYJ,13311026487,20111101165514,116.274132,39.961407,428655242,147318283,8,184,1,1,50#
19538,$JYJ,13311431267,20111101165548,116.277580,39.964199,428667983,147328593,0,322,0,0,50#
70163,$JYJ,13311431267,20111101165801,116.276550,39.965137,428664170,147332050,0,260,1,1,50#
93901,$JYJ,13331192054,20111101165914,116.270767,39.967258,428642852,147339840,0,358,0,0,50#
32915,$JYJ,13381063134,20111101165623,116.270882,39.965347,428643273,147332795,13,356,0,0,50#
52313,$JYJ,13301133514,20111101170240,116.270668,39.969845,428642504,147349390,15,238,1,1,50#
12398,$JYJ,13301152480,20111101170032,116.270782,39.966408,428642887,147336709,6,22,1,1,50#
88066,$JYJ,13301272039,20111101170402,116.274132,39.960098,428655242,147313462,10,74,1,1,50#
62532,$JYJ,13311489684,20111101170302,116.270836,39.967495,428643123,147340730,0,354,0,0,50#
22206,$JYJ,13321191548,20111101170054,116.271515,39.960098,428645620,147313438,38,90,0,0,50#
42021,$JYJ,13381100694,20111101170159,116.276215,39.960106,428662936,147313501,0,116,0,0,50#
13881,$JYJ,13381101784,20111101170033,116.275253,39.965095,428659410,147331894,10,124,0,0,50#
10607,$JYJ,13311426085,20111101171023,116.270332,39.969913,428641261,147349629,13,218,1,1,50#
107768,$JYJ,13311486560,20111101171425,116.276848,39.960167,428665279,147313702,30,278,0,0,50#
63344,$JYJ,13301164927,20111101171735,116.272965,39.965046,428650964,147331707,10,88,1,1,50#
45577,$JYJ,13311486317,20111101171656,116.272865,39.964989,428650589,147331476,19,86,1,1,50#
46908,$JYJ,13370126498,20111101171656,116.278503,39.965351,428671405,147332833,0,232,0,0,50#
36813,$JYJ,13311426479,20111101172129,116.270653,39.965275,428642443,147332544,12,358,1,1,50#
62520,$JYJ,13321174889,20111101172233,116.272781,39.965008,428650292,147331558,0,268,0,0,50#
113791,$JYJ,13331194077,20111101172442,116.270737,39.965290,428642732,147332575,12,12,1,1,50#
6911,$JYJ,13370122432,20111101172013,116.273148,39.962582,428651632,147322606,0,274,0,0,50#
48878,$JYJ,13370122432,20111101172159,116.274033,39.961849,428654890,147319915,4,172,1,1,50#
47797,$JYJ,13301127468,20111101172655,116.273216,39.964993,428651895,147331500,12,278,1,1,50#
63456,$JYJ,13311162484,20111101172739,116.271866,39.962444,428646893,147322086,15,264,0,0,50#
19718,$JYJ,13311426228,20111101172545,116.272201,39.962357,428648144,147321761,4,286,0,0,50#
79937,$JYJ,13311426228,20111101172816,116.271149,39.963310,428644254,147325297,0,358,1,1,50#
105385,$JYJ,13311488123,20111101172922,116.279167,39.965607,428673842,147333791,2,88,0,0,50#
33971,$JYJ,13311572504,20111101172620,116.273781,39.960140,428653966,147313625,6,84,0,0,50#
106124,$JYJ,13321164462,20111101172924,116.278450,39.965244,428671205,147332438,0,268,0,0,50#
72272,$JYJ,13381235413,20111101172758,116.270630,39.968002,428642330,147342597,19,330,1,1,50#
107976,$JYJ,13331154794,20111101173425,116.270752,39.965397,428642808,147332980,10,358,1,1,50#
9280,$JYJ,13331154961,20111101173024,116.275886,39.960129,428661758,147313579,19,76,0,0,50#
76362,$JYJ,13311490941,20111101173808,116.275948,39.965157,428661954,147332095,19,266,0,0,50#
94041,$JYJ,13311490941,20111101173850,116.275368,39.965176,428659820,147332193,12,246,1,1,50#
8609,$JYJ,13321164462,20111101173523,116.270882,39.966476,428643288,147336968,13,350,1,1,50#
70975,$JYJ,13331111476,20111101173755,116.272469,39.960033,428649117,147313205,0,290,0,0,50#
72884,$JYJ,13370122434,20111101173800,116.271034,39.969425,428643858,147347817,0,36,0,0,50#
33776,$JYJ,13381066648,20111101173624,116.270698,39.965008,428642609,147331558,0,162,0,0,50#
119131,$JYJ,13301164975,20111101174449,116.275780,39.962730,428661339,147323179,2,208,0,0,50#
67217,$JYJ,13301204921,20111101174244,116.275398,39.965157,428659921,147332123,12,280,0,0,50#
89749,$JYJ,13301204921,20111101174337,116.275284,39.965187,428659521,147332235,0,270,1,1,50#
101441,$JYJ,13301214666,20111101174409,116.278999,39.962757,428673204,147323289,0,250,0,0,50#
68566,$JYJ,13311021748,20111101174246,116.270798,39.967285,428642971,147339950,0,76,0,0,50#
103737,$JYJ,13311021748,20111101174413,116.270363,39.968514,428641374,147344476,13,350,1,1,50#
118650,$JYJ,13311486400,20111101174454,116.277466,39.964340,428667554,147329115,26,174,0,0,50#
45523,$JYJ,13331184980,20111101174154,116.276405,39.960274,428663648,147314120,0,0,0,0,50#
68595,$JYJ,13331184980,20111101174251,116.276405,39.960274,428663664,147314121,0,0,1,1,50#
60185,$JYJ,13301164975,20111101174729,116.273720,39.964626,428653760,147330158,17,354,1,1,50#
59366,$JYJ,13301214666,20111101174727,116.277000,39.965241,428665839,147332432,4,266,1,1,50#
67534,$JYJ,13381153644,20111101174748,116.270401,39.969986,428641505,147349910,12,226,1,1,50#
103758,$JYJ,13311570481,20111101175414,116.275551,39.962688,428660505,147323017,0,276,0,0,50#
21422,$JYJ,13311426060,20111101175551,116.272484,39.960251,428649168,147314026,0,284,0,0,50#
30274,$JYJ,13311426060,20111101175613,116.272484,39.960247,428649166,147313982,0,286,1,1,50#
28635,$JYJ,13311492209,20111101175613,116.272385,39.960102,428648827,147313460,10,280,1,1,50#
54714,$JYJ,13311565574,20111101180214,116.273499,39.960129,428652924,147313559,12,268,0,0,50#
68848,$JYJ,13331063479,20111101180253,116.277267,39.960232,428666845,147313973,0,264,0,0,50#
51656,$JYJ,13381232462,20111101180206,116.277931,39.965370,428669291,147332890,8,262,1,1,50#
8730,$JYJ,13301157149,20111101180518,116.273880,39.962452,428654340,147322118,0,188,2,0,50#
45199,$JYJ,13331194828,20111101180654,116.270401,39.968380,428641514,147343989,19,348,1,1,50#
4019,$JYJ,13381102604,20111101180507,116.273804,39.964924,428654032,147331248,4,164,1,1,50#
110178,$JYJ,13301130340,20111101181435,116.278099,39.960400,428669913,147314589,2,274,1,1,50#
102216,$JYJ,13301214897,20111101181417,116.279930,39.960407,428676658,147314631,13,220,0,0,50#
118078,$JYJ,13301214897,20111101181456,116.279915,39.960407,428676613,147314602,12,248,1,1,50#
83932,$JYJ,13311021024,20111101181331,116.270714,39.967285,428642636,147339953,0,0,0,0,50#
58767,$JYJ,13311021604,20111101181225,116.272369,39.965141,428648759,147332025,0,296,0,0,50#
56785,$JYJ,13331063479,20111101181223,116.274147,39.960514,428655338,147315003,15,184,1,1,50#
52602,$JYJ,13311021024,20111101181715,116.270332,39.968823,428641265,147345611,13,18,1,1,50#
76864,$JYJ,13311403179,20111101181810,116.272430,39.960186,428648967,147313785,0,232,1,1,50#
51584,$JYJ,13381235473,20111101181709,116.276199,39.965183,428662900,147332224,21,266,0,0,50#
105886,$JYJ,13311162436,20111101182921,116.276466,39.960388,428663877,147314523,0,306,0,0,50#
61431,$JYJ,13321183429,20111101182731,116.274132,39.960648,428655247,147315464,0,354,0,0,50#
49112,$JYJ,13381101854,20111101182703,116.273026,39.960182,428651180,147313760,25,270,0,0,50#
101239,$JYJ,13311486538,20111101183410,116.278168,39.962620,428670177,147322752,2,298,0,0,50#
107062,$JYJ,13301204911,20111101183924,116.271316,39.961834,428644856,147319840,15,340,0,0,50#
63685,$JYJ,13301214245,20111101183739,116.270882,39.965382,428643279,147332909,0,342,1,1,50#
102223,$JYJ,13301214802,20111101183912,116.270698,39.960072,428642587,147313342,15,86,0,0,50#
99219,$JYJ,13311488236,20111101183907,116.270767,39.966469,428642871,147336945,28,354,1,1,50#
1270,$JYJ,13311576614,20111101183502,116.271500,39.965076,428645548,147331805,15,88,1,1,50#
22997,$JYJ,13321174646,20111101183600,116.271797,39.965107,428646646,147331927,0,98,1,1,50#
89884,$JYJ,13331154794,20111101183842,116.272682,39.965137,428649920,147332029,17,272,1,1,50#
52024,$JYJ,13301204923,20111101184208,116.277832,39.965198,428668914,147332258,0,86,0,0,50#
35393,$JYJ,13311431132,20111101184127,116.272819,39.960102,428650440,147313452,34,90,0,0,50#
61853,$JYJ,13311431132,20111101184231,116.273666,39.960094,428653550,147313436,13,84,1,1,50#
47489,$JYJ,13311486511,20111101184157,116.277885,39.964615,428669102,147330108,30,84,0,0,50#
44414,$JYJ,13381232407,20111101184150,116.273918,39.962822,428654481,147323500,0,176,0,0,50#
57974,$JYJ,13301214441,20111101184723,116.275497,39.960190,428660303,147313812,39,88,0,0,50#
63065,$JYJ,13301254300,20111101184734,116.279335,39.962902,428674460,147323822,12,248,0,0,50#
37897,$JYJ,13331194330,20111101184632,116.270813,39.967350,428643023,147340170,8,344,0,0,50#
9509,$JYJ,13331194452,20111101184523,116.274048,39.961323,428654975,147317958,0,2,0,0,50#
99630,$JYJ,13381096164,20111101184903,116.277481,39.964432,428667629,147329447,21,172,0,0,50#
40129,$JYJ,13301272027,20111101185142,116.274483,39.960094,428656566,147313447,15,88,1,1,50#
100022,$JYJ,13311403592,20111101185404,116.274048,39.961445,428654961,147318420,23,180,0,0,50#
70934,$JYJ,13381096684,20111101185254,116.272034,39.965065,428647508,147331753,8,92,0,0,50#
87918,$JYJ,13311403517,20111101185837,116.278831,39.965305,428672603,147332665,6,86,0,0,50#
38896,$JYJ,13311403592,20111101185635,116.272064,39.960110,428647616,147313503,17,264,1,1,50#
89156,$JYJ,13381235473,20111101185840,116.276314,39.960278,428663321,147314118,15,280,0,0,50#
27728,$JYJ,13301184051,20111101190108,116.275497,39.962738,428660282,147323191,0,80,0,0,50#
55189,$JYJ,13311191408,20111101190719,116.277489,39.965309,428667656,147332683,25,268,0,0,50#
53649,$JYJ,13311492224,20111101190716,116.273918,39.962757,428654496,147323251,30,176,0,0,50#
87436,$JYJ,13370129380,20111101190840,116.274086,39.961433,428655083,147318389,0,356,0,0,50#
45438,$JYJ,13311191408,20111101191157,116.276199,39.960217,428662872,147313908,19,82,1,1,50#
64927,$JYJ,13311489542,20111101191247,116.278915,39.965237,428672916,147332404,0,98,0,0,50#
105322,$JYJ,13331184843,20111101191423,116.274399,39.960392,428656260,147314550,4,6,0,0,50#
42572,$JYJ,13331194993,20111101190950,116.271866,39.965164,428646916,147332125,4,310,0,0,50#
64313,$JYJ,13311453370,20111101191739,116.271233,39.968994,428644587,147346243,0,82,0,0,50#
116275,$JYJ,13311488163,20111101191946,116.272301,39.960197,428648486,147313814,0,334,0,0,50#
66708,$JYJ,13301157149,20111101192246,116.275452,39.960259,428660127,147314044,0,70,2,0,50#
4932,$JYJ,13331194082,20111101192009,116.276253,39.960297,428663104,147314186,0,262,0,0,50#
100495,$JYJ,13311453366,20111101192911,116.279968,39.960468,428676788,147314829,0,0,0,0,50#
86072,$JYJ,13311566142,20111101192832,116.279564,39.965412,428675317,147333081,25,82,1,1,50#
32860,$JYJ,13331184988,20111101192624,116.279488,39.960453,428675007,147314795,0,0,0,0,50#
88172,$JYJ,13301155648,20111101193339,116.277748,39.961891,428668595,147320075,0,282,0,0,50#
118910,$JYJ,13301155648,20111101193501,116.277733,39.961895,428668546,147320106,0,136,1,1,50#
109408,$JYJ,13301214080,20111101193432,116.275482,39.965054,428660253,147331712,0,268,0,0,50#
82229,$JYJ,13311453326,20111101193324,116.272583,39.960144,428649542,147313629,4,60,0,0,50#
28733,$JYJ,13311162473,20111101193612,116.275215,39.965115,428659256,147331967,0,264,0,0,50#
75213,$JYJ,13331186540,20111101194307,116.273849,39.964081,428654206,147328130,10,136,0,0,50#
119510,$JYJ,13301153934,20111101195000,116.272492,39.960384,428649204,147314490,0,148,0,0,50#
44025,$JYJ,13301157149,20111101194647,116.277451,39.960289,428667524,147314182,21,262,2,0,50#
31610,$JYJ,13311495388,20111101194619,116.275642,39.962692,428660820,147323022,17,272,0,0,50#
85211,$JYJ,13311495388,20111101194834,116.274185,39.960613,428655477,147315344,25,348,1,1,50#
59002,$JYJ,13301157453,20111101195228,116.273315,39.960350,428652248,147314393,17,66,1,1,50#
113447,$JYJ,13301164928,20111101195446,116.275597,39.965157,428660672,147332095,23,260,0,0,50#
47937,$JYJ,13311021724,20111101195158,116.273933,39.962219,428654512,147321286,0,0,0,0,50#
45974,$JYJ,13381235423,20111101195152,116.271431,39.962685,428645279,147322984,2,54,0,0,50#
104621,$JYJ,13381235423,20111101195428,116.274117,39.960102,428655206,147313481,15,156,1,1,50#
32977,$JYJ,13301127403,20111101195623,116.273903,39.962852,428654418,147323597,17,176,1,1,50#
92401,$JYJ,13301157764,20111101195927,116.273933,39.964615,428654516,147330118,15,358,0,0,50#
18324,$JYJ,13331111460,20111101195550,116.275413,39.965252,428660004,147332444,6,268,0,0,50#
51493,$JYJ,13311403727,20111101200209,116.276802,39.960586,428665116,147315271,10,250,0,0,50#
65036,$JYJ,13321199847,20111101200247,116.278305,39.965267,428670658,147332516,30,84,0,0,50#
33696,$JYJ,13301272069,20111101200626,116.276451,39.960430,428663835,147314701,17,92,1,1,50#
49549,$JYJ,13301272069,20111101200704,116.277763,39.960262,428668675,147314075,0,154,0,0,50#
23813,$JYJ,13311489539,20111101200605,116.271675,39.961800,428646199,147319708,0,314,0,0,50#
112471,$JYJ,13321164756,20111101200942,116.271004,39.966835,428643704,147338275,4,140,0,0,50#
101873,$JYJ,13321164444,20111101201413,116.272469,39.960136,428649144,147313606,12,96,0,0,50#
84053,$JYJ,13331190264,20111101201331,116.276863,39.960251,428665337,147314014,36,266,0,0,50#
100417,$JYJ,13370122426,20111101201409,116.271515,39.962544,428645611,147322448,17,86,0,0,50#
88220,$JYJ,13311489314,20111101201836,116.274063,39.961601,428655012,147318983,8,172,1,1,50#
58786,$JYJ,13321199437,20111101202231,116.278915,39.962517,428672905,147322377,2,126,0,0,50#
35907,$JYJ,13311470315,20111101202631,116.271164,39.969521,428644308,147348193,0,60,0,0,50#
104342,$JYJ,13331194272,20111101202915,116.277550,39.963875,428667897,147327391,21,170,1,1,50#
78902,$JYJ,13331194665,20111101202813,116.279068,39.960453,428673492,147314787,30,248,0,0,50#
29767,$JYJ,13311431184,20111101203115,116.272430,39.962593,428649004,147322663,15,268,0,0,50#
35059,$JYJ,13311453295,20111101203125,116.272636,39.960152,428649751,147313658,0,96,0,0,50#
22350,$JYJ,13311453315,20111101203053,116.272553,39.960312,428649417,147314230,19,88,1,1,50#
49946,$JYJ,13311470383,20111101203204,116.274170,39.960644,428655385,147315465,0,0,0,0,50#
58224,$JYJ,13311487126,20111101203227,116.277557,39.964886,428667907,147331103,13,354,1,1,50#
102186,$JYJ,13311001149,20111101204915,116.277687,39.962254,428668365,147321429,17,174,1,1,50#
55412,$JYJ,13301254313,20111101205219,116.274033,39.960522,428654889,147315001,13,162,1,1,50#
101015,$JYJ,13311026450,20111101205912,116.271797,39.960083,428646639,147313376,0,84,0,0,50#
74887,$JYJ,13311426326,20111101205812,116.272163,39.962563,428647992,147322548,0,4,0,0,50#
99786,$JYJ,13311426326,20111101205907,116.272186,39.962688,428648080,147323005,12,218,1,1,50#
88690,$JYJ,13311453332,20111101205839,116.274048,39.961155,428654947,147317337,12,218,1,1,50#
10133,$JYJ,13311470383,20111101205523,116.274063,39.961616,428655015,147319049,0,202,0,0,50#
97000,$JYJ,13311453319,20111101210359,116.276199,39.960331,428662912,147314336,2,262,0,0,50#
39297,$JYJ,13311470431,20111101210138,116.276298,39.960300,428663275,147314211,0,334,0,0,50#
52833,$JYJ,13331184909,20111101210710,116.273697,39.964745,428653646,147330567,25,262,0,0,50#
113736,$JYJ,13331156451,20111101211934,116.277313,39.964851,428667024,147330976,17,172,1,1,50#
40232,$JYJ,13311022274,20111101212137,116.276337,39.960434,428663391,147314708,10,286,0,0,50#
82102,$JYJ,13311022274,20111101212314,116.274452,39.960499,428656431,147314946,12,354,1,1,50#
51964,$JYJ,13311495284,20111101212208,116.277130,39.965305,428666341,147332658,13,292,0,0,50#
56477,$JYJ,13311453228,20111101212717,116.270302,39.965118,428641125,147331956,23,94,0,0,50#
114850,$JYJ,13311572546,20111101213438,116.274048,39.961864,428654948,147319956,21,354,1,1,50#
2838,$JYJ,13321199475,20111101212950,116.275734,39.962727,428661196,147323144,23,280,0,0,50#
34797,$JYJ,13311572546,20111101213631,116.271164,39.969269,428644331,147347268,12,130,0,0,50#
65968,$JYJ,13301184145,20111101214244,116.277603,39.964497,428668078,147329692,0,22,0,0,50#
116546,$JYJ,13301184145,20111101214449,116.275101,39.965118,428658818,147331969,13,264,1,1,50#
6235,$JYJ,13311566941,20111101214015,116.273171,39.960072,428651735,147313340,23,272,0,0,50#
26418,$JYJ,13311566941,20111101214105,116.272751,39.960072,428650179,147313366,15,268,1,1,50#
13132,$JYJ,13311191408,20111101214534,116.274056,39.960266,428654966,147314086,6,252,1,1,50#
112656,$JYJ,13331194386,20111101215941,116.276169,39.960232,428662773,147313969,0,104,0,0,50#
69784,$JYJ,13321164527,20111101221255,116.276382,39.960049,428663579,147313283,25,88,1,1,50#
80768,$JYJ,13331156436,20111101221327,116.271118,39.963211,428644159,147324917,36,172,0,0,50#
16055,$JYJ,13311403057,20111101221544,116.276604,39.965157,428664390,147332103,0,268,0,0,50#
82214,$JYJ,13311403057,20111101221822,116.275215,39.965095,428659242,147331892,13,74,1,1,50#
15831,$JYJ,13311487275,20111101221543,116.272247,39.960152,428648321,147313663,0,276,0,0,50#
34662,$JYJ,13311426362,20111101222123,116.279350,39.962521,428674523,147322389,4,242,0,0,50#
32685,$JYJ,13331194238,20111101222122,116.276337,39.960285,428663415,147314160,0,276,0,0,50#
86376,$JYJ,13331194365,20111101222836,116.272186,39.962688,428648083,147322988,0,252,0,0,50#
117702,$JYJ,13381153644,20111101222953,116.270180,39.965218,428640685,147332319,30,96,0,0,50#
40396,$JYJ,13311022764,20111101223140,116.277969,39.960209,428669407,147313871,26,264,0,0,50#
7466,$JYJ,13311426332,20111101223016,116.274681,39.962055,428657303,147320662,12,82,0,0,50#
91115,$JYJ,13311492148,20111101223348,116.275284,39.965015,428659508,147331587,4,80,0,0,50#
4181,$JYJ,13321164490,20111101223013,116.278984,39.962750,428673170,147323248,13,250,0,0,50#
115725,$JYJ,13321199784,20111101223451,116.276367,39.960373,428663493,147314491,0,284,0,0,50#
17385,$JYJ,13331194365,20111101223048,116.272148,39.963066,428647937,147324374,0,24,1,1,50#
11659,$JYJ,13311492148,20111101223525,116.277382,39.964416,428667268,147329382,2,170,1,1,50#
114565,$JYJ,13331187105,20111101223948,116.274086,39.961235,428655074,147317632,26,358,0,0,50#
13111,$JYJ,13301214178,20111101224032,116.270798,39.969269,428642963,147347260,0,48,0,0,50#
47463,$JYJ,13311470491,20111101224200,116.273766,39.964729,428653908,147330517,0,176,0,0,50#
112498,$JYJ,13321174656,20111101224433,116.276535,39.960247,428664144,147314022,23,268,0,0,50#
817,$JYJ,13301104075,20111101224501,116.275497,39.965191,428660296,147332235,0,288,0,0,50#
96720,$JYJ,13311489394,20111101224859,116.272102,39.960053,428647755,147313284,13,88,0,0,50#
16585,$JYJ,13311426470,20111101225040,116.275383,39.965359,428659880,147332852,0,240,0,0,50#
57639,$JYJ,13311426470,20111101225222,116.277351,39.965012,428667139,147331585,10,154,1,1,50#
90300,$JYJ,13311453451,20111101225342,116.276970,39.960297,428665744,147314205,32,266,0,0,50#
53027,$JYJ,13311489696,20111101225214,116.277458,39.965054,428667521,147331736,0,158,0,0,50#
42018,$JYJ,13301214221,20111101225648,116.275581,39.962753,428660606,147323235,2,276,0,0,50#
33714,$JYJ,13311488233,20111101225625,116.270813,39.965362,428643034,147332860,0,10,2,0,50#
48914,$JYJ,13331188843,20111101225702,116.275597,39.965290,428660649,147332604,0,310,0,0,50#
102977,$JYJ,13331188843,20111101225919,116.277733,39.962433,428668551,147322074,0,144,1,1,50#
108872,$JYJ,13321164382,20111101230435,116.277420,39.964745,428667409,147330607,0,70,0,0,50#
44011,$JYJ,13321164382,20111101230653,116.273964,39.962818,428654638,147323492,12,352,1,1,50#
70213,$JYJ,13311020094,20111101231755,116.274002,39.961590,428654766,147318969,0,0,0,0,50#
54068,$JYJ,13311495126,20111101232217,116.276947,39.960293,428665633,147314182,21,264,0,0,50#
40042,$JYJ,13311480671,20111101233143,116.276298,39.960350,428663259,147314378,10,270,0,0,50#
85719,$JYJ,13331194248,20111101233333,116.279083,39.965263,428673539,147332500,13,98,0,0,50#
