46797,$JYJ,13301204929,20111101003715,116.303902,39.917263,428765154,147155689,34,178,1,1,50#
41826,$JYJ,13331194972,20111101005201,116.304451,39.916557,428767168,147153079,6,354,1,1,50#
54394,$JYJ,13381068784,20111101014252,116.303803,39.911903,428764781,147135920,0,182,1,1,50#
79734,$JYJ,13381068784,20111101014416,116.303749,39.910156,428764583,147129489,2,168,0,0,50#
3428,$JYJ,13311426197,20111101014505,116.304199,39.912094,428766235,147136644,28,170,1,1,50#
31777,$JYJ,13311426238,20111101015643,116.303886,39.912483,428765104,147138055,21,174,1,1,50#
59022,$JYJ,13311495128,20111101021817,116.303764,39.919769,428764622,147164921,0,178,1,1,50#
59148,$JYJ,13311495128,20111101021820,116.303764,39.919781,428764644,147164972,4,174,0,0,50#
21052,$JYJ,13301214616,20111101022109,116.300369,39.911774,428752118,147135446,0,280,0,0,50#
81651,$JYJ,13311486442,20111101022942,116.303749,39.910690,428764603,147131443,28,80,1,1,50#
21898,$JYJ,13321183422,20111101030618,116.303818,39.917915,428764817,147158108,23,176,0,0,50#
62631,$JYJ,13331194433,20111101031343,116.304253,39.912723,428766455,147138966,0,4,1,1,50#
53187,$JYJ,13381095346,20111101033317,116.307831,39.919926,428779673,147165538,0,100,0,0,50#
4176,$JYJ,13321164756,20111101040015,116.301849,39.912250,428757561,147137203,4,326,1,1,50#
49593,$JYJ,13311488186,20111101041306,116.303902,39.911682,428765136,147135128,30,174,0,0,50#
41489,$JYJ,13311162417,20111101041739,116.308334,39.919643,428781518,147164506,0,62,0,0,50#
21686,$JYJ,13301214244,20111101043123,116.303780,39.918388,428764703,147159837,0,0,0,0,50#
37011,$JYJ,13301214244,20111101043222,116.303780,39.918388,428764705,147159822,0,0,0,0,50#
56034,$JYJ,13311191409,20111101043337,116.300346,39.911842,428752016,147135686,0,276,0,0,50#
9993,$JYJ,13311431079,20111101053034,116.308746,39.919315,428783058,147163286,0,94,0,0,50#
38601,$JYJ,13331187846,20111101053707,116.301849,39.911499,428757579,147134437,0,266,1,1,50#
26884,$JYJ,13370126487,20111101054129,116.300430,39.914783,428752346,147146540,13,14,1,1,50#
46720,$JYJ,13301156043,20111101054728,116.303284,39.911327,428762869,147133809,0,128,0,0,50#
81067,$JYJ,13301214210,20111101054920,116.304481,39.918648,428767291,147160809,0,0,0,0,50#
28131,$JYJ,13311488125,20111101054622,116.303902,39.911785,428765131,147135490,58,180,0,0,50#
33531,$JYJ,13301214210,20111101055146,116.304481,39.918648,428767297,147160784,0,0,0,0,50#
36119,$JYJ,13311403389,20111101060151,116.302032,39.911820,428758241,147135602,0,260,0,0,50#
43690,$JYJ,13311453251,20111101060215,116.307800,39.910137,428779531,147129460,10,92,1,1,50#
16963,$JYJ,13381066974,20111101060551,116.301514,39.911198,428756307,147133300,23,104,1,1,50#
91934,$JYJ,13311403021,20111101061439,116.300453,39.911781,428752390,147135468,19,88,1,1,50#
32564,$JYJ,13331188634,20111101061634,116.303864,39.911835,428765018,147135667,45,182,0,0,50#
84255,$JYJ,13331188634,20111101062411,116.303268,39.911304,428762814,147133712,17,138,0,0,50#
35105,$JYJ,13311487248,20111101062647,116.308067,39.910099,428780532,147129303,32,276,1,1,50#
99633,$JYJ,13311564442,20111101062956,116.308517,39.919369,428782208,147163496,8,96,0,0,50#
29731,$JYJ,13331187074,20111101062630,116.301552,39.913673,428756469,147142443,4,258,1,1,50#
16771,$JYJ,13331188634,20111101062549,116.301567,39.911789,428756543,147135494,8,280,1,1,50#
11890,$JYJ,13331194434,20111101062536,116.304520,39.916458,428767410,147152729,2,6,0,0,50#
21915,$JYJ,13301156546,20111101063102,116.304520,39.911274,428767447,147133628,15,8,0,0,50#
38748,$JYJ,13301156546,20111101063151,116.304382,39.914898,428766909,147146967,51,358,1,1,50#
39426,$JYJ,13301214242,20111101063155,116.305252,39.910686,428770128,147131457,0,302,0,0,50#
73957,$JYJ,13301214242,20111101063340,116.301765,39.911789,428757251,147135487,25,286,1,1,50#
89646,$JYJ,13311191419,20111101063427,116.301948,39.911385,428757926,147134019,15,134,1,1,50#
24709,$JYJ,13311495243,20111101063115,116.300217,39.911564,428751548,147134657,17,300,1,1,50#
74747,$JYJ,13381232421,20111101063343,116.300819,39.911762,428753761,147135379,12,94,1,1,50#
28737,$JYJ,13301214136,20111101063623,116.303902,39.910728,428765156,147131596,54,180,0,0,50#
97346,$JYJ,13321164496,20111101063943,116.304337,39.914837,428766759,147146741,56,358,0,0,50#
24818,$JYJ,13301254228,20111101064107,116.303848,39.911438,428764937,147134215,60,180,0,0,50#
88967,$JYJ,13311577004,20111101064415,116.302231,39.911526,428758980,147134518,28,104,0,0,50#
50993,$JYJ,13331159492,20111101064223,116.303337,39.911224,428763051,147133411,8,156,1,1,50#
95161,$JYJ,13301164955,20111101070431,116.304352,39.919998,428766831,147165787,0,0,3,0,50#
7341,$JYJ,13321183450,20111101070017,116.304451,39.913136,428767172,147140489,34,358,1,1,50#
41689,$JYJ,13311403511,20111101070701,116.303879,39.911232,428765060,147133439,38,180,0,0,50#
33072,$JYJ,13311566524,20111101071131,116.308464,39.919590,428781996,147164304,0,122,0,0,50#
14804,$JYJ,13331194110,20111101071039,116.303780,39.911587,428764710,147134776,47,180,0,0,50#
86798,$JYJ,13301156854,20111101071903,116.304535,39.918758,428767506,147161221,6,298,0,0,50#
13950,$JYJ,13321174600,20111101071538,116.304749,39.911083,428768270,147132925,17,344,1,1,50#
71827,$JYJ,13331184977,20111101071821,116.302216,39.912220,428758924,147137102,0,316,1,1,50#
36377,$JYJ,13370122431,20111101071640,116.303047,39.911396,428761979,147134064,17,294,1,1,50#
33581,$JYJ,13331194641,20111101072140,116.300667,39.911533,428753204,147134532,26,276,1,1,50#
43769,$JYJ,13301157442,20111101072706,116.304436,39.911411,428767133,147134135,21,358,1,1,50#
2303,$JYJ,13311403597,20111101072503,116.302635,39.912388,428760485,147137714,0,12,0,0,50#
25127,$JYJ,13311403597,20111101072608,116.302650,39.911747,428760503,147135362,12,208,1,1,50#
20338,$JYJ,13311487217,20111101074052,116.303917,39.910141,428765220,147129437,39,178,0,0,50#
80502,$JYJ,13311495258,20111101074855,116.303864,39.911224,428764985,147133429,0,192,0,0,50#
99649,$JYJ,13311486207,20111101075441,116.303970,39.912048,428765418,147136478,4,182,0,0,50#
21670,$JYJ,13331194806,20111101075101,116.304451,39.912128,428767182,147136779,10,346,1,1,50#
85696,$JYJ,13301125457,20111101075904,116.301498,39.911724,428756248,147135245,0,278,1,1,50#
88804,$JYJ,13311426018,20111101075913,116.303818,39.911354,428764831,147133914,4,194,0,0,50#
72992,$JYJ,13311426279,20111101075825,116.303970,39.912590,428765399,147138475,8,194,1,1,50#
4972,$JYJ,13311431484,20111101075510,116.305420,39.910660,428770738,147131339,30,290,1,1,50#
6468,$JYJ,13311486207,20111101075514,116.304016,39.911636,428765579,147134957,17,168,1,1,50#
46456,$JYJ,13331154886,20111101075710,116.302696,39.911533,428760673,147134568,0,156,1,1,50#
67139,$JYJ,13370129329,20111101075810,116.300331,39.911820,428751957,147135610,15,268,1,1,50#
68373,$JYJ,13301204873,20111101080852,116.308166,39.919724,428780884,147164778,12,116,0,0,50#
79353,$JYJ,13311489592,20111101080931,116.303780,39.917103,428764692,147155091,0,188,0,0,50#
79949,$JYJ,13321174645,20111101081420,116.304390,39.914036,428766945,147143778,21,0,0,0,50#
30007,$JYJ,13301204907,20111101081644,116.308998,39.910095,428783987,147129302,30,278,1,1,50#
1053,$JYJ,13311403035,20111101081459,116.302353,39.911614,428759437,147134848,21,260,1,1,50#
41215,$JYJ,13301214750,20111101082225,116.303864,39.910080,428765013,147129195,34,180,0,0,50#
91517,$JYJ,13331194718,20111101083451,116.302566,39.911240,428760228,147133460,10,262,1,1,50#
20765,$JYJ,13311489598,20111101083608,116.300415,39.911835,428752249,147135665,10,264,1,1,50#
57437,$JYJ,13321174660,20111101083807,116.304680,39.912186,428768041,147136977,13,332,1,1,50#
12346,$JYJ,13331194063,20111101083538,116.301430,39.911663,428756034,147135045,21,98,0,0,50#
30299,$JYJ,13331194063,20111101083635,116.302086,39.911606,428758453,147134817,8,90,1,1,50#
16557,$JYJ,13301214192,20111101084557,116.303734,39.918270,428764521,147159413,0,166,0,0,50#
8822,$JYJ,13301214216,20111101084529,116.309082,39.919353,428784289,147163429,4,180,0,0,50#
37534,$JYJ,13311403367,20111101084727,116.309013,39.910149,428784021,147129480,13,272,1,1,50#
38440,$JYJ,13311567174,20111101085207,116.303780,39.911091,428764710,147132928,10,170,1,1,50#
65496,$JYJ,13321164596,20111101085343,116.308449,39.919365,428781967,147163455,0,14,0,0,50#
29741,$JYJ,13381232465,20111101085140,116.302918,39.910469,428761491,147130636,10,294,1,1,50#
54772,$JYJ,13311480750,20111101085805,116.304428,39.914307,428767083,147144806,12,342,1,1,50#
70912,$JYJ,13311489590,20111101085859,116.302536,39.911369,428760101,147133951,10,286,1,1,50#
20730,$JYJ,13311495210,20111101085607,116.308235,39.918713,428781157,147161048,54,132,0,0,50#
175,$JYJ,13301209448,20111101085957,116.304314,39.914959,428766668,147147187,47,356,1,1,50#
47092,$JYJ,13311431368,20111101090745,116.309013,39.919357,428784017,147163445,0,226,0,0,50#
61585,$JYJ,13311470487,20111101090828,116.302620,39.911522,428760416,147134506,4,250,1,1,50#
30314,$JYJ,13381069754,20111101090641,116.307800,39.919834,428779572,147165187,8,136,0,0,50#
67552,$JYJ,13311563649,20111101091325,116.308853,39.918911,428783422,147161792,0,98,0,0,50#
17968,$JYJ,13331194247,20111101091050,116.303780,39.918675,428764711,147160901,0,178,0,0,50#
62718,$JYJ,13370129329,20111101091310,116.301537,39.911732,428756431,147135268,15,268,1,1,50#
36853,$JYJ,13311300674,20111101091655,116.304382,39.916779,428766918,147153913,30,0,0,0,50#
50230,$JYJ,13311426160,20111101092244,116.308098,39.919563,428780659,147164193,6,94,0,0,50#
18395,$JYJ,13311489329,20111101092111,116.308266,39.919731,428781262,147164804,4,122,0,0,50#
9251,$JYJ,13331063466,20111101092526,116.304466,39.911568,428767238,147134712,34,356,1,1,50#
55103,$JYJ,13370129329,20111101092806,116.303749,39.917942,428764575,147158205,12,174,1,1,50#
60393,$JYJ,13311487258,20111101093314,116.303818,39.912640,428764831,147138633,0,178,0,0,50#
10351,$JYJ,13311486410,20111101093535,116.308136,39.919609,428780781,147164349,2,130,0,0,50#
75100,$JYJ,13331154726,20111101093903,116.303917,39.910263,428765207,147129883,41,176,0,0,50#
11553,$JYJ,13301214633,20111101094033,116.300369,39.911777,428752099,147135455,17,254,1,1,50#
81671,$JYJ,13301214656,20111101094412,116.303581,39.918476,428763979,147160144,2,182,0,0,50#
58567,$JYJ,13311431398,20111101094303,116.300766,39.911770,428753566,147135409,0,254,1,1,50#
81034,$JYJ,13311489425,20111101094414,116.308220,39.919529,428781111,147164080,0,94,0,0,50#
13914,$JYJ,13321174658,20111101094040,116.308617,39.919403,428782585,147163594,0,176,0,0,50#
3908,$JYJ,13301214559,20111101094509,116.304535,39.911221,428767470,147133427,2,8,0,0,50#
44249,$JYJ,13311563441,20111101094715,116.302300,39.911820,428759228,147135616,2,212,1,1,50#
45838,$JYJ,13321174658,20111101094719,116.303886,39.917767,428765085,147157533,0,190,1,1,50#
70500,$JYJ,13311486327,20111101095334,116.303764,39.911125,428764647,147133063,47,176,1,1,50#
66006,$JYJ,13321164426,20111101095318,116.308952,39.919479,428783799,147163892,4,110,0,0,50#
67647,$JYJ,13321199451,20111101095322,116.308800,39.918812,428783256,147161424,0,0,0,0,50#
26047,$JYJ,13381068904,20111101095114,116.307518,39.919937,428778503,147165559,26,102,0,0,50#
58096,$JYJ,13331038654,20111101095801,116.301697,39.911583,428756998,147134718,6,96,1,1,50#
64646,$JYJ,13331063466,20111101095824,116.303902,39.914749,428765166,147146409,54,180,0,0,50#
44799,$JYJ,13331194042,20111101095713,116.303780,39.911545,428764682,147134601,0,254,0,0,50#
45028,$JYJ,13311488221,20111101100215,116.308380,39.918930,428781676,147161878,25,102,0,0,50#
6612,$JYJ,13331063466,20111101100021,116.303886,39.910076,428765102,147129205,21,180,1,1,50#
43921,$JYJ,13331037114,20111101101240,116.304619,39.912571,428767801,147138388,34,170,1,1,50#
18016,$JYJ,13311489619,20111101102059,116.303749,39.918011,428764592,147158430,0,0,0,0,50#
12159,$JYJ,13311585234,20111101102040,116.304421,39.911774,428767063,147135455,26,358,1,1,50#
79386,$JYJ,13331093417,20111101102413,116.303772,39.919930,428764671,147165518,13,178,1,1,50#
89866,$JYJ,13381235468,20111101102935,116.304398,39.919544,428766987,147164117,28,0,0,0,50#
10050,$JYJ,13311489619,20111101103031,116.303749,39.918011,428764570,147158438,0,0,0,0,50#
11682,$JYJ,13311489619,20111101103039,116.303780,39.917961,428764704,147158267,12,168,1,1,50#
22910,$JYJ,13311300714,20111101103614,116.303947,39.912300,428765307,147137398,49,178,0,0,50#
22192,$JYJ,13311492164,20111101103612,116.301720,39.911980,428757099,147136213,0,14,0,0,50#
84105,$JYJ,13311492316,20111101103933,116.300247,39.911530,428751635,147134543,28,252,1,1,50#
37704,$JYJ,13301204919,20111101104155,116.303436,39.911106,428763425,147133001,39,178,0,0,50#
51132,$JYJ,13301272203,20111101104233,116.300003,39.917370,428750755,147156053,0,104,0,0,50#
68859,$JYJ,13331192054,20111101104338,116.303780,39.911453,428764708,147134271,0,196,1,1,50#
7900,$JYJ,13331194041,20111101104020,116.300636,39.917412,428753097,147156207,0,60,0,0,50#
49676,$JYJ,13321183411,20111101104734,116.300949,39.911755,428754242,147135370,23,94,1,1,50#
72431,$JYJ,13301214765,20111101105339,116.302399,39.911560,428759589,147134649,0,278,0,0,50#
48223,$JYJ,13331184973,20111101105229,116.303787,39.918125,428764708,147158866,0,0,0,0,50#
52176,$JYJ,13331184973,20111101105241,116.303787,39.918125,428764723,147158876,0,0,1,1,50#
34117,$JYJ,13301209484,20111101110144,116.302200,39.911591,428758847,147134780,4,258,1,1,50#
12352,$JYJ,13301157374,20111101111036,116.303734,39.918167,428764508,147159024,6,180,1,1,50#
61174,$JYJ,13301252434,20111101111313,116.300850,39.911812,428753887,147135588,26,270,0,0,50#
19871,$JYJ,13331154890,20111101111100,116.303764,39.917183,428764659,147155381,6,184,0,0,50#
84184,$JYJ,13311480677,20111101112436,116.303833,39.910267,428764878,147129891,13,170,1,1,50#
11559,$JYJ,13311453448,20111101112532,116.304314,39.911594,428766683,147134803,36,0,0,0,50#
77926,$JYJ,13311489619,20111101112903,116.303787,39.918186,428764734,147159087,0,0,0,0,50#
78969,$JYJ,13311489619,20111101112908,116.303787,39.918186,428764737,147159076,0,0,0,0,50#
19723,$JYJ,13311566841,20111101112600,116.303703,39.918110,428764416,147158794,23,176,0,0,50#
26010,$JYJ,13301252434,20111101113115,116.303902,39.910427,428765141,147130502,30,178,0,0,50#
96649,$JYJ,13301254512,20111101113946,116.303818,39.914318,428764845,147144839,4,184,0,0,50#
11821,$JYJ,13311431074,20111101113531,116.300652,39.913631,428753148,147142286,4,196,0,0,50#
4568,$JYJ,13381232484,20111101113509,116.304565,39.910976,428767596,147132530,0,4,0,0,50#
3551,$JYJ,13301214860,20111101114008,116.303970,39.910225,428765408,147129743,4,180,1,1,50#
54848,$JYJ,13311489619,20111101114242,116.303787,39.918186,428764743,147159083,0,0,0,0,50#
67002,$JYJ,13311403723,20111101114819,116.303833,39.919430,428764908,147163666,41,178,1,1,50#
64881,$JYJ,13311426464,20111101114813,116.303902,39.917942,428765145,147158199,0,142,0,0,50#
37554,$JYJ,13381233400,20111101114653,116.303818,39.917705,428764842,147157305,12,174,1,1,50#
32313,$JYJ,13301184056,20111101115132,116.302887,39.911552,428761392,147134614,30,110,1,1,50#
76744,$JYJ,13301251439,20111101115349,116.304031,39.911999,428765614,147136292,73,180,2,0,50#
19189,$JYJ,13311426464,20111101115054,116.303833,39.916901,428764876,147154348,15,180,1,1,50#
3601,$JYJ,13311486219,20111101115011,116.301987,39.912140,428758075,147136791,15,270,1,1,50#
51152,$JYJ,13311488185,20111101115234,116.309883,39.910484,428787232,147130731,10,78,1,1,50#
10995,$JYJ,13321199429,20111101120030,116.303352,39.911442,428763138,147134227,0,306,0,0,50#
8109,$JYJ,13301204930,20111101120528,116.301613,39.911835,428756711,147135651,0,260,0,0,50#
4298,$JYJ,13311403560,20111101120513,116.300667,39.911861,428753210,147135759,4,82,0,0,50#
25364,$JYJ,13311486228,20111101120627,116.302254,39.911743,428759054,147135335,17,92,1,1,50#
47756,$JYJ,13301127458,20111101121249,116.303947,39.910103,428765313,147129285,51,180,0,0,50#
68262,$JYJ,13321164461,20111101121409,116.303749,39.911835,428764588,147135663,8,286,0,0,50#
52699,$JYJ,13321164782,20111101122321,116.301948,39.911762,428757947,147135389,2,18,0,0,50#
30905,$JYJ,13381102364,20111101122158,116.300552,39.911797,428752772,147135502,0,96,0,0,50#
61456,$JYJ,13301157410,20111101122909,116.304520,39.911030,428767410,147132715,19,292,0,0,50#
59171,$JYJ,13311487298,20111101122905,116.304481,39.911400,428767279,147134063,17,348,1,1,50#
13666,$JYJ,13311492288,20111101122603,116.306099,39.918869,428773260,147161637,21,166,1,1,50#
34987,$JYJ,13331187074,20111101122730,116.308365,39.919632,428781651,147164465,12,92,0,0,50#
17299,$JYJ,13331187074,20111101123110,116.303764,39.918137,428764623,147158899,4,154,1,1,50#
41910,$JYJ,13381077427,20111101123244,116.303932,39.911408,428765251,147134097,51,178,0,0,50#
45331,$JYJ,13301254519,20111101123736,116.304382,39.916492,428766921,147152858,0,4,1,1,50#
67071,$JYJ,13311426448,20111101124345,116.303803,39.917996,428764783,147158403,6,174,1,1,50#
12901,$JYJ,13311489594,20111101124047,116.303886,39.911045,428765099,147132762,12,174,1,1,50#
55415,$JYJ,13321164337,20111101125306,116.304497,39.911159,428767354,147133201,17,346,1,1,50#
51291,$JYJ,13331159442,20111101125253,116.303833,39.911045,428764909,147132770,0,172,0,0,50#
82486,$JYJ,13331186214,20111101125432,116.301331,39.918449,428755635,147160037,15,272,0,0,50#
8710,$JYJ,13311486303,20111101130533,116.304001,39.910412,428765491,147130435,28,180,0,0,50#
15643,$JYJ,13311488179,20111101130552,116.308197,39.919659,428780996,147164547,13,146,0,0,50#
38022,$JYJ,13311488179,20111101130702,116.308235,39.919643,428781175,147164507,0,206,1,1,50#
49409,$JYJ,13311571674,20111101130739,116.300751,39.911663,428753487,147135034,19,90,1,1,50#
10858,$JYJ,13311489453,20111101131035,116.303749,39.918163,428764579,147158993,2,180,1,1,50#
9617,$JYJ,13311489660,20111101131027,116.303833,39.919014,428764902,147162127,45,178,0,0,50#
60016,$JYJ,13331194641,20111101131304,116.300217,39.911797,428751544,147135517,23,270,1,1,50#
78118,$JYJ,13311403296,20111101131922,116.307953,39.919979,428780125,147165712,0,290,0,0,50#
36349,$JYJ,13311431159,20111101131710,116.303780,39.918247,428764716,147159300,6,176,1,1,50#
62201,$JYJ,13311480717,20111101131828,116.300537,39.910530,428752716,147130854,0,78,0,0,50#
53570,$JYJ,13331093416,20111101131803,116.308464,39.919483,428782023,147163899,0,178,0,0,50#
71900,$JYJ,13331093416,20111101131859,116.308365,39.919533,428781656,147164075,8,12,1,1,50#
12965,$JYJ,13331186411,20111101131546,116.303665,39.919365,428764283,147163440,39,178,0,0,50#
50789,$JYJ,13381077416,20111101131758,116.303803,39.918125,428764790,147158852,51,180,1,1,50#
36018,$JYJ,13311480717,20111101132155,116.303085,39.911358,428762149,147133926,23,128,1,1,50#
56573,$JYJ,13311486223,20111101132251,116.304550,39.911053,428767539,147132805,25,292,1,1,50#
33012,$JYJ,13311566467,20111101132141,116.302048,39.911640,428758303,147134934,0,276,0,0,50#
3346,$JYJ,13331093437,20111101132011,116.308487,39.919498,428782087,147163957,6,178,0,0,50#
59840,$JYJ,13331093437,20111101132306,116.303818,39.918083,428764844,147158707,19,172,1,1,50#
15711,$JYJ,13381077431,20111101132045,116.304497,39.916626,428767342,147153358,19,358,1,1,50#
38534,$JYJ,13301150242,20111101132657,116.304466,39.916607,428767219,147153270,15,346,1,1,50#
95856,$JYJ,13301174931,20111101133452,116.301651,39.911709,428756853,147135214,0,276,0,0,50#
54318,$JYJ,13381232437,20111101133241,116.303803,39.918285,428764786,147159471,0,180,0,0,50#
56992,$JYJ,13321164875,20111101133800,116.303917,39.918228,428765190,147159246,0,178,1,1,50#
80340,$JYJ,13301174901,20111101134402,116.308434,39.919590,428781912,147164301,0,130,0,0,50#
32108,$JYJ,13301254308,20111101134133,116.308350,39.919621,428781571,147164394,4,90,0,0,50#
69277,$JYJ,13311488192,20111101134329,116.303734,39.919720,428764515,147164754,15,184,1,1,50#
68032,$JYJ,13331154835,20111101135343,116.303879,39.910210,428765073,147129681,15,168,1,1,50#
57106,$JYJ,13311426476,20111101135814,116.303833,39.918102,428764906,147158793,8,158,1,1,50#
52500,$JYJ,13311492182,20111101135757,116.300346,39.911568,428751997,147134686,30,74,0,0,50#
27276,$JYJ,13321183432,20111101135631,116.303902,39.912052,428765147,147136478,2,200,0,0,50#
37880,$JYJ,13331156446,20111101135711,116.300598,39.911705,428752961,147135186,0,214,0,0,50#
74603,$JYJ,13301174976,20111101140351,116.303886,39.910183,428765090,147129590,13,240,0,0,50#
81705,$JYJ,13311486236,20111101140416,116.303848,39.911614,428764937,147134862,10,174,1,1,50#
43699,$JYJ,13321164902,20111101140217,116.307465,39.910267,428778314,147129927,4,98,1,1,50#
70311,$JYJ,13321199436,20111101141339,116.303818,39.918602,428764828,147160609,0,200,0,0,50#
62994,$JYJ,13381066724,20111101141319,116.300102,39.917351,428751127,147155973,0,80,0,0,50#
18246,$JYJ,13301254115,20111101141558,116.304481,39.916634,428767308,147153384,0,2,0,0,50#
9585,$JYJ,13311492199,20111101141526,116.303780,39.918068,428764716,147158669,0,158,1,1,50#
47837,$JYJ,13321199340,20111101141741,116.303551,39.911243,428763870,147133492,0,18,0,0,50#
63018,$JYJ,13381066724,20111101141827,116.303803,39.917961,428764783,147158272,4,178,1,1,50#
16519,$JYJ,13301272878,20111101142044,116.302780,39.911327,428760998,147133805,13,116,1,1,50#
25651,$JYJ,13311403560,20111101142111,116.303864,39.911232,428764990,147133466,8,176,0,0,50#
16537,$JYJ,13311403714,20111101142047,116.302750,39.911358,428760885,147133919,0,144,0,0,50#
4953,$JYJ,13301214719,20111101142512,116.302483,39.911652,428759903,147134983,0,284,0,0,50#
38235,$JYJ,13301254552,20111101142658,116.305130,39.910717,428769664,147131556,13,286,0,0,50#
62037,$JYJ,13311426065,20111101142803,116.303749,39.919834,428764599,147165156,10,174,1,1,50#
83845,$JYJ,13311488235,20111101142859,116.307655,39.910129,428779028,147129399,15,96,1,1,50#
27945,$JYJ,13311566841,20111101142626,116.304764,39.910931,428768340,147132346,10,300,1,1,50#
20126,$JYJ,13301174937,20111101143048,116.302803,39.911270,428761082,147133596,0,116,1,1,50#
95946,$JYJ,13311191458,20111101143356,116.301651,39.911633,428756824,147134907,8,74,1,1,50#
43526,$JYJ,13311431512,20111101143149,116.302834,39.911426,428761196,147134179,0,280,0,0,50#
21282,$JYJ,13311453280,20111101143053,116.303719,39.918526,428764458,147160359,2,178,0,0,50#
84471,$JYJ,13381102514,20111101143331,116.307098,39.910263,428776933,147129902,8,276,1,1,50#
25057,$JYJ,13301204983,20111101143600,116.301201,39.911652,428755169,147134978,15,270,1,1,50#
16257,$JYJ,13301254121,20111101143541,116.303818,39.917870,428764824,147157918,30,176,1,1,50#
32116,$JYJ,13311488102,20111101143620,116.303902,39.910873,428765161,147132149,63,178,0,0,50#
29,$JYJ,13381232472,20111101143455,116.301834,39.911694,428757501,147135156,19,274,1,1,50#
101317,$JYJ,13321164341,20111101144412,116.300270,39.911682,428751717,147135085,15,98,0,0,50#
69449,$JYJ,13331194626,20111101144253,116.304421,39.916458,428767057,147152713,21,12,0,0,50#
15650,$JYJ,13301214025,20111101144539,116.303864,39.919853,428765027,147165252,12,176,0,0,50#
51623,$JYJ,13311431390,20111101144709,116.300018,39.917446,428750809,147156325,8,122,0,0,50#
100857,$JYJ,13311492200,20111101144911,116.303833,39.918137,428764888,147158895,17,174,1,1,50#
42472,$JYJ,13311495166,20111101144645,116.303749,39.918507,428764593,147160271,8,164,1,1,50#
75764,$JYJ,13321164341,20111101144810,116.305351,39.910656,428770514,147131331,0,108,1,1,50#
15586,$JYJ,13321164444,20111101144541,116.304512,39.916603,428767403,147153274,0,68,1,1,50#
61550,$JYJ,13311426103,20111101145230,116.303803,39.910278,428764797,147129953,4,196,0,0,50#
44455,$JYJ,13331194785,20111101145155,116.303803,39.918137,428764801,147158910,10,168,1,1,50#
31478,$JYJ,13301214860,20111101145618,116.303780,39.918095,428764704,147158739,17,174,1,1,50#
49637,$JYJ,13311426037,20111101145703,116.300034,39.917400,428750869,147156170,12,92,1,1,50#
107973,$JYJ,13311579254,20111101145928,116.301918,39.911678,428757833,147135073,30,274,1,1,50#
41297,$JYJ,13321164444,20111101145646,116.303772,39.918083,428764686,147158722,0,136,0,0,50#
42626,$JYJ,13321164444,20111101145650,116.303772,39.918083,428764662,147158722,0,82,0,0,50#
106033,$JYJ,13321164444,20111101145926,116.303818,39.918049,428764841,147158595,0,72,0,0,50#
110909,$JYJ,13321164444,20111101145940,116.303818,39.917969,428764834,147158284,0,78,0,0,50#
112669,$JYJ,13321164444,20111101145943,116.303818,39.917969,428764838,147158274,0,58,0,0,50#
51115,$JYJ,13331187023,20111101145708,116.303780,39.918953,428764709,147161903,0,0,0,0,50#
52171,$JYJ,13381069334,20111101145710,116.303818,39.918236,428764831,147159263,13,176,1,1,50#
76296,$JYJ,13301204885,20111101150312,116.303932,39.911095,428765265,147132964,49,180,0,0,50#
53532,$JYJ,13311470411,20111101150214,116.304474,39.911797,428767274,147135547,0,0,0,0,50#
55083,$JYJ,13311470411,20111101150217,116.304474,39.911797,428767255,147135545,0,0,0,0,50#
7370,$JYJ,13311495382,20111101150012,116.303833,39.918537,428764894,147160397,0,184,0,0,50#
36100,$JYJ,13321164444,20111101150131,116.303803,39.917969,428764792,147158279,0,56,0,0,50#
42932,$JYJ,13321164444,20111101150148,116.303803,39.917969,428764764,147158299,0,48,0,0,50#
44599,$JYJ,13321164444,20111101150152,116.303803,39.917965,428764794,147158286,0,44,0,0,50#
111320,$JYJ,13311495199,20111101150938,116.303917,39.915298,428765209,147148450,41,180,0,0,50#
65687,$JYJ,13321164444,20111101150750,116.303795,39.917938,428764756,147158171,0,32,0,0,50#
70065,$JYJ,13321164444,20111101150801,116.303818,39.917835,428764830,147157811,19,166,1,1,50#
82150,$JYJ,13381235407,20111101150828,116.301247,39.911743,428755335,147135337,32,276,1,1,50#
100741,$JYJ,13301150654,20111101151436,116.303780,39.918110,428764708,147158818,0,178,1,1,50#
14815,$JYJ,13301156424,20111101151038,116.303886,39.910511,428765085,147130789,10,182,1,1,50#
72427,$JYJ,13311470411,20111101151326,116.304474,39.911797,428767256,147135543,0,0,0,0,50#
98171,$JYJ,13331154756,20111101151435,116.303947,39.911495,428765316,147134428,41,178,0,0,50#
58734,$JYJ,13331189074,20111101151247,116.302002,39.911686,428758135,147135117,15,282,0,0,50#
60721,$JYJ,13311403573,20111101151734,116.307320,39.910324,428777752,147130125,13,286,1,1,50#
4339,$JYJ,13311453480,20111101151512,116.303932,39.910129,428765238,147129390,28,178,1,1,50#
68534,$JYJ,13301214597,20111101152259,116.303886,39.910286,428765067,147129983,0,174,1,1,50#
83197,$JYJ,13311480779,20111101152342,116.304436,39.917221,428767117,147155540,10,8,1,1,50#
65318,$JYJ,13321199304,20111101152249,116.308937,39.919086,428783764,147162448,2,106,0,0,50#
108935,$JYJ,13301156347,20111101152935,116.300583,39.911953,428752884,147136084,0,256,2,0,50#
16572,$JYJ,13311495376,20111101152542,116.303947,39.910107,428765324,147129323,39,180,0,0,50#
5291,$JYJ,13321199304,20111101152511,116.307518,39.919807,428778521,147165093,0,264,1,1,50#
15470,$JYJ,13331189074,20111101152538,116.303864,39.918385,428765023,147159809,4,180,1,1,50#
70377,$JYJ,13301164125,20111101153315,116.303932,39.910061,428765278,147129135,8,152,0,0,50#
23865,$JYJ,13311489375,20111101153102,116.303833,39.918419,428764897,147159952,17,182,0,0,50#
71765,$JYJ,13301155428,20111101153805,116.303719,39.918140,428764453,147158916,10,182,0,0,50#
45599,$JYJ,13311431054,20111101153655,116.303833,39.919800,428764917,147165028,17,182,1,1,50#
50326,$JYJ,13301155428,20111101154203,116.304703,39.911446,428768106,147134247,19,358,1,1,50#
42457,$JYJ,13321164796,20111101154150,116.303818,39.918343,428764840,147159668,0,182,0,0,50#
53056,$JYJ,13381101914,20111101154211,116.300064,39.911774,428750971,147135443,0,74,0,0,50#
117929,$JYJ,13331194174,20111101154953,116.303803,39.917999,428764774,147158416,0,174,1,1,50#
105787,$JYJ,13381083420,20111101154924,116.304451,39.919502,428767182,147163963,32,358,0,0,50#
72180,$JYJ,13381101914,20111101154758,116.302650,39.911541,428760519,147134600,0,284,1,1,50#
118389,$JYJ,13321164765,20111101155459,116.303947,39.918014,428765316,147158449,28,174,1,1,50#
37698,$JYJ,13301184033,20111101155634,116.303833,39.918636,428764906,147160762,28,180,0,0,50#
18910,$JYJ,13311191422,20111101155547,116.303833,39.917934,428764881,147158158,23,174,1,1,50#
48731,$JYJ,13321174655,20111101160204,116.300346,39.918987,428752023,147162009,0,278,0,0,50#
70374,$JYJ,13370122439,20111101160757,116.304436,39.917274,428767121,147155733,21,0,1,1,50#
68013,$JYJ,13301156546,20111101161352,116.303833,39.917499,428764875,147156554,28,176,1,1,50#
8419,$JYJ,13370122437,20111101161020,116.301514,39.911873,428756308,147135803,10,270,1,1,50#
61698,$JYJ,13370126458,20111101161328,116.303886,39.910252,428765098,147129826,36,178,0,0,50#
19043,$JYJ,13301214220,20111101161551,116.303795,39.918404,428764753,147159905,10,182,0,0,50#
9225,$JYJ,13311426103,20111101161522,116.303803,39.911953,428764785,147136099,19,186,0,0,50#
102530,$JYJ,13311453487,20111101161925,116.303398,39.917881,428763273,147157963,10,82,1,1,50#
30656,$JYJ,13311578584,20111101161616,116.303780,39.918282,428764683,147159442,0,192,0,0,50#
44866,$JYJ,13321199314,20111101161656,116.304451,39.919842,428767166,147165211,0,2,0,0,50#
39014,$JYJ,13311470333,20111101162137,116.304436,39.918266,428767127,147159406,15,354,1,1,50#
3437,$JYJ,13311470496,20111101162006,116.303803,39.918171,428764800,147159049,19,170,1,1,50#
87609,$JYJ,13311582491,20111101162346,116.305183,39.910755,428769869,147131714,0,48,0,0,50#
46067,$JYJ,13321164803,20111101162159,116.308197,39.910187,428781032,147129615,23,94,0,0,50#
38549,$JYJ,13301104039,20111101162638,116.304481,39.919784,428767282,147164976,0,346,0,0,50#
105386,$JYJ,13311431590,20111101162932,116.304001,39.918091,428765508,147158725,2,222,0,0,50#
1884,$JYJ,13311426460,20111101163005,116.303940,39.911159,428765275,147133197,47,178,0,0,50#
29705,$JYJ,13311431590,20111101163120,116.303436,39.917889,428763442,147157995,12,158,1,1,50#
16597,$JYJ,13301214104,20111101163553,116.304604,39.911423,428767760,147134151,12,338,1,1,50#
55438,$JYJ,13311486254,20111101163820,116.304451,39.910885,428767162,147132192,25,358,1,1,50#
10329,$JYJ,13321183406,20111101163528,116.303833,39.917538,428764880,147156694,21,180,1,1,50#
79990,$JYJ,13311453279,20111101164325,116.305046,39.910744,428769367,147131669,0,0,0,0,50#
71017,$JYJ,13311488205,20111101164259,116.304451,39.910656,428767188,147131327,8,6,1,1,50#
21418,$JYJ,13321183483,20111101164557,116.303917,39.910122,428765207,147129369,30,180,0,0,50#
50399,$JYJ,13331194233,20111101164708,116.302315,39.911560,428759298,147134647,8,122,0,0,50#
25032,$JYJ,13301214148,20111101165109,116.303825,39.917885,428764856,147157994,10,184,1,1,50#
45990,$JYJ,13311486313,20111101165134,116.303116,39.911217,428762239,147133407,10,114,1,1,50#
11962,$JYJ,13311403585,20111101165533,116.309051,39.910198,428784189,147129663,13,302,0,0,50#
8966,$JYJ,13311487192,20111101165523,116.307312,39.910129,428777736,147129417,0,0,0,0,50#
49978,$JYJ,13311487192,20111101165708,116.301346,39.911667,428755689,147135057,19,268,1,1,50#
43914,$JYJ,13331194082,20111101165649,116.302147,39.911633,428758660,147134928,21,278,0,0,50#
26851,$JYJ,13331194451,20111101170105,116.302132,39.911426,428758628,147134176,0,164,0,0,50#
35658,$JYJ,13331194451,20111101170127,116.302063,39.911415,428758340,147134112,12,266,1,1,50#
43958,$JYJ,13301155451,20111101170648,116.301903,39.911568,428757777,147134667,21,96,1,1,50#
51095,$JYJ,13311576748,20111101170706,116.303818,39.918007,428764850,147158446,17,172,1,1,50#
98290,$JYJ,13321174768,20111101170901,116.303864,39.910217,428765024,147129728,36,178,0,0,50#
49527,$JYJ,13331159403,20111101170700,116.303848,39.915138,428764953,147147869,32,178,0,0,50#
38750,$JYJ,13311403723,20111101171133,116.304451,39.916962,428767190,147154597,26,358,1,1,50#
46183,$JYJ,13301254512,20111101171658,116.303833,39.911518,428764904,147134525,0,178,0,0,50#
48926,$JYJ,13321164472,20111101171701,116.300468,39.911701,428752457,147135175,15,88,1,1,50#
62653,$JYJ,13321164857,20111101171738,116.303864,39.918419,428764996,147159937,4,190,0,0,50#
117419,$JYJ,13381068904,20111101171951,116.308037,39.910042,428780420,147129083,10,90,1,1,50#
104532,$JYJ,13301104097,20111101172415,116.300766,39.911678,428753554,147135070,0,302,0,0,50#
63083,$JYJ,13311191419,20111101172235,116.300468,39.911652,428752445,147134975,10,86,0,0,50#
66604,$JYJ,13311431425,20111101172242,116.304436,39.912334,428767115,147137514,25,358,1,1,50#
31927,$JYJ,13311563409,20111101172117,116.303780,39.918041,428764695,147158560,17,184,0,0,50#
45112,$JYJ,13311563409,20111101172148,116.303848,39.917412,428764960,147156240,25,174,1,1,50#
75251,$JYJ,13301204945,20111101172809,116.303864,39.912125,428765015,147136745,0,0,1,1,50#
21249,$JYJ,13321164857,20111101172550,116.304451,39.919861,428767197,147165259,15,4,1,1,50#
96316,$JYJ,13331063423,20111101172853,116.304550,39.911240,428767551,147133495,8,356,1,1,50#
115463,$JYJ,13331194944,20111101172942,116.301247,39.912827,428755345,147139317,0,352,0,0,50#
54514,$JYJ,13301104017,20111101173214,116.301468,39.911713,428756139,147135210,6,246,1,1,50#
65914,$JYJ,13301214673,20111101174743,116.306717,39.913933,428775546,147143428,156,296,1,1,50#
57828,$JYJ,13311486345,20111101174727,116.304497,39.911236,428767342,147133468,0,2,0,0,50#
37606,$JYJ,13321164340,20111101174633,116.305649,39.910690,428771612,147131459,0,18,0,0,50#
2652,$JYJ,13311486345,20111101175003,116.304451,39.918083,428767189,147158726,19,358,1,1,50#
80803,$JYJ,13321164546,20111101175320,116.306663,39.911221,428775361,147133438,19,282,1,1,50#
59131,$JYJ,13311495255,20111101175725,116.300514,39.911770,428752639,147135426,2,48,0,0,50#
90887,$JYJ,13331156459,20111101175847,116.301735,39.911923,428757133,147135997,2,90,0,0,50#
73732,$JYJ,13311431049,20111101180302,116.303803,39.919182,428764764,147162774,21,178,1,1,50#
102617,$JYJ,13311487202,20111101180416,116.304817,39.910568,428768519,147131024,0,118,1,1,50#
68110,$JYJ,13311162494,20111101180748,116.309601,39.910542,428786207,147130941,10,238,1,1,50#
88270,$JYJ,13311565734,20111101180839,116.304466,39.917034,428767247,147154838,0,12,0,0,50#
37744,$JYJ,13321164581,20111101180620,116.303848,39.910240,428764945,147129802,13,174,1,1,50#
86795,$JYJ,13301138004,20111101181339,116.304031,39.910152,428765617,147129486,17,164,1,1,50#
70767,$JYJ,13321164547,20111101181250,116.304848,39.910301,428768647,147130028,23,142,1,1,50#
115293,$JYJ,13331154881,20111101181447,116.303902,39.910057,428765158,147129123,0,196,1,1,50#
29639,$JYJ,13301125437,20111101181614,116.303680,39.917965,428764331,147158258,10,174,1,1,50#
110096,$JYJ,13311487271,20111101181939,116.304481,39.917118,428767274,147155157,0,354,0,0,50#
54805,$JYJ,13301169147,20111101182212,116.304421,39.910030,428767061,147129040,8,352,1,1,50#
35119,$JYJ,13311487271,20111101182130,116.304421,39.919972,428767055,147165691,10,348,1,1,50#
110789,$JYJ,13311426397,20111101182931,116.303383,39.911213,428763223,147133366,15,110,1,1,50#
24941,$JYJ,13331085284,20111101182601,116.302147,39.911602,428758678,147134800,0,284,0,0,50#
83684,$JYJ,13311431220,20111101183826,116.303764,39.919792,428764638,147165025,10,164,1,1,50#
92076,$JYJ,13321183485,20111101183850,116.304421,39.918694,428767046,147160958,21,358,1,1,50#
100030,$JYJ,13331187845,20111101183908,116.304703,39.910839,428768089,147132011,28,288,1,1,50#
6827,$JYJ,13311403511,20111101184017,116.300606,39.911804,428752982,147135554,0,0,0,0,50#
62366,$JYJ,13311453374,20111101184237,116.303879,39.913178,428765082,147140623,28,180,0,0,50#
44280,$JYJ,13321199749,20111101184648,116.300720,39.910584,428753395,147131050,2,78,0,0,50#
69166,$JYJ,13331154771,20111101185250,116.304069,39.910576,428765745,147131031,13,174,1,1,50#
13990,$JYJ,13381232462,20111101185535,116.303886,39.910458,428765072,147130586,4,174,1,1,50#
106007,$JYJ,13301156431,20111101190424,116.303833,39.914524,428764912,147145579,0,190,1,1,50#
51187,$JYJ,13311300674,20111101190205,116.303864,39.910240,428765014,147129795,0,182,1,1,50#
46239,$JYJ,13331194692,20111101190159,116.304497,39.912392,428767357,147137737,17,354,1,1,50#
87091,$JYJ,13381096854,20111101190336,116.303902,39.910854,428765137,147132048,39,178,0,0,50#
114984,$JYJ,13311300504,20111101190948,116.303787,39.917973,428764713,147158307,0,0,0,0,50#
105155,$JYJ,13311487188,20111101190924,116.303803,39.918182,428764786,147159083,25,186,0,0,50#
109031,$JYJ,13301125475,20111101191432,116.302284,39.911724,428759166,147135245,0,108,1,1,50#
18989,$JYJ,13311487188,20111101191053,116.303749,39.917801,428764587,147157677,15,168,1,1,50#
78446,$JYJ,13321164467,20111101191321,116.303947,39.910255,428765321,147129839,0,190,1,1,50#
3917,$JYJ,13301214196,20111101191507,116.301765,39.911713,428757260,147135214,15,282,1,1,50#
13503,$JYJ,13321164876,20111101191534,116.304535,39.910858,428767471,147132065,2,66,0,0,50#
38565,$JYJ,13331194747,20111101191639,116.300652,39.911633,428753147,147134898,0,270,0,0,50#
105793,$JYJ,13331194747,20111101191923,116.301765,39.911552,428757263,147134618,0,150,1,1,50#
71981,$JYJ,13301254506,20111101192259,116.303917,39.910420,428765185,147130458,0,180,0,0,50#
36062,$JYJ,13311300694,20111101192132,116.307900,39.919891,428779927,147165406,13,274,1,1,50#
109812,$JYJ,13311403281,20111101192432,116.303864,39.915623,428765028,147149627,19,178,1,1,50#
81875,$JYJ,13321164451,20111101192324,116.303902,39.911449,428765159,147134246,2,186,0,0,50#
18781,$JYJ,13331194291,20111101192046,116.303932,39.914902,428765241,147146996,0,166,0,0,50#
37804,$JYJ,13311403751,20111101192632,116.304352,39.911408,428766826,147134119,30,358,1,1,50#
113579,$JYJ,13311578044,20111101192940,116.305649,39.919910,428771621,147165449,0,80,0,0,50#
42116,$JYJ,13311403281,20111101193147,116.303917,39.910320,428765187,147130090,0,174,0,0,50#
21165,$JYJ,13311403316,20111101193052,116.303070,39.910519,428762066,147130830,4,328,0,0,50#
63516,$JYJ,13311495079,20111101193237,116.300117,39.914055,428751184,147143823,0,18,0,0,50#
28422,$JYJ,13311453229,20111101193605,116.303764,39.910893,428764619,147132212,0,192,1,1,50#
59660,$JYJ,13311487124,20111101193729,116.307404,39.911735,428778090,147135349,17,344,1,1,50#
81495,$JYJ,13311487150,20111101193820,116.306480,39.910351,428774681,147130239,21,102,1,1,50#
41243,$JYJ,13331186243,20111101194141,116.303864,39.910446,428765010,147130548,52,174,0,0,50#
46529,$JYJ,13381068994,20111101194157,116.303886,39.911835,428765097,147135676,43,180,0,0,50#
46201,$JYJ,13311403737,20111101194653,116.302353,39.911888,428759405,147135863,0,292,0,0,50#
104165,$JYJ,13331154743,20111101194921,116.303848,39.911610,428764933,147134863,8,178,1,1,50#
20684,$JYJ,13311403050,20111101195052,116.301186,39.911766,428755127,147135407,21,278,1,1,50#
48894,$JYJ,13311566934,20111101195159,116.303047,39.911274,428761973,147133591,13,290,1,1,50#
43421,$JYJ,13381235481,20111101195147,116.304398,39.919930,428766998,147165528,0,0,2,0,50#
84873,$JYJ,13311453415,20111101195910,116.303803,39.917179,428764793,147155364,19,178,1,1,50#
64215,$JYJ,13370129364,20111101195815,116.303780,39.918346,428764710,147159697,17,182,0,0,50#
29616,$JYJ,13301104033,20111101200111,116.303848,39.910557,428764968,147130956,19,176,1,1,50#
85140,$JYJ,13311426430,20111101200337,116.300102,39.914406,428751135,147145127,0,36,0,0,50#
70405,$JYJ,13331063421,20111101200256,116.303917,39.910038,428765209,147129047,4,174,1,1,50#
109302,$JYJ,13301207495,20111101201433,116.306984,39.910877,428776540,147132182,8,118,1,1,50#
52142,$JYJ,13311403121,20111101201212,116.307869,39.919983,428779825,147165741,0,162,1,1,50#
77660,$JYJ,13311426298,20111101201311,116.300049,39.911652,428750935,147134994,13,106,1,1,50#
10167,$JYJ,13311486225,20111101201028,116.303970,39.910088,428765380,147129242,2,164,1,1,50#
10861,$JYJ,13311453443,20111101201514,116.304367,39.910759,428766882,147131704,30,358,1,1,50#
61571,$JYJ,13311495355,20111101203233,116.300346,39.910992,428752034,147132544,0,186,0,0,50#
30210,$JYJ,13301125457,20111101203614,116.300514,39.912075,428752635,147136547,2,48,0,0,50#
49038,$JYJ,13311492110,20111101203658,116.302147,39.911941,428758674,147136064,0,16,0,0,50#
25600,$JYJ,13331194308,20111101203605,116.302330,39.911636,428759334,147134925,15,96,1,1,50#
98269,$JYJ,13311495351,20111101204419,116.303848,39.911846,428764943,147135726,0,170,1,1,50#
42683,$JYJ,13301127407,20111101204646,116.308914,39.910095,428783651,147129305,19,86,1,1,50#
1619,$JYJ,13311495334,20111101204505,116.304466,39.919029,428767222,147162198,0,0,0,0,50#
2995,$JYJ,13311495334,20111101204509,116.304466,39.919029,428767223,147162191,0,0,0,0,50#
32907,$JYJ,13311495334,20111101204625,116.304466,39.919029,428767219,147162187,0,0,0,0,50#
60969,$JYJ,13301104081,20111101205233,116.302048,39.911610,428758283,147134846,26,280,0,0,50#
68060,$JYJ,13311426424,20111101205252,116.301415,39.913818,428755980,147142988,0,168,0,0,50#
27326,$JYJ,13301126147,20111101205610,116.300568,39.911747,428752826,147135328,4,116,1,1,50#
17148,$JYJ,13301208445,20111101205548,116.303749,39.917915,428764604,147158108,8,176,1,1,50#
9892,$JYJ,13311570481,20111101205523,116.303734,39.919769,428764524,147164932,0,176,0,0,50#
115782,$JYJ,13321164884,20111101205948,116.304398,39.914448,428766980,147145313,28,350,1,1,50#
26666,$JYJ,13331063412,20111101205609,116.307770,39.910076,428779439,147129209,0,278,0,0,50#
9861,$JYJ,13381235401,20111101205524,116.303864,39.919514,428765015,147163994,0,192,0,0,50#
88463,$JYJ,13311403171,20111101210339,116.303886,39.916477,428765108,147152783,38,180,1,1,50#
110864,$JYJ,13311403171,20111101210432,116.303947,39.911144,428765328,147133127,0,182,0,0,50#
61398,$JYJ,13311480679,20111101210234,116.303894,39.916683,428765132,147153538,25,174,1,1,50#
37875,$JYJ,13381101914,20111101210133,116.303833,39.914562,428764911,147145747,6,174,0,0,50#
6438,$JYJ,13311453371,20111101211015,116.301552,39.913570,428756452,147142060,12,228,0,0,50#
93,$JYJ,13321174853,20111101210959,116.303749,39.917717,428764602,147157349,21,172,1,1,50#
35344,$JYJ,13311492209,20111101211625,116.300865,39.915150,428753946,147147871,0,14,0,0,50#
63758,$JYJ,13311565748,20111101211738,116.303818,39.911461,428764850,147134285,0,184,0,0,50#
47088,$JYJ,13321199844,20111101211651,116.301765,39.911587,428757248,147134736,0,124,0,0,50#
104452,$JYJ,13331194204,20111101211912,116.301651,39.911755,428756823,147135382,19,110,1,1,50#
7912,$JYJ,13301155441,20111101212018,116.300201,39.911758,428751461,147135369,12,272,1,1,50#
49464,$JYJ,13321174657,20111101212202,116.304321,39.916565,428766697,147153107,32,350,1,1,50#
117771,$JYJ,13321199844,20111101212444,116.305054,39.910767,428769399,147131739,6,110,1,1,50#
56061,$JYJ,13331194308,20111101212214,116.303864,39.919724,428764997,147164746,19,176,1,1,50#
30929,$JYJ,13301204946,20111101213117,116.300934,39.911732,428754205,147135293,12,264,1,1,50#
3468,$JYJ,13301214012,20111101213007,116.301651,39.912262,428756844,147137246,0,16,0,0,50#
17002,$JYJ,13311026465,20111101213041,116.304604,39.911377,428767733,147134008,43,0,0,0,50#
20009,$JYJ,13311495337,20111101213053,116.301804,39.911694,428757418,147135137,0,282,0,0,50#
55533,$JYJ,13311426159,20111101213717,116.303734,39.917808,428764513,147157692,12,166,1,1,50#
89335,$JYJ,13301254159,20111101214839,116.301537,39.911614,428756431,147134834,0,90,0,0,50#
87640,$JYJ,13311495066,20111101214753,116.300217,39.913868,428751548,147143153,17,358,0,0,50#
79184,$JYJ,13311470348,20111101215822,116.301132,39.911724,428754908,147135264,0,278,0,0,50#
40319,$JYJ,13301204937,20111101220144,116.301132,39.911785,428754897,147135479,2,274,0,0,50#
54929,$JYJ,13381069594,20111101220215,116.303932,39.911705,428765270,147135210,19,154,1,1,50#
34278,$JYJ,13301156435,20111101220624,116.304382,39.919277,428766919,147163103,0,8,0,0,50#
113554,$JYJ,13311453369,20111101220938,116.303917,39.910160,428765189,147129516,51,178,0,0,50#
23879,$JYJ,13311453369,20111101221603,116.304421,39.918297,428767053,147159491,28,356,1,1,50#
94222,$JYJ,13311570491,20111101223855,116.303864,39.914509,428765006,147145520,0,182,0,0,50#
7982,$JYJ,13321189844,20111101223518,116.303886,39.913200,428765086,147140714,47,184,0,0,50#
89831,$JYJ,13331194186,20111101223847,116.303833,39.911465,428764909,147134297,0,184,0,0,50#
69652,$JYJ,13381101340,20111101224249,116.303383,39.911373,428763245,147133963,0,128,0,0,50#
105944,$JYJ,13311492141,20111101232427,116.303864,39.910660,428765019,147131354,0,0,0,0,50#
107662,$JYJ,13311492141,20111101232431,116.303864,39.910660,428765012,147131344,0,0,0,0,50#
93699,$JYJ,13311495339,20111101232354,116.301018,39.911808,428754511,147135553,19,88,1,1,50#
107133,$JYJ,13321180463,20111101232426,116.303864,39.916054,428765016,147151234,13,176,1,1,50#
31835,$JYJ,13301204956,20111101233119,116.303803,39.918461,428764786,147160090,8,174,1,1,50#
30713,$JYJ,13301214146,20111101233116,116.303398,39.911259,428763292,147133555,0,104,0,0,50#
58460,$JYJ,13301214146,20111101233225,116.305534,39.910698,428771189,147131498,23,100,1,1,50#
21868,$JYJ,13331194841,20111101233058,116.303780,39.911514,428764690,147134481,2,182,0,0,50#
23860,$JYJ,13301125473,20111101234100,116.302551,39.911526,428760140,147134539,6,306,0,0,50#
79202,$JYJ,13311191481,20111101234324,116.301819,39.911758,428757436,147135375,6,86,1,1,50#
73282,$JYJ,13311495326,20111101234306,116.303818,39.918533,428764851,147160367,2,190,1,1,50#
33048,$JYJ,13301125473,20111101234625,116.301147,39.911835,428754971,147135670,0,280,0,0,50#
57746,$JYJ,13301208458,20111101235226,116.301613,39.912228,428756676,147137098,0,12,0,0,50#
