21304,$JYJ,13301184136,20111101000610,116.325737,39.829613,428845783,146832715,0,268,0,0,50#
49068,$JYJ,13381102724,20111101003725,116.329895,39.823174,428861117,146808981,0,0,0,0,50#
47705,$JYJ,13381083461,20111101033752,116.328720,39.827743,428856779,146825837,0,112,0,0,50#
63803,$JYJ,13311486497,20111101034856,116.329903,39.824486,428861176,146813818,17,186,1,1,50#
63801,$JYJ,13311495066,20111101042406,116.329933,39.820335,428861292,146798544,6,180,0,0,50#
32582,$JYJ,13301214154,20111101053646,116.329864,39.822819,428861026,146807702,0,180,0,0,50#
45231,$JYJ,13311470482,20111101061718,116.329849,39.826633,428860961,146821736,0,182,0,0,50#
44376,$JYJ,13311470482,20111101062212,116.322418,39.829594,428833534,146832609,19,266,1,1,50#
20123,$JYJ,13311492300,20111101062557,116.329880,39.821636,428861063,146803315,15,176,1,1,50#
98055,$JYJ,13381102534,20111101070440,116.329948,39.821487,428861313,146802784,21,356,1,1,50#
44062,$JYJ,13311495234,20111101070704,116.329918,39.822243,428861242,146805550,21,356,1,1,50#
99172,$JYJ,13311566403,20111101070947,116.329903,39.823082,428861147,146808659,4,24,1,1,50#
55285,$JYJ,13331194461,20111101071237,116.329330,39.827370,428859050,146824469,10,58,1,1,50#
28996,$JYJ,13311470482,20111101071623,116.322777,39.829601,428834853,146832658,15,264,1,1,50#
87834,$JYJ,13311489542,20111101071911,116.329681,39.829445,428860342,146832100,32,250,1,1,50#
66292,$JYJ,13311191456,20111101072813,116.328583,39.824257,428856293,146812981,2,14,0,0,50#
98625,$JYJ,13311191456,20111101072941,116.329598,39.823276,428860050,146809363,0,210,1,1,50#
12895,$JYJ,13311191417,20111101074540,116.325699,39.829620,428845621,146832744,8,264,1,1,50#
96423,$JYJ,13311403539,20111101075432,116.328133,39.821987,428854626,146804612,0,100,1,1,50#
51175,$JYJ,13321180264,20111101075222,116.329834,39.820190,428860925,146798006,0,182,0,0,50#
26323,$JYJ,13370126468,20111101075116,116.328270,39.828957,428855148,146830316,25,84,1,1,50#
23891,$JYJ,13301164956,20111101080614,116.328247,39.829178,428855043,146831116,2,80,1,1,50#
61372,$JYJ,13311426065,20111101080826,116.328903,39.829025,428857491,146830569,4,64,1,1,50#
42415,$JYJ,13311431197,20111101080717,116.329636,39.829063,428860177,146830705,25,88,1,1,50#
72858,$JYJ,13311453248,20111101080910,116.329849,39.820648,428860979,146799685,0,182,0,0,50#
3669,$JYJ,13331194232,20111101082009,116.328964,39.825561,428857698,146817791,4,262,0,0,50#
80619,$JYJ,13311488197,20111101082919,116.328766,39.821972,428856946,146804549,13,88,1,1,50#
52119,$JYJ,13311403651,20111101083241,116.328033,39.829056,428854268,146830655,19,88,1,1,50#
80865,$JYJ,13301272059,20111101083918,116.329536,39.829578,428859817,146832620,36,266,1,1,50#
59271,$JYJ,13381096574,20111101084839,116.329666,39.829628,428860304,146832775,19,266,1,1,50#
21587,$JYJ,13321174636,20111101085111,116.328468,39.829037,428855874,146830610,17,80,1,1,50#
17918,$JYJ,13301252468,20111101085555,116.329849,39.823448,428860949,146810001,30,0,1,1,50#
73051,$JYJ,13370122475,20111101090417,116.329536,39.829624,428859824,146832773,26,264,1,1,50#
51180,$JYJ,13321164305,20111101090752,116.329880,39.821491,428861090,146802810,8,2,1,1,50#
80211,$JYJ,13311489460,20111101092932,116.325867,39.829803,428846277,146833396,2,2,0,0,50#
26116,$JYJ,13311566942,20111101092619,116.328651,39.829590,428856561,146832647,13,254,1,1,50#
33999,$JYJ,13311426476,20111101093654,116.329819,39.820896,428860856,146800613,10,184,0,0,50#
38091,$JYJ,13311565847,20111101093710,116.326965,39.822266,428850312,146805627,39,104,0,0,50#
16670,$JYJ,13311403289,20111101094553,116.329964,39.826752,428861409,146822195,0,14,0,0,50#
45871,$JYJ,13311426075,20111101095719,116.329781,39.821018,428860695,146801045,4,282,0,0,50#
76654,$JYJ,13301138034,20111101100417,116.329964,39.827839,428861389,146826193,0,62,0,0,50#
66445,$JYJ,13311403359,20111101100338,116.329933,39.827732,428861301,146825807,0,24,0,0,50#
55100,$JYJ,13311431504,20111101100256,116.328453,39.821754,428855829,146803740,2,86,1,1,50#
10011,$JYJ,13311403359,20111101100529,116.329567,39.827820,428859913,146826126,21,264,1,1,50#
52075,$JYJ,13311487298,20111101100810,116.322266,39.823391,428832950,146809730,4,216,1,1,50#
56601,$JYJ,13301157544,20111101103300,116.326767,39.822288,428849598,146805697,0,280,0,0,50#
81471,$JYJ,13301125440,20111101105406,116.329933,39.820122,428861291,146797762,13,0,1,1,50#
26883,$JYJ,13311403696,20111101113117,116.326935,39.822441,428850205,146806266,4,84,1,1,50#
55357,$JYJ,13311492191,20111101114245,116.328163,39.827812,428854735,146826098,4,266,0,0,50#
24562,$JYJ,13301214625,20111101120114,116.324585,39.829037,428841516,146830557,6,62,1,1,50#
48699,$JYJ,13301155349,20111101120745,116.323937,39.829472,428839124,146832172,26,270,1,1,50#
60051,$JYJ,13311486252,20111101121343,116.329834,39.821671,428860929,146803470,17,100,0,0,50#
35106,$JYJ,13311487257,20111101121206,116.329964,39.820614,428861368,146799564,10,358,1,1,50#
72308,$JYJ,13331188564,20111101122952,116.324547,39.829811,428841395,146833440,13,288,1,1,50#
44299,$JYJ,13311488137,20111101125233,116.322578,39.829624,428834105,146832740,26,266,1,1,50#
44793,$JYJ,13311403373,20111101130226,116.326736,39.822235,428849460,146805519,23,104,0,0,50#
63719,$JYJ,13311403373,20111101130824,116.329819,39.824570,428860835,146814137,21,358,1,1,50#
13348,$JYJ,13321180134,20111101130544,116.324814,39.827755,428842346,146825852,0,198,0,0,50#
19728,$JYJ,13321180134,20111101131611,116.324768,39.827702,428842179,146825640,12,356,1,1,50#
13330,$JYJ,13381066824,20111101132538,116.323585,39.823910,428837817,146811667,0,324,1,1,50#
28808,$JYJ,13301272320,20111101133123,116.328850,39.829117,428857258,146830906,23,72,1,1,50#
30250,$JYJ,13381063184,20111101133134,116.328667,39.825569,428856578,146817810,8,272,0,0,50#
46856,$JYJ,13311403373,20111101135227,116.322952,39.829609,428835488,146832672,39,264,1,1,50#
77768,$JYJ,13301254359,20111101135916,116.323769,39.829620,428838505,146832720,17,262,1,1,50#
63260,$JYJ,13331194636,20111101140322,116.329948,39.820881,428861341,146800545,12,348,1,1,50#
49672,$JYJ,13311426358,20111101140753,116.321846,39.829056,428831410,146830624,0,0,0,0,50#
68709,$JYJ,13311426358,20111101140903,116.321846,39.829056,428831402,146830619,0,0,0,0,50#
15917,$JYJ,13311470305,20111101140550,116.328163,39.822063,428854754,146804898,0,76,0,0,50#
64019,$JYJ,13301204803,20111101142808,116.329948,39.820576,428861329,146799406,26,358,0,0,50#
96390,$JYJ,13311162496,20111101143903,116.323830,39.823563,428838720,146810372,2,252,0,0,50#
116743,$JYJ,13321199945,20111101144951,116.328651,39.821835,428856548,146804067,26,94,1,1,50#
6602,$JYJ,13311489542,20111101145017,116.327202,39.822418,428851203,146806207,2,118,0,0,50#
46935,$JYJ,13311025840,20111101150659,116.329964,39.822395,428861372,146806128,6,180,0,0,50#
24603,$JYJ,13301272320,20111101151103,116.329933,39.825775,428861294,146818579,17,358,1,1,50#
66629,$JYJ,13311487228,20111101152256,116.328934,39.829060,428857593,146830676,0,80,1,1,50#
40129,$JYJ,13331194260,20111101152148,116.321869,39.828960,428831494,146830270,0,92,0,0,50#
75594,$JYJ,13301208543,20111101152816,116.329964,39.825142,428861385,146816240,15,0,1,1,50#
39356,$JYJ,13311495138,20111101152639,116.327980,39.829636,428854084,146832820,0,272,0,0,50#
22818,$JYJ,13311566934,20111101152602,116.327499,39.822105,428852283,146805056,15,104,0,0,50#
2625,$JYJ,13301151401,20111101154008,116.327736,39.822010,428853139,146804697,0,110,0,0,50#
87526,$JYJ,13301151401,20111101154340,116.327782,39.822006,428853334,146804663,2,90,1,1,50#
38911,$JYJ,13311403029,20111101155137,116.329880,39.823963,428861062,146811910,0,182,0,0,50#
113151,$JYJ,13311564424,20111101155441,116.329002,39.822212,428857843,146805436,2,102,0,0,50#
55952,$JYJ,13311426328,20111101160220,116.325737,39.829594,428845790,146832651,0,246,1,1,50#
96432,$JYJ,13311426171,20111101162407,116.328300,39.821865,428855263,146804147,21,282,0,0,50#
108076,$JYJ,13311431498,20111101162440,116.325684,39.820793,428845582,146800177,0,16,1,1,50#
88342,$JYJ,13381235498,20111101162351,116.328552,39.823883,428856180,146811608,0,4,0,0,50#
96415,$JYJ,13301254158,20111101163410,116.324081,39.829605,428839669,146832657,13,264,1,1,50#
28598,$JYJ,13311162411,20111101163639,116.329903,39.824677,428861170,146814542,23,186,0,0,50#
13390,$JYJ,13301254158,20111101164033,116.326485,39.822288,428848549,146805697,0,108,0,0,50#
82158,$JYJ,13321164778,20111101164330,116.328964,39.827477,428857697,146824864,34,306,0,0,50#
90531,$JYJ,13311486302,20111101164856,116.329948,39.821114,428861350,146801392,6,16,1,1,50#
8317,$JYJ,13301254158,20111101165020,116.329697,39.829193,428860427,146831202,36,84,1,1,50#
486,$JYJ,13311162485,20111101164958,116.328865,39.821812,428857326,146803951,19,94,0,0,50#
69842,$JYJ,13311403583,20111101165258,116.329948,39.824863,428861319,146815221,23,180,0,0,50#
17854,$JYJ,13311403687,20111101171048,116.329880,39.821030,428861092,146801079,0,24,0,0,50#
99261,$JYJ,13311492080,20111101171906,116.328285,39.821865,428855201,146804148,13,250,1,1,50#
88640,$JYJ,13331154936,20111101172335,116.329735,39.829659,428860560,146832904,19,268,1,1,50#
46243,$JYJ,13311495392,20111101173159,116.329246,39.829613,428858744,146832730,25,266,1,1,50#
27467,$JYJ,13311564942,20111101173608,116.323532,39.823318,428837608,146809477,0,184,0,0,50#
79447,$JYJ,13301204905,20111101174312,116.329819,39.825714,428860870,146818376,0,172,0,0,50#
20650,$JYJ,13311564942,20111101174049,116.320053,39.827278,428824796,146824047,21,312,1,1,50#
45056,$JYJ,13301254359,20111101174655,116.327614,39.822159,428852716,146805242,0,90,0,0,50#
68376,$JYJ,13301214143,20111101180248,116.329880,39.823177,428861075,146809015,6,180,0,0,50#
46931,$JYJ,13331154711,20111101181155,116.329849,39.822929,428860964,146808092,13,2,0,0,50#
6735,$JYJ,13311403642,20111101181518,116.327743,39.825478,428853178,146817486,0,0,0,0,50#
24033,$JYJ,13311403642,20111101181604,116.327743,39.825478,428853208,146817490,0,0,0,0,50#
102051,$JYJ,13311403642,20111101181918,116.327743,39.825478,428853194,146817478,0,0,0,0,50#
112442,$JYJ,13311403642,20111101181944,116.327370,39.825550,428851801,146817753,12,282,1,1,50#
31539,$JYJ,13331154808,20111101182118,116.325882,39.822399,428846302,146806120,17,278,1,1,50#
50373,$JYJ,13311489578,20111101182702,116.328819,39.827774,428857146,146825945,0,276,0,0,50#
57074,$JYJ,13331154763,20111101182719,116.329880,39.825893,428861101,146819037,0,182,0,0,50#
80768,$JYJ,13331154763,20111101182818,116.329880,39.825653,428861064,146818152,0,188,1,1,50#
95275,$JYJ,13311162485,20111101183355,116.329864,39.822605,428861004,146806910,0,186,0,0,50#
99196,$JYJ,13311489578,20111101183405,116.329216,39.821865,428858621,146804152,26,272,1,1,50#
67444,$JYJ,13321164455,20111101183251,116.328133,39.821953,428854623,146804496,0,276,1,1,50#
68677,$JYJ,13331154711,20111101183251,116.323601,39.829575,428837868,146832544,17,256,1,1,50#
102567,$JYJ,13381083496,20111101183915,116.328278,39.821831,428855160,146804045,19,106,0,0,50#
14999,$JYJ,13331156471,20111101184037,116.329933,39.823517,428861269,146810267,12,186,0,0,50#
21411,$JYJ,13301157314,20111101185052,116.329864,39.820988,428861022,146800949,12,194,0,0,50#
26358,$JYJ,13311162485,20111101185108,116.320251,39.820900,428825526,146800554,13,272,0,0,50#
113826,$JYJ,13331194814,20111101185443,116.327431,39.822224,428852027,146805490,0,302,0,0,50#
38195,$JYJ,13331159452,20111101185637,116.329918,39.825615,428861229,146818011,19,356,1,1,50#
12261,$JYJ,13301157314,20111101190027,116.329948,39.821110,428861326,146801373,19,0,1,1,50#
87350,$JYJ,13301184083,20111101190339,116.328613,39.827740,428856406,146825807,0,100,0,0,50#
74491,$JYJ,13301184083,20111101190804,116.325699,39.829628,428845632,146832753,13,264,1,1,50#
8141,$JYJ,13311403108,20111101190518,116.329918,39.821037,428861242,146801125,23,2,1,1,50#
63438,$JYJ,13301156748,20111101191238,116.327301,39.825920,428851574,146819111,0,2,0,0,50#
639,$JYJ,13321191541,20111101190959,116.328934,39.825951,428857600,146819235,0,266,0,0,50#
25440,$JYJ,13311426358,20111101192106,116.329842,39.823002,428860919,146808373,2,200,0,0,50#
45741,$JYJ,13311487155,20111101192152,116.328331,39.829029,428855344,146830571,0,92,1,1,50#
55514,$JYJ,13311564324,20111101192217,116.323669,39.822247,428838117,146805550,0,218,0,0,50#
18690,$JYJ,13311403721,20111101192543,116.329964,39.826618,428861377,146821689,4,4,0,0,50#
5915,$JYJ,13311564324,20111101192511,116.329903,39.821781,428861149,146803875,17,92,1,1,50#
45758,$JYJ,13311403103,20111101193154,116.326187,39.822407,428847431,146806156,4,270,1,1,50#
114126,$JYJ,13311453290,20111101193445,116.329864,39.823582,428861036,146810516,0,180,0,0,50#
64564,$JYJ,13311426476,20111101194738,116.323418,39.821858,428837188,146804112,0,200,0,0,50#
106111,$JYJ,13311426476,20111101195427,116.329735,39.821850,428860539,146804129,0,94,1,1,50#
105915,$JYJ,13311495392,20111101200927,116.328285,39.829578,428855184,146832592,28,266,1,1,50#
1588,$JYJ,13321199546,20111101200502,116.320251,39.824779,428825519,146814850,0,184,0,0,50#
44848,$JYJ,13311021554,20111101203652,116.320412,39.820908,428826082,146800578,0,0,0,0,50#
91401,$JYJ,13311300674,20111101203848,116.329430,39.827137,428859404,146823620,10,102,0,0,50#
72185,$JYJ,13311426034,20111101204318,116.329948,39.823749,428861317,146811119,28,178,0,0,50#
70917,$JYJ,13321191574,20111101205300,116.328064,39.821999,428854392,146804652,0,286,0,0,50#
23114,$JYJ,13311495346,20111101210100,116.329849,39.823376,428860989,146809736,13,190,0,0,50#
5785,$JYJ,13311025840,20111101210512,116.329948,39.821747,428861353,146803723,19,4,1,1,50#
83470,$JYJ,13311426418,20111101210829,116.328163,39.821987,428854722,146804606,15,290,0,0,50#
85682,$JYJ,13311453456,20111101210835,116.326874,39.823868,428849986,146811548,4,96,0,0,50#
3312,$JYJ,13311489691,20111101210507,116.321549,39.825920,428830286,146819075,10,316,1,1,50#
111003,$JYJ,13331063480,20111101210935,116.323967,39.822487,428839244,146806407,23,216,0,0,50#
29756,$JYJ,13311453456,20111101211117,116.327751,39.822784,428853210,146807533,10,106,1,1,50#
105351,$JYJ,13301254391,20111101211915,116.329880,39.821533,428861090,146802963,10,190,0,0,50#
72337,$JYJ,13321164394,20111101212754,116.323052,39.822281,428835835,146805650,0,224,0,0,50#
70550,$JYJ,13301254162,20111101213756,116.328987,39.829098,428857779,146830816,30,76,1,1,50#
84734,$JYJ,13331187840,20111101214831,116.322296,39.825031,428833066,146815775,0,0,0,0,50#
25343,$JYJ,13381101954,20111101215106,116.329948,39.827801,428861344,146826055,0,30,0,0,50#
79893,$JYJ,13311431562,20111101222817,116.323646,39.829548,428838057,146832457,25,260,1,1,50#
2866,$JYJ,13381069274,20111101225009,116.329872,39.821197,428861069,146801726,8,184,0,0,50#
12468,$JYJ,13301157694,20111101230529,116.328384,39.825626,428855552,146818042,0,284,0,0,50#
19767,$JYJ,13311403503,20111101230550,116.323547,39.829605,428837703,146832650,10,250,1,1,50#
12891,$JYJ,13331159422,20111101232028,116.329536,39.829567,428859795,146832565,23,242,1,1,50#
