31988,$JYJ,13331154869,20111101000132,116.346550,39.879250,428922692,147015856,0,268,0,0,50#
55485,$JYJ,13381069594,20111101000241,116.340698,39.875813,428901085,147003122,19,352,0,0,50#
80353,$JYJ,13381069594,20111101000354,116.341034,39.876224,428902334,147004666,23,88,1,1,50#
53399,$JYJ,13311470368,20111101000743,116.348702,39.876511,428930665,147005744,4,298,0,0,50#
21006,$JYJ,13381083426,20111101001059,116.340782,39.875969,428901395,147003711,15,164,1,1,50#
51994,$JYJ,13331194935,20111101001744,116.347816,39.871193,428927379,146986164,23,358,1,1,50#
50499,$JYJ,13301214607,20111101002242,116.342163,39.871304,428906497,146986504,2,56,1,1,50#
35682,$JYJ,13301214876,20111101002157,116.342468,39.879974,428907612,147018473,30,178,1,1,50#
7387,$JYJ,13301153984,20111101003021,116.345314,39.876282,428918136,147004907,0,20,0,0,50#
88659,$JYJ,13301157496,20111101003428,116.347504,39.879124,428926211,147015372,0,340,0,0,50#
24225,$JYJ,13311488212,20111101004111,116.347870,39.871677,428927561,146987947,0,18,0,0,50#
72507,$JYJ,13311492282,20111101004334,116.342537,39.871830,428907879,146988477,13,208,1,1,50#
28254,$JYJ,13301254207,20111101004625,116.347664,39.875217,428926819,147000977,0,168,0,0,50#
16907,$JYJ,13311426463,20111101004550,116.349747,39.876537,428934504,147005854,15,264,1,1,50#
274,$JYJ,13331194892,20111101004456,116.342598,39.871628,428908099,146987713,2,192,1,1,50#
11667,$JYJ,13301272096,20111101005026,116.347832,39.871628,428927445,146987736,12,174,0,0,50#
53475,$JYJ,13301272096,20111101005236,116.347565,39.875965,428926427,147003754,10,358,1,1,50#
3233,$JYJ,13311300724,20111101005008,116.342903,39.875622,428909232,147002451,25,176,1,1,50#
54012,$JYJ,13301214281,20111101011246,116.346184,39.876411,428921338,147005383,0,276,0,0,50#
16131,$JYJ,13311489697,20111101011049,116.344231,39.876755,428914122,147006623,0,156,0,0,50#
30392,$JYJ,13301174926,20111101011630,116.342430,39.871094,428907471,146985759,13,184,2,0,50#
72045,$JYJ,13321164886,20111101012344,116.345116,39.879971,428917379,147018493,0,358,0,0,50#
63950,$JYJ,13331093448,20111101012321,116.342613,39.872612,428908171,146991353,0,0,0,0,50#
25274,$JYJ,13331156497,20111101012116,116.343033,39.875332,428909702,147001363,2,192,0,0,50#
75291,$JYJ,13381102554,20111101012858,116.347603,39.877884,428926591,147010798,26,178,1,1,50#
89298,$JYJ,13311492100,20111101013450,116.348099,39.871361,428928406,146986754,19,158,0,0,50#
15519,$JYJ,13331184791,20111101014047,116.347450,39.879684,428926029,147017466,4,190,0,0,50#
29847,$JYJ,13301254135,20111101014635,116.340653,39.873901,428900926,146996101,19,350,1,1,50#
4136,$JYJ,13311495127,20111101014509,116.347397,39.879669,428925835,147017398,2,146,0,0,50#
56522,$JYJ,13301125496,20111101015309,116.349251,39.879513,428932662,147016823,0,300,0,0,50#
30006,$JYJ,13311487146,20111101015640,116.345970,39.876270,428920573,147004862,0,82,0,0,50#
32351,$JYJ,13331154823,20111101015643,116.346748,39.876640,428923444,147006239,4,216,0,0,50#
56015,$JYJ,13331194903,20111101015802,116.340797,39.876026,428901438,147003924,0,174,0,0,50#
86560,$JYJ,13331194903,20111101015949,116.340599,39.875679,428900722,147002642,25,6,1,1,50#
5796,$JYJ,13301214624,20111101020016,116.342850,39.876358,428909037,147005173,13,232,1,1,50#
51016,$JYJ,13331194903,20111101015802,116.340797,39.876026,428901435,147003908,0,174,0,0,50#
51108,$JYJ,13331194903,20111101015949,116.340599,39.875679,428900715,147002625,25,6,1,1,50#
33461,$JYJ,13301214636,20111101020650,116.345635,39.873310,428919320,146993946,6,102,0,0,50#
70544,$JYJ,13301214636,20111101020856,116.344353,39.875187,428914597,147000857,0,272,1,1,50#
17525,$JYJ,13311453358,20111101021555,116.346970,39.871849,428924240,146988558,0,108,0,0,50#
79353,$JYJ,13331184977,20111101021929,116.347786,39.879944,428927256,147018416,0,36,0,0,50#
39611,$JYJ,13381077421,20111101021711,116.343918,39.876163,428912993,147004436,4,64,1,1,50#
52776,$JYJ,13311020604,20111101022757,116.340683,39.874306,428901037,146997588,12,60,1,1,50#
13478,$JYJ,13301214033,20111101023043,116.347465,39.876717,428926076,147006525,39,178,0,0,50#
61977,$JYJ,13311020604,20111101023335,116.347687,39.873695,428926913,146995359,21,174,1,1,50#
27072,$JYJ,13321174649,20111101023631,116.347748,39.877052,428927121,147007737,10,6,1,1,50#
62924,$JYJ,13381100774,20111101023838,116.344147,39.878624,428913836,147013522,2,4,0,0,50#
81396,$JYJ,13381100774,20111101023943,116.344132,39.879024,428913776,147015003,15,352,1,1,50#
47893,$JYJ,13311488137,20111101025249,116.344284,39.875279,428914333,147001183,32,178,0,0,50#
70736,$JYJ,13331194911,20111101025411,116.342033,39.876213,428905988,147004630,0,0,0,0,50#
39517,$JYJ,13301155654,20111101030218,116.342468,39.870750,428907636,146984470,13,184,1,1,50#
8819,$JYJ,13311487219,20111101030031,116.341248,39.871582,428903094,146987526,0,264,0,0,50#
40381,$JYJ,13311487219,20111101030224,116.342346,39.870846,428907183,146984847,0,120,1,1,50#
10963,$JYJ,13301125489,20111101031539,116.347351,39.877094,428925668,147007905,4,348,0,0,50#
56745,$JYJ,13331154806,20111101032826,116.342651,39.872715,428908297,146991728,0,172,0,0,50#
15887,$JYJ,13381083483,20111101040056,116.343231,39.872761,428910435,146991899,4,6,0,0,50#
68815,$JYJ,13331093448,20111101041928,116.342613,39.872612,428908140,146991351,0,0,0,0,50#
62163,$JYJ,13311488249,20111101042402,116.342422,39.871345,428907432,146986688,17,182,0,0,50#
45431,$JYJ,13311577743,20111101042752,116.347549,39.876598,428926384,147006088,13,356,1,1,50#
20871,$JYJ,13301156403,20111101043117,116.346680,39.876427,428923190,147005442,34,264,1,1,50#
45397,$JYJ,13311577743,20111101043755,116.341934,39.876270,428905651,147004826,10,76,1,1,50#
22087,$JYJ,13311453290,20111101045119,116.347786,39.874035,428927272,146996626,0,346,1,1,50#
3082,$JYJ,13311487260,20111101045011,116.341736,39.878937,428904890,147014672,28,266,1,1,50#
51374,$JYJ,13370126413,20111101050802,116.347748,39.873951,428927136,146996321,6,350,1,1,50#
57128,$JYJ,13331184791,20111101052810,116.347702,39.873932,428926955,146996250,0,6,1,1,50#
80221,$JYJ,13331154706,20111101053427,116.347733,39.873211,428927082,146993603,13,180,1,1,50#
34257,$JYJ,13311426195,20111101055642,116.342415,39.871696,428907428,146987980,6,266,1,1,50#
30153,$JYJ,13311577743,20111101060636,116.341049,39.876137,428902378,147004325,17,88,1,1,50#
91480,$JYJ,13301251431,20111101062433,116.346680,39.870739,428923164,146984481,6,300,1,1,50#
12156,$JYJ,13311487160,20111101062538,116.347519,39.877705,428926289,147010164,6,350,1,1,50#
90925,$JYJ,13331063427,20111101062926,116.344414,39.873424,428914816,146994348,19,350,1,1,50#
21760,$JYJ,13381068714,20111101062604,116.345787,39.876381,428919858,147005264,28,78,1,1,50#
97577,$JYJ,13311492129,20111101063446,116.340820,39.872368,428901524,146990447,15,290,0,0,50#
34969,$JYJ,13311577743,20111101063140,116.347435,39.874981,428925966,147000113,0,358,1,1,50#
58969,$JYJ,13311403303,20111101063749,116.342598,39.872139,428908107,146989597,25,184,1,1,50#
44483,$JYJ,13311492129,20111101063708,116.340897,39.877403,428901825,147008991,12,338,1,1,50#
17828,$JYJ,13331154779,20111101063549,116.344368,39.873074,428914620,146993071,23,172,1,1,50#
89275,$JYJ,13331093469,20111101064420,116.348633,39.876499,428930376,147005710,10,72,1,1,50#
11273,$JYJ,13311426387,20111101065047,116.344414,39.873360,428914825,146994103,10,354,1,1,50#
92413,$JYJ,13311480700,20111101065930,116.340416,39.872482,428900024,146990865,0,92,1,1,50#
30460,$JYJ,13321174891,20111101065629,116.345001,39.876251,428916959,147004774,26,76,0,0,50#
57471,$JYJ,13321174891,20111101065747,116.345520,39.876163,428918875,147004452,10,44,1,1,50#
60292,$JYJ,13331035496,20111101070250,116.342598,39.875942,428908116,147003631,8,172,1,1,50#
86984,$JYJ,13331194092,20111101070406,116.342903,39.874107,428909234,146996861,13,204,1,1,50#
66841,$JYJ,13301214894,20111101070812,116.344734,39.871201,428915992,146986171,13,90,0,0,50#
13583,$JYJ,13311488151,20111101070540,116.342735,39.873589,428908612,146994958,12,172,1,1,50#
96867,$JYJ,13370122432,20111101070944,116.347481,39.877151,428926143,147008107,17,158,1,1,50#
48119,$JYJ,13381100624,20111101070716,116.342346,39.870853,428907162,146984875,10,184,0,0,50#
64266,$JYJ,13381101724,20111101070805,116.347481,39.878807,428926121,147014209,6,344,1,1,50#
98200,$JYJ,13301214736,20111101071433,116.344482,39.873447,428915052,146994448,13,352,1,1,50#
52688,$JYJ,13301214894,20111101071226,116.344620,39.876621,428915570,147006145,15,356,1,1,50#
20073,$JYJ,13301153642,20111101071553,116.348053,39.871281,428928255,146986477,13,222,1,1,50#
76067,$JYJ,13311581407,20111101071834,116.344681,39.877544,428915796,147009549,56,156,1,1,50#
76186,$JYJ,13311581407,20111101071837,116.342735,39.878319,428908609,147012400,39,178,0,0,50#
28299,$JYJ,13381153618,20111101071618,116.347633,39.875008,428926697,147000199,10,14,1,1,50#
95384,$JYJ,13311403650,20111101072437,116.342232,39.872410,428906748,146990583,6,274,0,0,50#
72949,$JYJ,13311495132,20111101072326,116.342735,39.875942,428908609,147003633,0,178,1,1,50#
3107,$JYJ,13311470362,20111101072509,116.347366,39.879265,428925722,147015890,4,180,1,1,50#
48115,$JYJ,13331184801,20111101072715,116.342636,39.878708,428908231,147013826,26,276,1,1,50#
42832,$JYJ,13370129334,20111101072700,116.347885,39.871773,428927609,146988279,8,128,1,1,50#
100020,$JYJ,13311026473,20111101073449,116.347549,39.878925,428926396,147014639,0,106,1,1,50#
51560,$JYJ,13381102704,20111101073226,116.347900,39.871876,428927664,146988652,0,174,1,1,50#
66272,$JYJ,13311487290,20111101073810,116.347603,39.877495,428926595,147009365,0,336,1,1,50#
91566,$JYJ,13331188848,20111101073921,116.347618,39.876911,428926654,147007224,0,0,1,1,50#
101817,$JYJ,13381083441,20111101073951,116.344536,39.873222,428915272,146993595,0,8,0,0,50#
37001,$JYJ,13311495366,20111101074143,116.347420,39.874607,428925888,146998735,4,196,0,0,50#
60300,$JYJ,13311453255,20111101074750,116.344253,39.877972,428914195,147011106,2,354,1,1,50#
55587,$JYJ,13311492135,20111101074738,116.348747,39.872334,428930830,146990374,0,92,0,0,50#
37847,$JYJ,13321164314,20111101074651,116.347748,39.874756,428927130,146999282,23,178,0,0,50#
18021,$JYJ,13381102534,20111101074555,116.346031,39.876396,428920786,147005305,25,80,1,1,50#
51052,$JYJ,13321174844,20111101075223,116.347687,39.877853,428926895,147010713,0,354,0,0,50#
66450,$JYJ,13321174844,20111101075807,116.342796,39.875847,428908809,147003273,17,160,1,1,50#
94938,$JYJ,13331156449,20111101075930,116.342453,39.870304,428907572,146982842,15,184,0,0,50#
33259,$JYJ,13311191408,20111101080135,116.347885,39.871819,428927610,146988454,15,352,1,1,50#
58178,$JYJ,13311191457,20111101080244,116.340981,39.876831,428902137,147006873,17,6,0,0,50#
94751,$JYJ,13311191457,20111101080424,116.340797,39.879845,428901442,147017992,13,6,1,1,50#
73967,$JYJ,13311487262,20111101080325,116.342903,39.874535,428909206,146998434,17,176,1,1,50#
9415,$JYJ,13311495366,20111101080022,116.344750,39.871021,428916042,146985494,23,352,1,1,50#
37887,$JYJ,13311495366,20111101080145,116.344414,39.874260,428914817,146997427,0,8,0,0,50#
46904,$JYJ,13311495366,20111101080210,116.344368,39.874607,428914634,146998727,19,354,1,1,50#
61649,$JYJ,13311565949,20111101080254,116.344299,39.874790,428914381,146999389,25,356,1,1,50#
92882,$JYJ,13321174588,20111101080423,116.347504,39.879471,428926241,147016660,0,12,0,0,50#
12019,$JYJ,13321183462,20111101080030,116.348030,39.870628,428928153,146984054,17,2,1,1,50#
49641,$JYJ,13311431289,20111101080747,116.341553,39.872459,428904249,146990778,0,258,0,0,50#
40986,$JYJ,13321174588,20111101080710,116.347649,39.873039,428926742,146992938,19,204,1,1,50#
56670,$JYJ,13311426023,20111101081304,116.346481,39.879276,428922437,147015926,19,276,0,0,50#
74038,$JYJ,13321164410,20111101081402,116.347153,39.879162,428924913,147015532,17,352,1,1,50#
5459,$JYJ,13321174740,20111101081012,116.347847,39.875709,428927477,147002787,15,182,1,1,50#
50945,$JYJ,13331111421,20111101081246,116.342598,39.879097,428908115,147015257,25,174,1,1,50#
76022,$JYJ,13381095194,20111101081405,116.341415,39.872505,428903737,146990934,0,94,1,1,50#
33752,$JYJ,13301151491,20111101081659,116.347481,39.878982,428926128,147014857,26,178,1,1,50#
60469,$JYJ,13301214584,20111101081844,116.347702,39.874779,428926957,146999375,0,4,1,1,50#
33611,$JYJ,13321180048,20111101081702,116.347679,39.874298,428926864,146997590,19,354,1,1,50#
19281,$JYJ,13370122475,20111101081605,116.342819,39.875465,428908927,147001857,10,170,1,1,50#
33415,$JYJ,13381232454,20111101081658,116.345970,39.876629,428920535,147006189,12,300,1,1,50#
72822,$JYJ,13381275643,20111101081927,116.345436,39.871788,428918596,146988317,28,92,0,0,50#
68354,$JYJ,13311431481,20111101082404,116.341316,39.872429,428903368,146990658,15,270,0,0,50#
69670,$JYJ,13311431549,20111101082405,116.347397,39.879826,428925805,147017962,12,182,0,0,50#
64472,$JYJ,13331187071,20111101082346,116.347633,39.876915,428926719,147007229,32,358,1,1,50#
67756,$JYJ,13331187841,20111101082359,116.346847,39.876320,428923802,147005042,32,82,1,1,50#
37484,$JYJ,13381235470,20111101082212,116.347748,39.873817,428927115,146995833,0,44,0,0,50#
10797,$JYJ,13301151491,20111101082533,116.344330,39.874622,428914505,146998769,28,356,1,1,50#
47061,$JYJ,13311026473,20111101082735,116.342865,39.874321,428909090,146997644,15,172,1,1,50#
23308,$JYJ,13311403505,20111101082619,116.342484,39.871250,428907664,146986310,34,188,0,0,50#
74130,$JYJ,13311431549,20111101082854,116.348633,39.876587,428930374,147006037,19,74,1,1,50#
83914,$JYJ,13321174801,20111101082924,116.342316,39.873638,428907040,146995135,8,182,0,0,50#
73306,$JYJ,13321174756,20111101083354,116.347336,39.871990,428925605,146989088,0,274,0,0,50#
11239,$JYJ,13321174801,20111101083029,116.342567,39.872665,428907992,146991554,8,200,1,1,50#
89724,$JYJ,13331187841,20111101083445,116.340836,39.876148,428901589,147004370,0,240,0,0,50#
19966,$JYJ,13301214211,20111101083606,116.341385,39.871594,428903607,146987590,4,224,0,0,50#
60825,$JYJ,13311431205,20111101083820,116.347504,39.879070,428926213,147015187,15,166,1,1,50#
6040,$JYJ,13311563409,20111101083518,116.347465,39.879353,428926095,147016219,10,166,1,1,50#
41686,$JYJ,13321174756,20111101083717,116.347649,39.874649,428926767,146998874,13,174,1,1,50#
63846,$JYJ,13301156940,20111101084327,116.342781,39.875820,428908779,147003189,15,174,1,1,50#
75242,$JYJ,13311487185,20111101084419,116.341934,39.872505,428905657,146990958,8,278,0,0,50#
43271,$JYJ,13311426098,20111101084750,116.347603,39.874485,428926579,146998297,6,0,0,0,50#
80738,$JYJ,13311480782,20111101084950,116.340866,39.873440,428901712,146994377,10,162,0,0,50#
77302,$JYJ,13311492235,20111101084939,116.342514,39.872345,428907788,146990354,0,174,0,0,50#
64588,$JYJ,13311563461,20111101084900,116.347450,39.877415,428926027,147009083,8,22,0,0,50#
74543,$JYJ,13311579964,20111101084935,116.347534,39.877312,428926324,147008697,4,126,1,1,50#
51524,$JYJ,13321180045,20111101084815,116.347397,39.878143,428925834,147011784,0,180,0,0,50#
49017,$JYJ,13301164970,20111101085246,116.344666,39.870205,428915735,146982486,0,178,0,0,50#
16171,$JYJ,13311026494,20111101085050,116.342331,39.870003,428907096,146981711,34,188,0,0,50#
23344,$JYJ,13311403543,20111101085113,116.340668,39.875519,428900944,147002051,0,198,0,0,50#
15221,$JYJ,13311426098,20111101085048,116.344132,39.876617,428913776,147006109,15,338,1,1,50#
37515,$JYJ,13311486354,20111101085207,116.342400,39.870678,428907373,146984222,25,190,0,0,50#
8483,$JYJ,13370189219,20111101085029,116.344253,39.875442,428914204,147001780,23,178,0,0,50#
27312,$JYJ,13381066647,20111101085133,116.344147,39.875668,428913823,147002624,28,182,0,0,50#
7842,$JYJ,13301155649,20111101085521,116.347847,39.870632,428927490,146984090,2,6,0,0,50#
76344,$JYJ,13301157407,20111101085916,116.347481,39.877396,428926133,147008997,12,168,1,1,50#
53042,$JYJ,13301204854,20111101085756,116.344231,39.874901,428914117,146999782,17,180,0,0,50#
66619,$JYJ,13301204854,20111101085838,116.344315,39.874271,428914456,146997490,13,354,1,1,50#
32920,$JYJ,13301272013,20111101085650,116.342865,39.876240,428909085,147004708,12,44,1,1,50#
64409,$JYJ,13311431481,20111101085837,116.342537,39.870346,428907846,146983001,0,294,0,0,50#
29627,$JYJ,13311480677,20111101085639,116.347801,39.872109,428927309,146989524,0,168,0,0,50#
54888,$JYJ,13381066647,20111101085805,116.343567,39.874725,428911678,146999159,10,166,1,1,50#
75061,$JYJ,13301214665,20111101090424,116.344437,39.873955,428914866,146996317,21,352,1,1,50#
12242,$JYJ,13301254399,20111101090036,116.342384,39.870945,428907310,146985207,4,188,0,0,50#
22705,$JYJ,13311431093,20111101090117,116.342453,39.871365,428907552,146986755,26,182,1,1,50#
7594,$JYJ,13321164903,20111101090021,116.347534,39.874863,428926326,146999659,15,174,0,0,50#
3482,$JYJ,13321180048,20111101090011,116.342499,39.876247,428907708,147004760,13,270,0,0,50#
58465,$JYJ,13301133544,20111101090817,116.345016,39.870056,428917027,146981951,4,26,0,0,50#
41100,$JYJ,13301155440,20111101090721,116.345497,39.876335,428918796,147005093,28,272,1,1,50#
81632,$JYJ,13301155473,20111101090939,116.344215,39.874378,428914076,146997851,10,194,0,0,50#
79157,$JYJ,13311489446,20111101090926,116.344330,39.873348,428914482,146994081,0,174,0,0,50#
24134,$JYJ,13311495072,20111101090620,116.347313,39.879826,428925529,147017982,25,346,1,1,50#
62648,$JYJ,13321174708,20111101090832,116.346214,39.870613,428921458,146983991,2,90,0,0,50#
81969,$JYJ,13321174708,20111101090934,116.346100,39.870819,428921020,146984773,23,294,1,1,50#
20089,$JYJ,13321199334,20111101090605,116.347816,39.871601,428927374,146987669,10,166,0,0,50#
86005,$JYJ,13321199334,20111101090947,116.347397,39.874008,428925812,146996538,2,334,1,1,50#
10751,$JYJ,13301155473,20111101091029,116.344315,39.875061,428914424,147000398,12,352,1,1,50#
73221,$JYJ,13301155473,20111101091345,116.347450,39.878635,428926034,147013568,0,6,0,0,50#
7127,$JYJ,13311431032,20111101091016,116.347252,39.871925,428925269,146988836,6,92,0,0,50#
28051,$JYJ,13311431032,20111101091122,116.347786,39.871876,428927254,146988670,10,144,1,1,50#
16543,$JYJ,13311431452,20111101091046,116.341484,39.872379,428903999,146990473,0,266,0,0,50#
83163,$JYJ,13311486427,20111101091418,116.342949,39.873165,428909402,146993387,39,184,0,0,50#
89546,$JYJ,13311563644,20111101091430,116.347717,39.872257,428926999,146990066,17,354,1,1,50#
45398,$JYJ,13311565854,20111101091222,116.346581,39.876446,428922795,147005508,19,264,0,0,50#
26097,$JYJ,13321164589,20111101091120,116.346619,39.870853,428922963,146984899,4,276,1,1,50#
4921,$JYJ,13301208428,20111101091512,116.347420,39.878933,428925919,147014677,21,178,1,1,50#
64264,$JYJ,13301251410,20111101091825,116.342651,39.879372,428908274,147016260,15,184,0,0,50#
18749,$JYJ,13311403504,20111101091559,116.347885,39.872982,428927644,146992760,0,350,0,0,50#
35880,$JYJ,13311487257,20111101091656,116.347420,39.879334,428925917,147016173,12,172,1,1,50#
30606,$JYJ,13311489548,20111101091639,116.346336,39.871788,428921906,146988335,2,272,0,0,50#
77845,$JYJ,13321174624,20111101091907,116.347382,39.878918,428925748,147014627,0,174,1,1,50#
58087,$JYJ,13321199644,20111101091805,116.347816,39.871212,428927386,146986233,0,180,0,0,50#
21819,$JYJ,13311486476,20111101092122,116.342331,39.870262,428907092,146982665,19,180,1,1,50#
78009,$JYJ,13311495374,20111101092422,116.346382,39.874962,428922059,147000050,0,0,0,0,50#
39650,$JYJ,13370126496,20111101092209,116.347748,39.871498,428927135,146987279,0,176,0,0,50#
17598,$JYJ,13301214750,20111101092553,116.342834,39.874012,428908980,146996518,17,180,1,1,50#
21526,$JYJ,13311487257,20111101092609,116.347664,39.875950,428926821,147003687,12,354,1,1,50#
28286,$JYJ,13311583421,20111101092626,116.347649,39.873909,428926760,146996165,10,356,1,1,50#
25249,$JYJ,13301156747,20111101093114,116.347603,39.875133,428926604,147000672,12,354,1,1,50#
64078,$JYJ,13301171714,20111101093322,116.342537,39.872601,428907861,146991291,4,202,0,0,50#
85929,$JYJ,13301171714,20111101093436,116.340752,39.872852,428901266,146992203,26,4,1,1,50#
53742,$JYJ,13311431506,20111101093250,116.340569,39.874874,428900591,146999665,13,184,1,1,50#
10746,$JYJ,13311487257,20111101093035,116.341415,39.878967,428903733,147014763,0,82,0,0,50#
52361,$JYJ,13311487257,20111101093249,116.342834,39.874725,428908972,146999124,0,168,1,1,50#
39691,$JYJ,13311489514,20111101093205,116.342567,39.879833,428908002,147017957,28,168,1,1,50#
50429,$JYJ,13311576481,20111101093235,116.340614,39.878250,428900775,147012125,12,358,1,1,50#
29836,$JYJ,13381083492,20111101093129,116.345734,39.876476,428919661,147005604,25,264,1,1,50#
77653,$JYJ,13311453444,20111101093911,116.344437,39.873299,428914873,146993891,13,354,1,1,50#
34477,$JYJ,13311453496,20111101093651,116.347969,39.870689,428927938,146984296,15,180,1,1,50#
78361,$JYJ,13311486504,20111101093915,116.347481,39.879513,428926117,147016818,12,164,1,1,50#
39592,$JYJ,13321164520,20111101093718,116.342346,39.870861,428907163,146984888,0,208,0,0,50#
37804,$JYJ,13370122498,20111101093712,116.347519,39.877533,428926290,147009506,12,170,1,1,50#
4709,$JYJ,13301125432,20111101094007,116.342850,39.874630,428909023,146998797,13,172,1,1,50#
525,$JYJ,13301128448,20111101093959,116.347565,39.877918,428926459,147010949,23,356,1,1,50#
79106,$JYJ,13301184058,20111101094404,116.342865,39.875133,428909079,147000651,32,178,1,1,50#
32870,$JYJ,13311495171,20111101094149,116.342049,39.876244,428906082,147004722,0,242,0,0,50#
65272,$JYJ,13301125491,20111101094818,116.349220,39.872345,428932564,146990408,4,104,0,0,50#
71085,$JYJ,13301127479,20111101094833,116.347481,39.875610,428926141,147002447,12,352,1,1,50#
12111,$JYJ,13311470319,20111101094534,116.345100,39.871780,428917343,146988297,2,82,0,0,50#
78497,$JYJ,13311470487,20111101094900,116.342819,39.879108,428908923,147015285,6,168,0,0,50#
85991,$JYJ,13321164800,20111101094920,116.347733,39.871784,428927076,146988318,13,182,0,0,50#
16620,$JYJ,13321164803,20111101094550,116.347603,39.874287,428926604,146997539,12,174,0,0,50#
41086,$JYJ,13321164803,20111101094706,116.347603,39.875751,428926596,147002938,13,358,1,1,50#
38339,$JYJ,13381232490,20111101094658,116.345917,39.876419,428920342,147005406,17,268,1,1,50#
53655,$JYJ,13301254399,20111101095239,116.347748,39.875751,428927115,147002961,2,50,1,1,50#
71634,$JYJ,13311488233,20111101095334,116.342415,39.870613,428907423,146983990,19,182,2,0,50#
24870,$JYJ,13321164800,20111101095115,116.345268,39.871868,428917957,146988634,8,146,1,1,50#
5524,$JYJ,13331194108,20111101095010,116.347504,39.879467,428926205,147016644,19,358,1,1,50#
92849,$JYJ,13301214677,20111101095947,116.348770,39.876408,428930887,147005363,12,76,0,0,50#
772,$JYJ,13301254058,20111101095459,116.348335,39.876377,428929287,147005277,38,82,0,0,50#
61002,$JYJ,13311565346,20111101095808,116.342499,39.871014,428907721,146985459,21,192,0,0,50#
14787,$JYJ,13331111455,20111101095543,116.347801,39.875568,428927313,147002286,0,194,1,1,50#
25492,$JYJ,13331194795,20111101095614,116.344200,39.875351,428914004,147001467,0,176,0,0,50#
51464,$JYJ,13331194795,20111101095737,116.344330,39.874611,428914506,146998735,30,356,1,1,50#
56133,$JYJ,13311403540,20111101100259,116.347534,39.871769,428926343,146988263,8,282,0,0,50#
75757,$JYJ,13311487160,20111101100418,116.340584,39.874035,428900634,146996587,0,274,0,0,50#
36204,$JYJ,13311492313,20111101100152,116.342033,39.878857,428906018,147014362,19,90,0,0,50#
84070,$JYJ,13311579646,20111101100448,116.345901,39.876373,428920291,147005237,10,244,1,1,50#
79077,$JYJ,13321164800,20111101100426,116.342667,39.873196,428908355,146993512,0,0,1,1,50#
42450,$JYJ,13331159421,20111101100209,116.340530,39.874073,428900471,146996711,6,158,0,0,50#
74833,$JYJ,13331185140,20111101100411,116.345787,39.879883,428919901,147018176,10,174,1,1,50#
17313,$JYJ,13331194617,20111101100052,116.344132,39.876598,428913748,147006046,19,346,1,1,50#
47402,$JYJ,13321183407,20111101100748,116.346519,39.876354,428922575,147005161,26,266,1,1,50#
37663,$JYJ,13301208404,20111101101225,116.340584,39.872459,428900672,146990782,12,348,1,1,50#
15903,$JYJ,13321164803,20111101101052,116.347168,39.871925,428924989,146988860,17,254,0,0,50#
42905,$JYJ,13321199479,20111101101245,116.342415,39.870781,428907418,146984584,0,206,0,0,50#
42701,$JYJ,13301156634,20111101101714,116.344383,39.874199,428914671,146997193,19,350,1,1,50#
40210,$JYJ,13301214151,20111101101706,116.345032,39.876247,428917077,147004752,39,84,0,0,50#
66891,$JYJ,13311426256,20111101101832,116.342384,39.870865,428907321,146984916,10,188,0,0,50#
10859,$JYJ,13311431306,20111101101530,116.342468,39.872543,428907603,146991091,45,186,0,0,50#
46402,$JYJ,13311495233,20111101101729,116.344902,39.871723,428916610,146988090,0,92,0,0,50#
66372,$JYJ,13321164596,20111101101830,116.346664,39.871937,428923136,146988891,0,260,1,1,50#
20843,$JYJ,13331184816,20111101101604,116.340767,39.879314,428901327,147016031,0,176,1,1,50#
46439,$JYJ,13331184850,20111101101724,116.344765,39.871735,428916084,146988137,4,110,0,0,50#
58792,$JYJ,13331184988,20111101101808,116.342323,39.870205,428907065,146982457,0,0,0,0,50#
13025,$JYJ,13301128417,20111101102038,116.344185,39.877632,428913970,147009846,8,352,1,1,50#
36715,$JYJ,13301214122,20111101102156,116.344833,39.871769,428916372,146988261,15,266,1,1,50#
7674,$JYJ,13321199646,20111101102026,116.344482,39.871719,428915067,146988069,6,344,1,1,50#
72735,$JYJ,13331053054,20111101102349,116.341431,39.872356,428903801,146990410,0,270,0,0,50#
9708,$JYJ,13370122430,20111101102027,116.347565,39.876831,428926460,147006924,12,182,1,1,50#
77798,$JYJ,13301104015,20111101102859,116.347351,39.879772,428925641,147017789,0,192,0,0,50#
66667,$JYJ,13301214441,20111101102824,116.342834,39.874023,428908958,146996564,26,170,1,1,50#
41865,$JYJ,13331185140,20111101102705,116.344780,39.870598,428916165,146983942,0,144,0,0,50#
25932,$JYJ,13301155754,20111101103121,116.342514,39.872383,428907765,146990493,15,264,1,1,50#
54509,$JYJ,13301214102,20111101103254,116.347603,39.876667,428926605,147006314,0,184,0,0,50#
78560,$JYJ,13311426242,20111101103408,116.342430,39.871170,428907467,146986018,15,188,0,0,50#
81698,$JYJ,13331194851,20111101103420,116.344467,39.873058,428914993,146992988,10,2,0,0,50#
58566,$JYJ,13301151546,20111101103804,116.345551,39.876240,428918985,147004748,0,102,0,0,50#
62205,$JYJ,13301184085,20111101103814,116.347984,39.872337,428927993,146990374,15,76,0,0,50#
74198,$JYJ,13301207488,20111101103902,116.344299,39.874352,428914385,146997756,21,354,1,1,50#
3745,$JYJ,13301214241,20111101103508,116.346970,39.874069,428924239,146996736,0,196,0,0,50#
32083,$JYJ,13301214241,20111101103641,116.347199,39.873760,428925071,146995618,0,52,1,1,50#
71116,$JYJ,13311487235,20111101103851,116.342384,39.870403,428907308,146983191,0,198,0,0,50#
7796,$JYJ,13331194851,20111101103520,116.344414,39.873486,428914785,146994581,25,354,1,1,50#
68536,$JYJ,13381069144,20111101103836,116.345703,39.870712,428919570,146984348,0,94,0,0,50#
4569,$JYJ,13311021064,20111101104014,116.344017,39.878651,428913349,147013625,19,348,1,1,50#
58302,$JYJ,13311191457,20111101104258,116.347465,39.879253,428926068,147015871,17,358,1,1,50#
71686,$JYJ,13311573384,20111101104347,116.340446,39.870739,428900149,146984429,0,178,0,0,50#
16868,$JYJ,13331191584,20111101104048,116.344704,39.871765,428915875,146988246,0,58,0,0,50#
4355,$JYJ,13301156452,20111101104509,116.347717,39.872749,428927002,146991875,0,340,0,0,50#
57227,$JYJ,13301156452,20111101104756,116.347534,39.875828,428926338,147003236,8,0,1,1,50#
6514,$JYJ,13301208420,20111101104518,116.346313,39.876289,428921838,147004943,12,82,1,1,50#
14395,$JYJ,13311573384,20111101104543,116.340500,39.870892,428900355,146984983,0,256,1,1,50#
9792,$JYJ,13381271946,20111101104529,116.345749,39.871887,428919733,146988678,0,262,0,0,50#
20593,$JYJ,13301184085,20111101105104,116.346230,39.871956,428921515,146988954,0,320,0,0,50#
82801,$JYJ,13311577734,20111101105412,116.342384,39.870285,428907315,146982781,8,172,1,1,50#
34270,$JYJ,13321164831,20111101105142,116.342430,39.870766,428907472,146984521,0,194,0,0,50#
72909,$JYJ,13381083451,20111101105342,116.342903,39.874035,428909234,146996583,21,180,1,1,50#
15785,$JYJ,13301214161,20111101105553,116.345863,39.876396,428920161,147005333,15,264,1,1,50#
5566,$JYJ,13301214289,20111101105515,116.347832,39.871025,428927441,146985529,13,176,0,0,50#
45675,$JYJ,13301214659,20111101105725,116.342819,39.875557,428908930,147002207,0,184,1,1,50#
27565,$JYJ,13311025845,20111101105627,116.346199,39.871788,428921392,146988345,0,236,0,0,50#
34964,$JYJ,13311300704,20111101105652,116.344032,39.878773,428913387,147014060,26,352,1,1,50#
72356,$JYJ,13311426052,20111101105858,116.347519,39.878288,428926280,147012289,0,352,0,0,50#
49376,$JYJ,13301104051,20111101110233,116.342865,39.873192,428909078,146993469,36,184,1,1,50#
58875,$JYJ,13301209460,20111101110301,116.344299,39.873303,428914373,146993910,10,176,0,0,50#
58415,$JYJ,13311021164,20111101110300,116.342834,39.874905,428908953,146999812,0,188,0,0,50#
37876,$JYJ,13311426304,20111101110201,116.347633,39.871849,428926695,146988577,13,86,1,1,50#
73752,$JYJ,13331184784,20111101110347,116.346680,39.876804,428923184,147006821,17,268,0,0,50#
71919,$JYJ,13311403135,20111101111343,116.347549,39.878509,428926396,147013124,0,350,1,1,50#
53496,$JYJ,13311403157,20111101111249,116.342834,39.875702,428908964,147002745,19,174,1,1,50#
35719,$JYJ,13311487257,20111101111156,116.343864,39.879993,428912795,147018579,0,180,0,0,50#
59772,$JYJ,13331159488,20111101111314,116.344803,39.870270,428916239,146982715,12,348,1,1,50#
85140,$JYJ,13311431063,20111101111955,116.344330,39.873245,428914490,146993699,0,182,0,0,50#
74587,$JYJ,13311489435,20111101111925,116.340698,39.874828,428901084,146999519,2,316,0,0,50#
27249,$JYJ,13331194800,20111101111626,116.344833,39.870087,428916349,146982040,6,324,1,1,50#
86829,$JYJ,13301251408,20111101112448,116.340714,39.875820,428901147,147003168,25,180,2,0,50#
77555,$JYJ,13311431126,20111101112415,116.347549,39.879368,428926408,147016300,0,356,1,1,50#
82363,$JYJ,13321199524,20111101112433,116.340653,39.873184,428900926,146993450,2,6,0,0,50#
23321,$JYJ,13331194318,20111101112119,116.340630,39.875881,428900825,147003400,0,168,0,0,50#
37850,$JYJ,13321199524,20111101112652,116.342346,39.876186,428907170,147004521,17,90,1,1,50#
86988,$JYJ,13311403514,20111101113416,116.342499,39.879517,428907726,147016812,32,178,0,0,50#
93211,$JYJ,13321180463,20111101113432,116.344383,39.876430,428914702,147005419,0,282,0,0,50#
74206,$JYJ,13331156422,20111101113337,116.344482,39.873756,428915066,146995585,25,354,1,1,50#
98467,$JYJ,13301157134,20111101113950,116.349831,39.876644,428934796,147006250,4,282,1,1,50#
11052,$JYJ,13311026488,20111101113531,116.346252,39.877216,428921614,147008349,10,290,1,1,50#
2231,$JYJ,13311403514,20111101113503,116.342552,39.879059,428907933,147015097,23,174,1,1,50#
85699,$JYJ,13311431594,20111101113917,116.342499,39.871700,428907720,146987970,0,200,0,0,50#
35423,$JYJ,13311492218,20111101113644,116.347382,39.878429,428925764,147012837,2,184,0,0,50#
7271,$JYJ,13311495025,20111101113519,116.347748,39.873447,428927101,146994451,12,338,1,1,50#
78894,$JYJ,13311495148,20111101113856,116.346313,39.876514,428921837,147005772,10,268,0,0,50#
12186,$JYJ,13311566004,20111101113534,116.347916,39.870136,428927719,146982257,0,188,0,0,50#
45992,$JYJ,13301138034,20111101114215,116.342598,39.872421,428908107,146990653,4,182,1,1,50#
6132,$JYJ,13301214891,20111101114016,116.345436,39.876370,428918586,147005203,26,74,0,0,50#
27586,$JYJ,13311486493,20111101114119,116.342903,39.874756,428909203,146999252,15,168,1,1,50#
2159,$JYJ,13311495148,20111101114008,116.345917,39.876636,428920377,147006190,19,250,1,1,50#
36232,$JYJ,13311495176,20111101114146,116.347054,39.871937,428924572,146988888,0,250,0,0,50#
16554,$JYJ,13311495294,20111101114048,116.347748,39.873562,428927109,146994870,21,358,0,0,50#
35537,$JYJ,13331194328,20111101114144,116.344253,39.874706,428914219,146999077,0,188,0,0,50#
9339,$JYJ,13301214172,20111101114529,116.342758,39.878731,428908669,147013913,23,174,1,1,50#
58937,$JYJ,13301214246,20111101114756,116.347664,39.878826,428926818,147014284,38,358,0,0,50#
13584,$JYJ,13311431594,20111101114544,116.347916,39.871441,428927734,146987070,8,40,1,1,50#
89774,$JYJ,13311403570,20111101115425,116.342720,39.878307,428908567,147012356,51,176,1,1,50#
52767,$JYJ,13311486388,20111101115238,116.344818,39.870510,428916276,146983621,0,0,0,0,50#
54267,$JYJ,13311486388,20111101115243,116.344818,39.870510,428916306,146983622,0,0,0,0,50#
58952,$JYJ,13311495132,20111101115258,116.344200,39.878872,428914019,147014450,4,346,1,1,50#
96943,$JYJ,13331194339,20111101115453,116.347382,39.879456,428925751,147016616,2,182,0,0,50#
5284,$JYJ,13370122411,20111101115011,116.342819,39.875031,428908899,147000276,15,168,0,0,50#
32301,$JYJ,13301214710,20111101115634,116.340614,39.874001,428900761,146996465,0,334,1,1,50#
2449,$JYJ,13311403018,20111101115504,116.347649,39.877579,428926776,147009694,25,174,0,0,50#
45585,$JYJ,13311470431,20111101115714,116.346367,39.870331,428921997,146982961,26,92,0,0,50#
62739,$JYJ,13331111432,20111101120316,116.340553,39.871170,428900528,146986026,15,180,0,0,50#
58090,$JYJ,13301156314,20111101121849,116.348030,39.870281,428928141,146982788,0,178,2,0,50#
47972,$JYJ,13311489464,20111101121812,116.347900,39.876415,428927666,147005408,17,86,1,1,50#
55685,$JYJ,13311489691,20111101121837,116.344215,39.875217,428914075,147000947,6,20,0,0,50#
10853,$JYJ,13331156465,20111101121542,116.342621,39.872021,428908157,146989182,32,188,0,0,50#
20538,$JYJ,13381063174,20111101121616,116.342567,39.870213,428907971,146982504,25,164,0,0,50#
26181,$JYJ,13301156314,20111101122136,116.348053,39.870190,428928255,146982459,10,134,2,0,50#
21331,$JYJ,13301214199,20111101122117,116.340782,39.879669,428901401,147017345,30,178,0,0,50#
41783,$JYJ,13311453451,20111101122235,116.344536,39.875145,428915255,147000699,10,354,1,1,50#
16167,$JYJ,13311489691,20111101122057,116.344002,39.879322,428913290,147016075,52,356,1,1,50#
47702,$JYJ,13381232437,20111101122257,116.342613,39.879398,428908174,147016349,15,164,1,1,50#
28147,$JYJ,13311403316,20111101122701,116.340530,39.874352,428900454,146997759,13,346,1,1,50#
41930,$JYJ,13321164546,20111101122752,116.342468,39.870865,428907609,146984897,0,202,0,0,50#
15428,$JYJ,13331194557,20111101122607,116.343086,39.875107,428909916,147000562,4,310,0,0,50#
37577,$JYJ,13370129534,20111101122737,116.347397,39.873985,428925840,146996428,21,168,1,1,50#
36742,$JYJ,13311453241,20111101123241,116.342644,39.872448,428908247,146990724,0,62,0,0,50#
26442,$JYJ,13311470332,20111101123153,116.347595,39.875408,428926571,147001695,0,0,0,0,50#
27225,$JYJ,13311470332,20111101123157,116.347595,39.875408,428926564,147001685,0,0,0,0,50#
65189,$JYJ,13311470332,20111101123443,116.347595,39.875408,428926537,147001690,0,0,0,0,50#
32688,$JYJ,13321180414,20111101123223,116.349030,39.876709,428931859,147006508,0,274,0,0,50#
42137,$JYJ,13381066984,20111101123300,116.346649,39.876694,428923044,147006411,17,262,1,1,50#
44255,$JYJ,13381096774,20111101123307,116.347534,39.879162,428926329,147015508,0,344,1,1,50#
66876,$JYJ,13311431427,20111101123852,116.347534,39.875378,428926352,147001571,12,356,1,1,50#
42574,$JYJ,13311470332,20111101124227,116.344376,39.874893,428914673,146999778,26,356,1,1,50#
51828,$JYJ,13311489393,20111101124258,116.348198,39.878323,428928773,147012445,10,0,1,1,50#
76298,$JYJ,13321174605,20111101124418,116.344269,39.876991,428914259,147007507,17,354,1,1,50#
42732,$JYJ,13301214650,20111101124716,116.340698,39.872471,428901080,146990808,4,4,0,0,50#
29342,$JYJ,13311489534,20111101124625,116.347832,39.870834,428927447,146984840,28,352,1,1,50#
34114,$JYJ,13321164603,20111101124646,116.347847,39.871330,428927465,146986669,10,358,1,1,50#
52654,$JYJ,13311403716,20111101125257,116.340698,39.878738,428901072,147013923,21,4,0,0,50#
30324,$JYJ,13311426293,20111101125147,116.344215,39.875336,428914065,147001404,15,352,1,1,50#
16429,$JYJ,13301204991,20111101125556,116.342430,39.870773,428907486,146984557,6,226,0,0,50#
41043,$JYJ,13311489353,20111101125720,116.344002,39.879120,428913278,147015354,39,176,1,1,50#
86685,$JYJ,13331154738,20111101125945,116.341652,39.871800,428904593,146988348,26,266,0,0,50#
69310,$JYJ,13370129334,20111101125848,116.342964,39.875340,428909446,147001413,15,164,1,1,50#
42333,$JYJ,13381093084,20111101125720,116.342514,39.872353,428907790,146990372,19,258,1,1,50#
69890,$JYJ,13311470495,20111101130408,116.347252,39.876179,428925279,147004529,4,196,0,0,50#
31089,$JYJ,13311486391,20111101130142,116.341599,39.876148,428904387,147004371,17,88,1,1,50#
52752,$JYJ,13311487260,20111101130308,116.340736,39.879135,428901236,147015370,0,216,0,0,50#
9480,$JYJ,13311489650,20111101130032,116.344513,39.875202,428915152,147000919,0,0,0,0,50#
31781,$JYJ,13311489650,20111101130145,116.346451,39.876331,428922342,147005082,15,90,1,1,50#
68546,$JYJ,13321174691,20111101130404,116.344147,39.877705,428913799,147010116,8,346,1,1,50#
36169,$JYJ,13331186438,20111101130201,116.347832,39.870689,428927449,146984293,21,174,1,1,50#
58418,$JYJ,13331194434,20111101130329,116.347702,39.874252,428926960,146997412,25,354,1,1,50#
82540,$JYJ,13301125478,20111101130916,116.348587,39.879414,428930228,147016443,0,120,0,0,50#
36351,$JYJ,13301214800,20111101130657,116.345734,39.871880,428919696,146988668,17,262,1,1,50#
55003,$JYJ,13301254279,20111101130756,116.347565,39.876976,428926425,147007469,12,0,1,1,50#
37528,$JYJ,13311487260,20111101130705,116.342934,39.876171,428909357,147004461,30,86,1,1,50#
72820,$JYJ,13381100634,20111101130851,116.344200,39.875912,428913996,147003523,21,180,0,0,50#
53114,$JYJ,13301153648,20111101131237,116.342651,39.877293,428908309,147008617,26,174,0,0,50#
90368,$JYJ,13301153648,20111101131454,116.344315,39.875175,428914436,147000791,21,350,1,1,50#
32477,$JYJ,13311470410,20111101131137,116.340797,39.873524,428901455,146994689,6,22,1,1,50#
11802,$JYJ,13321180142,20111101131038,116.344383,39.874935,428914681,146999911,0,252,1,1,50#
37922,$JYJ,13321199945,20111101131150,116.343147,39.875233,428910139,147001014,12,162,0,0,50#
55770,$JYJ,13321199945,20111101131250,116.342400,39.872410,428907350,146990609,17,272,1,1,50#
78522,$JYJ,13301157149,20111101131920,116.345283,39.871788,428918007,146988311,0,68,2,0,50#
57099,$JYJ,13311489412,20111101131818,116.344330,39.875275,428914494,147001172,13,344,1,1,50#
60014,$JYJ,13311495345,20111101131822,116.342613,39.872448,428908140,146990747,12,186,0,0,50#
31950,$JYJ,13321199458,20111101131654,116.344070,39.879303,428913533,147016005,4,350,1,1,50#
38158,$JYJ,13301214625,20111101132157,116.344284,39.874229,428914322,146997312,0,180,0,0,50#
1656,$JYJ,13311453201,20111101132005,116.344765,39.875767,428916084,147002973,12,358,1,1,50#
49996,$JYJ,13311489301,20111101132237,116.345383,39.870743,428918364,146984488,30,86,0,0,50#
91670,$JYJ,13321174872,20111101132436,116.345482,39.870750,428918744,146984505,13,88,0,0,50#
27299,$JYJ,13331154807,20111101132123,116.347420,39.876102,428925890,147004236,15,0,1,1,50#
59995,$JYJ,13301251431,20111101132805,116.347847,39.876087,428927507,147004205,2,116,0,0,50#
11871,$JYJ,13311492195,20111101132539,116.347733,39.872375,428927053,146990517,23,180,0,0,50#
50808,$JYJ,13321174872,20111101132740,116.344185,39.876564,428913973,147005939,12,350,1,1,50#
46456,$JYJ,13331063480,20111101132724,116.342697,39.872482,428908444,146990881,41,182,1,1,50#
66921,$JYJ,13331194125,20111101132831,116.342636,39.874840,428908244,146999547,13,194,0,0,50#
90230,$JYJ,13331194125,20111101132940,116.342651,39.873070,428908272,146993026,30,182,1,1,50#
8115,$JYJ,13301214153,20111101133025,116.345947,39.874332,428920478,146997719,2,144,0,0,50#
8920,$JYJ,13301251431,20111101133024,116.345032,39.876045,428917085,147004034,34,264,1,1,50#
38284,$JYJ,13311431469,20111101133155,116.342537,39.872234,428907875,146989936,8,174,1,1,50#
69886,$JYJ,13311431566,20111101133331,116.345482,39.873547,428918767,146994813,4,64,0,0,50#
61814,$JYJ,13311565854,20111101133305,116.346382,39.876343,428922080,147005111,0,126,0,0,50#
80731,$JYJ,13321164849,20111101133404,116.347763,39.872028,428927166,146989233,28,180,0,0,50#
30975,$JYJ,13381232411,20111101133136,116.342567,39.872211,428907986,146989861,0,164,1,1,50#
24397,$JYJ,13301214145,20111101133617,116.344963,39.871960,428916837,146988960,6,246,1,1,50#
6710,$JYJ,13301214862,20111101133519,116.347481,39.874828,428926133,146999539,15,180,1,1,50#
24271,$JYJ,13311191413,20111101133616,116.342850,39.879314,428909015,147016043,15,130,0,0,50#
67482,$JYJ,13311403328,20111101133845,116.345314,39.875763,428918114,147002993,6,256,1,1,50#
8213,$JYJ,13311431566,20111101133522,116.344368,39.874924,428914651,146999886,12,352,1,1,50#
55246,$JYJ,13321164849,20111101133753,116.344551,39.873314,428915305,146993960,0,354,1,1,50#
73356,$JYJ,13370122432,20111101133905,116.342514,39.870586,428907791,146983880,30,186,1,1,50#
89612,$JYJ,13301174932,20111101134434,116.342430,39.870300,428907481,146982822,6,166,1,1,50#
687,$JYJ,13301204867,20111101133959,116.344231,39.875462,428914139,147001873,6,340,0,0,50#
46282,$JYJ,13301214147,20111101134219,116.342766,39.875061,428908726,147000378,0,184,1,1,50#
57734,$JYJ,13311489591,20111101134254,116.343567,39.874756,428911689,146999271,4,260,0,0,50#
71927,$JYJ,13370122432,20111101134322,116.347885,39.871662,428927612,146987873,12,2,0,0,50#
23395,$JYJ,13381153640,20111101134610,116.347465,39.878147,428926081,147011797,32,354,0,0,50#
47907,$JYJ,13301204927,20111101135233,116.344253,39.877014,428914227,147007592,32,358,0,0,50#
69135,$JYJ,13301254118,20111101135344,116.342453,39.871193,428907552,146986102,12,182,2,0,50#
28814,$JYJ,13311191428,20111101135130,116.349648,39.878727,428934143,147013922,0,12,0,0,50#
71508,$JYJ,13311191437,20111101135354,116.347519,39.875751,428926288,147002942,6,4,1,1,50#
42352,$JYJ,13311470312,20111101135213,116.342499,39.870731,428907741,146984399,32,184,2,0,50#
29605,$JYJ,13311585754,20111101135132,116.344536,39.872890,428915273,146992381,15,346,1,1,50#
8699,$JYJ,13381083494,20111101135030,116.344437,39.874401,428914907,146997968,8,14,1,1,50#
78188,$JYJ,13301214477,20111101135916,116.343735,39.874447,428912315,146998133,10,170,0,0,50#
29808,$JYJ,13301214696,20111101135642,116.347633,39.878994,428926695,147014920,26,176,1,1,50#
81800,$JYJ,13301127443,20111101140952,116.347649,39.874485,428926766,146998276,13,354,2,0,50#
5616,$JYJ,13311571674,20111101140513,116.344200,39.875011,428914023,147000211,38,176,0,0,50#
13329,$JYJ,13321174958,20111101140544,116.344589,39.876289,428915433,147004916,10,266,0,0,50#
42375,$JYJ,13301214494,20111101141216,116.347603,39.872322,428926583,146990321,2,276,0,0,50#
67363,$JYJ,13311191414,20111101141333,116.346169,39.876411,428921273,147005359,0,320,0,0,50#
16095,$JYJ,13311403486,20111101141051,116.343720,39.876244,428912225,147004725,32,270,1,1,50#
69256,$JYJ,13331184924,20111101141337,116.346466,39.870174,428922392,146982378,0,122,0,0,50#
49586,$JYJ,13301164940,20111101141742,116.343880,39.876247,428912816,147004739,0,84,0,0,50#
81882,$JYJ,13301214197,20111101141921,116.341766,39.876194,428905002,147004548,10,254,2,0,50#
61837,$JYJ,13301214494,20111101141823,116.347664,39.872608,428926822,146991364,23,4,1,1,50#
62626,$JYJ,13301272722,20111101141824,116.342400,39.870724,428907356,146984385,4,170,0,0,50#
91438,$JYJ,13311403486,20111101141956,116.344086,39.878952,428913606,147014720,4,358,0,0,50#
88303,$JYJ,13311431481,20111101141944,116.340752,39.873985,428901278,146996386,10,2,1,1,50#
51258,$JYJ,13311566942,20111101141748,116.342918,39.874924,428909275,146999861,10,168,1,1,50#
17781,$JYJ,13331184839,20111101141551,116.342583,39.870720,428908045,146984385,19,178,1,1,50#
21084,$JYJ,13331184924,20111101141606,116.344330,39.875034,428914514,147000281,15,354,1,1,50#
62993,$JYJ,13301164125,20111101142302,116.342613,39.872112,428908135,146989514,19,182,1,1,50#
99391,$JYJ,13311487211,20111101142500,116.340653,39.879963,428900916,147018418,30,358,1,1,50#
83253,$JYJ,13311492195,20111101142854,116.344414,39.875084,428914786,147000466,2,340,1,1,50#
42722,$JYJ,13331194388,20111101142711,116.340714,39.875984,428901150,147003749,0,196,0,0,50#
73231,$JYJ,13331194601,20111101142827,116.347786,39.870724,428927275,146984424,0,172,0,0,50#
76829,$JYJ,13370122487,20111101142842,116.347336,39.879402,428925588,147016397,15,182,1,1,50#
78387,$JYJ,13301125451,20111101143314,116.347687,39.873547,428926887,146994826,4,206,0,0,50#
88280,$JYJ,13301184082,20111101143338,116.342384,39.876282,428907326,147004858,0,298,0,0,50#
72254,$JYJ,13311426293,20111101143259,116.342934,39.874241,428909340,146997358,17,180,1,1,50#
94931,$JYJ,13331085284,20111101143352,116.344269,39.877380,428914265,147008939,0,8,0,0,50#
9182,$JYJ,13331194273,20111101143020,116.342415,39.870743,428907416,146984469,8,178,1,1,50#
70485,$JYJ,13311403145,20111101143754,116.342819,39.874195,428908906,146997172,23,176,1,1,50#
61582,$JYJ,13311431185,20111101143733,116.347504,39.876636,428926214,147006220,8,186,1,1,50#
5811,$JYJ,13321174713,20111101143514,116.347611,39.877678,428926597,147010069,13,354,1,1,50#
23685,$JYJ,13331154788,20111101143602,116.347397,39.878967,428925823,147014818,34,358,0,0,50#
12220,$JYJ,13311486291,20111101144032,116.347733,39.873795,428927063,146995750,28,354,1,1,50#
91139,$JYJ,13311490932,20111101144350,116.347481,39.876781,428926142,147006748,23,172,1,1,50#
96649,$JYJ,13331154930,20111101144401,116.340599,39.873528,428900692,146994699,0,172,0,0,50#
8049,$JYJ,13331194439,20111101144021,116.344299,39.875561,428914400,147002226,0,42,0,0,50#
23734,$JYJ,13311162498,20111101144603,116.347481,39.879318,428926118,147016092,0,180,0,0,50#
94378,$JYJ,13311191476,20111101144855,116.345169,39.876415,428917591,147005394,28,92,1,1,50#
94391,$JYJ,13311403263,20111101144853,116.347649,39.873352,428926741,146994108,0,342,1,1,50#
10494,$JYJ,13311453203,20111101144525,116.349953,39.876251,428935250,147004825,21,76,1,1,50#
69605,$JYJ,13311487247,20111101144754,116.346535,39.872017,428922637,146989177,0,244,1,1,50#
90272,$JYJ,13311495261,20111101144847,116.344650,39.876823,428915692,147006889,0,6,0,0,50#
114488,$JYJ,13311495261,20111101144945,116.344330,39.877834,428914485,147010613,17,350,1,1,50#
38373,$JYJ,13321164527,20111101144639,116.344482,39.872028,428915051,146989203,2,134,0,0,50#
101277,$JYJ,13321164527,20111101144913,116.344482,39.875835,428915051,147003235,0,2,1,1,50#
16007,$JYJ,13331154930,20111101144540,116.340630,39.873112,428900813,146993167,0,180,1,1,50#
2139,$JYJ,13331194092,20111101144502,116.343002,39.873707,428909599,146995368,13,170,1,1,50#
112876,$JYJ,13370126429,20111101144946,116.343368,39.873787,428910936,146995692,49,0,3,0,50#
53279,$JYJ,13301214549,20111101145212,116.344086,39.878872,428913598,147014416,0,10,0,0,50#
106916,$JYJ,13301214800,20111101145428,116.344498,39.873165,428915134,146993391,4,4,0,0,50#
79948,$JYJ,13311486392,20111101145315,116.344398,39.873886,428914725,146996045,34,356,1,1,50#
43098,$JYJ,13311492211,20111101145146,116.346214,39.871857,428921450,146988588,0,266,0,0,50#
88990,$JYJ,13311564004,20111101145343,116.347885,39.870678,428927625,146984250,0,206,0,0,50#
96786,$JYJ,13321164592,20111101145359,116.344551,39.877281,428915326,147008581,0,354,1,1,50#
96170,$JYJ,13331184908,20111101145400,116.345947,39.876388,428920451,147005281,17,288,0,0,50#
76179,$JYJ,13311486508,20111101145810,116.344147,39.878273,428913831,147012215,8,8,0,0,50#
93202,$JYJ,13311488160,20111101145856,116.348053,39.872250,428928258,146990057,10,350,1,1,50#
96831,$JYJ,13331194718,20111101145902,116.344368,39.873424,428914625,146994341,2,172,0,0,50#
71070,$JYJ,13370122441,20111101145756,116.340736,39.879379,428901200,147016271,15,172,1,1,50#
83707,$JYJ,13381101224,20111101145829,116.340736,39.875645,428901212,147002526,6,190,0,0,50#
100361,$JYJ,13301152940,20111101150419,116.347984,39.870682,428928006,146984280,0,188,0,0,50#
51711,$JYJ,13311431125,20111101150210,116.340836,39.876003,428901587,147003851,4,184,0,0,50#
82454,$JYJ,13311489553,20111101150335,116.346481,39.871895,428922431,146988731,0,260,0,0,50#
114540,$JYJ,13321164419,20111101150500,116.346451,39.876293,428922325,147004925,2,66,0,0,50#
85142,$JYJ,13331194831,20111101150342,116.345467,39.871567,428918688,146987503,10,256,1,1,50#
97716,$JYJ,13381096734,20111101150408,116.347084,39.871956,428924648,146988949,0,278,0,0,50#
114274,$JYJ,13301155154,20111101150947,116.347687,39.871815,428926902,146988443,17,264,1,1,50#
111042,$JYJ,13301251431,20111101150938,116.344498,39.873436,428915094,146994387,0,6,0,0,50#
99449,$JYJ,13311426250,20111101150911,116.347786,39.871502,428927274,146987301,0,84,0,0,50#
99239,$JYJ,13311489553,20111101150910,116.344780,39.871887,428916171,146988672,0,256,1,1,50#
15120,$JYJ,13321164419,20111101150545,116.346832,39.876320,428923743,147005043,13,96,1,1,50#
40830,$JYJ,13381101224,20111101150646,116.347504,39.875751,428926227,147002952,4,338,0,0,50#
18918,$JYJ,13311426434,20111101151049,116.340736,39.879139,428901215,147015404,0,352,0,0,50#
14496,$JYJ,13311431125,20111101151036,116.341019,39.872540,428902258,146991057,6,166,1,1,50#
15645,$JYJ,13331194092,20111101151044,116.342949,39.876038,428909371,147003971,4,200,0,0,50#
52127,$JYJ,13331194603,20111101151225,116.341019,39.872501,428902277,146990939,10,342,1,1,50#
93666,$JYJ,13381102534,20111101151423,116.347519,39.876122,428926285,147004324,17,14,1,1,50#
20327,$JYJ,13301214023,20111101151556,116.346031,39.876453,428920792,147005531,17,264,1,1,50#
91958,$JYJ,13301214657,20111101151852,116.346298,39.875645,428921775,147002558,0,178,0,0,50#
7638,$JYJ,13311162479,20111101151515,116.344132,39.875629,428913774,147002475,23,178,0,0,50#
101379,$JYJ,13311300904,20111101151918,116.347786,39.871708,428927244,146988041,0,180,0,0,50#
114021,$JYJ,13311492123,20111101151954,116.344330,39.879883,428914476,147018170,0,10,1,1,50#
32505,$JYJ,13321174594,20111101151626,116.342476,39.879803,428907628,147017855,15,180,1,1,50#
40908,$JYJ,13331093442,20111101151645,116.347565,39.874584,428926453,146998635,0,206,0,0,50#
84498,$JYJ,13301156487,20111101152340,116.344719,39.871834,428915942,146988483,23,294,1,1,50#
64386,$JYJ,13311489426,20111101152250,116.349335,39.876461,428932989,147005569,28,82,1,1,50#
78514,$JYJ,13311489694,20111101152323,116.344582,39.872169,428915418,146989730,30,352,1,1,50#
75032,$JYJ,13311492226,20111101152320,116.342186,39.870636,428906588,146984045,8,98,0,0,50#
44851,$JYJ,13321174819,20111101152200,116.340683,39.874451,428901013,146998118,2,356,1,1,50#
41342,$JYJ,13331156483,20111101152146,116.342583,39.879353,428908024,147016178,12,164,1,1,50#
18738,$JYJ,13331156496,20111101152044,116.346130,39.876263,428921152,147004823,2,88,1,1,50#
60930,$JYJ,13301125461,20111101152738,116.348549,39.871292,428930094,146986511,8,12,1,1,50#
79907,$JYJ,13301128403,20111101152822,116.344185,39.876316,428913978,147005026,4,14,0,0,50#
72147,$JYJ,13301272155,20111101152802,116.342384,39.870678,428907324,146984216,8,204,0,0,50#
40150,$JYJ,13311426415,20111101152644,116.344193,39.879002,428913982,147014919,4,330,1,1,50#
82921,$JYJ,13311431130,20111101152830,116.348633,39.875244,428930368,147001092,8,16,1,1,50#
105590,$JYJ,13311489550,20111101152930,116.342834,39.874233,428908977,146997339,0,196,0,0,50#
33470,$JYJ,13321180463,20111101152625,116.340065,39.874718,428898745,146999079,10,300,0,0,50#
24941,$JYJ,13301128403,20111101153105,116.344253,39.876465,428914215,147005576,10,356,1,1,50#
79761,$JYJ,13301150548,20111101153335,116.347847,39.870731,428927485,146984447,0,178,0,0,50#
68929,$JYJ,13301214750,20111101153307,116.342583,39.879818,428908052,147017907,0,164,0,0,50#
55581,$JYJ,13301214849,20111101153226,116.341232,39.876240,428903056,147004720,26,86,1,1,50#
106351,$JYJ,13311431597,20111101153441,116.347748,39.876705,428927118,147006480,4,90,0,0,50#
44676,$JYJ,13321164471,20111101153153,116.342316,39.878948,428907044,147014708,17,180,1,1,50#
111199,$JYJ,13311403197,20111101154440,116.347465,39.878063,428926058,147011468,21,348,0,0,50#
38154,$JYJ,13311495197,20111101154135,116.347900,39.871986,428927693,146989073,0,200,1,1,50#
105923,$JYJ,13331063480,20111101154431,116.342720,39.878807,428908543,147014198,36,162,1,1,50#
94208,$JYJ,13331194615,20111101154401,116.342537,39.870762,428907866,146984531,19,152,1,1,50#
34051,$JYJ,13331194889,20111101154123,116.340836,39.876167,428901573,147004450,0,222,1,1,50#
33620,$JYJ,13370129527,20111101154122,116.340653,39.872738,428900926,146991810,0,148,0,0,50#
56829,$JYJ,13370129527,20111101154221,116.340683,39.872856,428901018,146992220,23,356,1,1,50#
77843,$JYJ,13311426455,20111101154811,116.347702,39.876629,428926957,147006195,30,200,0,0,50#
1030,$JYJ,13331185244,20111101154501,116.342484,39.870342,428907652,146982975,12,188,1,1,50#
91315,$JYJ,13301184039,20111101155347,116.347816,39.876530,428927372,147005834,6,212,1,1,50#
35652,$JYJ,13311403592,20111101155127,116.345169,39.872036,428917587,146989244,25,266,1,1,50#
747,$JYJ,13311431192,20111101155000,116.345833,39.876453,428920027,147005531,17,256,1,1,50#
29908,$JYJ,13311487148,20111101155115,116.348000,39.870892,428928048,146985049,10,354,1,1,50#
37706,$JYJ,13321164495,20111101155133,116.346581,39.876446,428922797,147005493,4,226,0,0,50#
34037,$JYJ,13331194315,20111101155124,116.345200,39.871952,428917711,146988916,10,254,1,1,50#
85447,$JYJ,13331194388,20111101155331,116.347580,39.875370,428926502,147001546,0,348,0,0,50#
91219,$JYJ,13311426076,20111101155846,116.344299,39.874969,428914400,147000045,15,348,1,1,50#
103921,$JYJ,13311495066,20111101155918,116.344315,39.875660,428914443,147002583,36,354,1,1,50#
86673,$JYJ,13331194330,20111101155841,116.344582,39.872055,428915434,146989315,36,354,1,1,50#
81172,$JYJ,13311453490,20111101160324,116.342834,39.876804,428908953,147006817,8,154,1,1,50#
88750,$JYJ,13311486449,20111101160346,116.344414,39.873264,428914812,146993778,0,0,0,0,50#
10217,$JYJ,13311565476,20111101160023,116.348000,39.876617,428928064,147006159,19,308,0,0,50#
35554,$JYJ,13301157247,20111101160633,116.347481,39.879814,428926142,147017932,0,74,1,1,50#
787,$JYJ,13301254560,20111101160458,116.344734,39.870537,428915993,146983703,43,174,1,1,50#
42204,$JYJ,13311022344,20111101160649,116.347870,39.870518,428927567,146983667,19,178,1,1,50#
18774,$JYJ,13311431400,20111101160546,116.347580,39.879471,428926499,147016651,2,358,0,0,50#
30264,$JYJ,13331050349,20111101160616,116.340446,39.875065,428900150,147000378,0,200,1,1,50#
40763,$JYJ,13370122410,20111101160643,116.347580,39.878010,428926480,147011294,13,354,1,1,50#
39260,$JYJ,13370129534,20111101160636,116.347534,39.876900,428926344,147007170,13,348,1,1,50#
30221,$JYJ,13301277709,20111101161125,116.345184,39.879597,428917657,147017098,10,0,0,0,50#
86154,$JYJ,13311581407,20111101161443,116.346268,39.871750,428921647,146988174,0,130,0,0,50#
411,$JYJ,13321164420,20111101161002,116.341187,39.878712,428902866,147013816,0,48,0,0,50#
66222,$JYJ,13311403371,20111101161752,116.342766,39.876175,428908735,147004497,17,86,1,1,50#
77049,$JYJ,13311489521,20111101161817,116.347015,39.871975,428924408,146989033,0,284,0,0,50#
54220,$JYJ,13331194330,20111101161721,116.345314,39.871815,428918139,146988409,0,90,0,0,50#
90945,$JYJ,13331194330,20111101161856,116.347748,39.872898,428927132,146992426,36,356,1,1,50#
53810,$JYJ,13381100364,20111101161721,116.342552,39.879219,428907935,147015702,4,170,1,1,50#
72347,$JYJ,13301104107,20111101162304,116.342537,39.870907,428907851,146985073,0,160,0,0,50#
72925,$JYJ,13301104107,20111101162309,116.342499,39.870830,428907732,146984792,15,176,1,1,50#
82041,$JYJ,13301214197,20111101162331,116.347313,39.876495,428925529,147005680,0,272,2,0,50#
64473,$JYJ,13301214199,20111101162248,116.344086,39.879250,428913606,147015815,12,352,1,1,50#
12032,$JYJ,13311403158,20111101162032,116.344231,39.875332,428914132,147001392,30,332,1,1,50#
3768,$JYJ,13311403201,20111101162007,116.347649,39.875385,428926752,147001614,0,358,1,1,50#
110466,$JYJ,13311426381,20111101162440,116.346451,39.871830,428922337,146988474,6,190,1,1,50#
45248,$JYJ,13311431275,20111101162156,116.347420,39.879299,428925930,147016038,0,190,0,0,50#
25690,$JYJ,13311489521,20111101162103,116.344383,39.873535,428914683,146994769,13,354,1,1,50#
79653,$JYJ,13311581407,20111101162324,116.347519,39.879150,428926270,147015469,6,356,1,1,50#
20507,$JYJ,13331194994,20111101162054,116.347504,39.879292,428926234,147015998,12,184,1,1,50#
64453,$JYJ,13301214197,20111101162745,116.340500,39.874451,428900333,146998099,0,192,2,0,50#
111401,$JYJ,13311191437,20111101162943,116.341515,39.872425,428904106,146990663,21,270,0,0,50#
111827,$JYJ,13311453471,20111101162946,116.341331,39.871883,428903407,146988634,19,318,0,0,50#
27023,$JYJ,13311486548,20111101162608,116.342750,39.877285,428908656,147008587,36,178,0,0,50#
88419,$JYJ,13311486548,20111101162846,116.342903,39.875938,428909214,147003621,8,164,1,1,50#
11182,$JYJ,13301164966,20111101163028,116.342934,39.874889,428909351,146999755,0,186,0,0,50#
33368,$JYJ,13311191437,20111101163130,116.341248,39.872517,428903096,146990998,0,270,1,1,50#
39411,$JYJ,13311453471,20111101163145,116.342384,39.871010,428907305,146985438,0,126,1,1,50#
17227,$JYJ,13311486380,20111101163049,116.347397,39.879093,428925805,147015284,0,168,0,0,50#
21451,$JYJ,13311486535,20111101163054,116.342514,39.870918,428907791,146985101,4,188,0,0,50#
36028,$JYJ,13311486535,20111101163137,116.342369,39.870308,428907227,146982852,13,182,1,1,50#
105157,$JYJ,13331194090,20111101163434,116.345467,39.876179,428918709,147004530,4,128,0,0,50#
75961,$JYJ,13301104107,20111101163914,116.346169,39.876362,428921292,147005185,19,68,1,1,50#
30393,$JYJ,13301174904,20111101164116,116.342636,39.879807,428908255,147017883,13,164,1,1,50#
60586,$JYJ,13301214024,20111101164235,116.342285,39.872292,428906959,146990156,6,88,1,1,50#
104939,$JYJ,13311486404,20111101164430,116.346085,39.871971,428920968,146989014,21,256,1,1,50#
31719,$JYJ,13311563409,20111101164120,116.342384,39.870853,428907321,146984864,0,174,0,0,50#
52882,$JYJ,13311563409,20111101164211,116.342415,39.870735,428907434,146984413,21,178,1,1,50#
108197,$JYJ,13381096134,20111101164435,116.344086,39.877071,428913575,147007796,12,348,1,1,50#
45928,$JYJ,13381101704,20111101164154,116.340782,39.874870,428901401,146999664,0,204,1,1,50#
35037,$JYJ,13311431523,20111101164629,116.340500,39.873100,428900323,146993116,2,248,0,0,50#
35335,$JYJ,13311453473,20111101164629,116.345535,39.876293,428918947,147004921,0,82,0,0,50#
2326,$JYJ,13311488165,20111101164507,116.342415,39.870720,428907424,146984375,6,178,1,1,50#
104505,$JYJ,13331185184,20111101164929,116.344147,39.878979,428913813,147014814,0,354,0,0,50#
87959,$JYJ,13311488102,20111101165344,116.344086,39.878620,428913610,147013512,21,6,0,0,50#
75196,$JYJ,13331156486,20111101165310,116.347885,39.872395,428927629,146990595,23,354,1,1,50#
69730,$JYJ,13331185184,20111101165258,116.347603,39.878304,428926579,147012348,12,176,1,1,50#
110240,$JYJ,13331187099,20111101165441,116.340584,39.874672,428900649,146998940,10,188,0,0,50#
12952,$JYJ,13331194831,20111101165040,116.342918,39.876163,428909262,147004456,0,260,0,0,50#
36816,$JYJ,13331194831,20111101165140,116.341835,39.876026,428905288,147003938,10,124,1,1,50#
53824,$JYJ,13381069724,20111101165218,116.347084,39.876362,428924657,147005196,25,258,1,1,50#
60599,$JYJ,13311022834,20111101165733,116.340683,39.873318,428901014,146993930,12,180,0,0,50#
77043,$JYJ,13311022834,20111101165818,116.340714,39.872917,428901127,146992464,15,174,1,1,50#
102834,$JYJ,13331186438,20111101165953,116.346016,39.876388,428920722,147005281,23,90,1,1,50#
31934,$JYJ,13331187099,20111101165621,116.340553,39.874580,428900562,146998577,8,78,1,1,50#
88142,$JYJ,13331194334,20111101165904,116.344284,39.876663,428914337,147006287,2,10,1,1,50#
91540,$JYJ,13331194689,20111101165916,116.342781,39.877697,428908790,147010077,19,174,1,1,50#
13562,$JYJ,13301125487,20111101170034,116.344253,39.873112,428914228,146993211,10,354,1,1,50#
76953,$JYJ,13301156470,20111101170339,116.340714,39.874710,428901142,146999064,0,260,0,0,50#
45714,$JYJ,13311426125,20111101170220,116.347565,39.875904,428926440,147003498,0,318,0,0,50#
73457,$JYJ,13311453480,20111101170330,116.342468,39.879913,428907635,147018268,0,0,0,0,50#
23928,$JYJ,13301254380,20111101170558,116.342850,39.874977,428909038,147000066,0,164,0,0,50#
47797,$JYJ,13301254380,20111101170658,116.342697,39.873138,428908466,146993290,8,182,1,1,50#
40607,$JYJ,13311021674,20111101170640,116.346298,39.875591,428921759,147002339,0,0,0,0,50#
89249,$JYJ,13311021674,20111101170840,116.347618,39.875553,428926648,147002225,0,0,1,1,50#
108755,$JYJ,13321164528,20111101170929,116.341454,39.871582,428903885,146987555,10,272,0,0,50#
19531,$JYJ,13321180470,20111101170547,116.347580,39.878929,428926499,147014651,10,2,0,0,50#
87843,$JYJ,13381102654,20111101170838,116.342567,39.879253,428908002,147015844,8,170,0,0,50#
21482,$JYJ,13301164923,20111101171052,116.342453,39.870964,428907577,146985284,0,202,0,0,50#
64761,$JYJ,13301164923,20111101171239,116.342453,39.870338,428907556,146982974,21,180,1,1,50#
91566,$JYJ,13311026457,20111101171343,116.342865,39.873989,428909088,146996420,0,190,0,0,50#
119321,$JYJ,13311026457,20111101171454,116.342537,39.871448,428907849,146987068,15,182,1,1,50#
13045,$JYJ,13311470395,20111101171031,116.344147,39.879211,428913830,147015685,0,352,0,0,50#
69390,$JYJ,13311480718,20111101171251,116.348015,39.879425,428928103,147016511,63,334,0,0,50#
90707,$JYJ,13311480718,20111101171343,116.347801,39.879909,428927299,147018292,12,2,1,1,50#
104601,$JYJ,13311585854,20111101171418,116.344467,39.873562,428914990,146994849,0,352,0,0,50#
119467,$JYJ,13301214023,20111101172000,116.347054,39.871815,428924559,146988436,8,280,1,1,50#
30723,$JYJ,13311191473,20111101171611,116.342651,39.876305,428908283,147004947,0,280,0,0,50#
54560,$JYJ,13311191473,20111101171705,116.342636,39.876301,428908256,147004960,0,280,1,1,50#
48138,$JYJ,13311431041,20111101171702,116.340301,39.874794,428899594,146999372,0,0,0,0,50#
71049,$JYJ,13311431041,20111101171758,116.340233,39.874874,428899353,146999660,0,334,1,1,50#
94312,$JYJ,13311489578,20111101171854,116.344299,39.875061,428914392,147000401,23,350,1,1,50#
34777,$JYJ,13311495137,20111101171625,116.347687,39.877968,428926875,147011127,0,352,0,0,50#
89403,$JYJ,13311495137,20111101171841,116.347984,39.876259,428928000,147004826,10,98,1,1,50#
20279,$JYJ,13311585854,20111101171551,116.344330,39.875523,428914492,147002102,15,348,1,1,50#
11943,$JYJ,13321164765,20111101171528,116.344132,39.874447,428913749,146998105,2,200,0,0,50#
95523,$JYJ,13301214881,20111101172353,116.341736,39.876194,428904911,147004539,0,268,0,0,50#
26730,$JYJ,13311300684,20111101172107,116.344116,39.878845,428913710,147014321,26,0,0,0,50#
96263,$JYJ,13311431580,20111101172354,116.340515,39.874218,428900405,146997236,0,162,0,0,50#
54925,$JYJ,13331154758,20111101172215,116.342117,39.878990,428906343,147014861,4,354,0,0,50#
9939,$JYJ,13331194143,20111101172024,116.341217,39.876183,428903012,147004487,19,86,1,1,50#
113902,$JYJ,13381095548,20111101172439,116.341019,39.879822,428902279,147017902,12,158,0,0,50#
74259,$JYJ,13301207684,20111101172807,116.342514,39.872109,428907789,146989496,17,186,1,1,50#
57467,$JYJ,13301214881,20111101172719,116.344215,39.876781,428914052,147006733,17,346,1,1,50#
34332,$JYJ,13311431130,20111101172626,116.347565,39.879646,428926460,147017306,0,356,1,1,50#
100745,$JYJ,13331154758,20111101172907,116.342400,39.872524,428907347,146991004,17,266,1,1,50#
33656,$JYJ,13381095548,20111101172621,116.341103,39.879612,428902555,147017133,0,334,1,1,50#
29660,$JYJ,13311022834,20111101173114,116.342514,39.876251,428907793,147004750,0,8,0,0,50#
39558,$JYJ,13311453248,20111101173137,116.342834,39.874496,428908989,146998292,0,188,0,0,50#
887,$JYJ,13311453309,20111101173000,116.347870,39.875992,428927589,147003845,10,358,1,1,50#
53060,$JYJ,13301214151,20111101173708,116.347870,39.871670,428927587,146987922,10,26,1,1,50#
78353,$JYJ,13311191455,20111101173813,116.347237,39.876427,428925213,147005434,28,274,0,0,50#
35462,$JYJ,13311453260,20111101173631,116.344246,39.876617,428914181,147006109,0,316,0,0,50#
21829,$JYJ,13381068344,20111101173554,116.347916,39.874119,428927752,146996951,0,0,1,1,50#
1859,$JYJ,13311301024,20111101174002,116.344269,39.874958,428914262,147000015,0,22,0,0,50#
99086,$JYJ,13311301024,20111101174405,116.342903,39.874741,428909222,146999194,8,188,1,1,50#
118787,$JYJ,13311426434,20111101174450,116.342735,39.873222,428908610,146993585,25,200,0,0,50#
81708,$JYJ,13311563643,20111101174320,116.340782,39.875736,428901392,147002836,0,186,0,0,50#
118278,$JYJ,13331154890,20111101174448,116.344132,39.878593,428913741,147013422,0,22,0,0,50#
84875,$JYJ,13331184801,20111101174327,116.347153,39.877964,428924941,147011094,2,170,0,0,50#
80293,$JYJ,13331194217,20111101174320,116.342163,39.876270,428906511,147004834,6,268,0,0,50#
35378,$JYJ,13311162405,20111101174631,116.346832,39.876457,428923757,147005551,2,218,1,1,50#
28040,$JYJ,13311426434,20111101174606,116.342636,39.872505,428908230,146990959,8,204,1,1,50#
28247,$JYJ,13311431255,20111101174611,116.340614,39.874298,428900787,146997540,0,2,0,0,50#
81947,$JYJ,13321183495,20111101174822,116.345665,39.871967,428919444,146989003,2,64,0,0,50#
102433,$JYJ,13331037114,20111101174915,116.344315,39.874008,428914420,146996490,17,2,0,0,50#
42301,$JYJ,13381093034,20111101174644,116.348015,39.870754,428928119,146984541,8,352,1,1,50#
82758,$JYJ,13311431596,20111101175329,116.347420,39.879688,428925889,147017478,32,356,1,1,50#
31949,$JYJ,13311492093,20111101175123,116.347580,39.874699,428926486,146999054,0,176,0,0,50#
78201,$JYJ,13331154816,20111101175310,116.344330,39.874878,428914493,146999725,12,340,1,1,50#
89615,$JYJ,13331194559,20111101175345,116.347313,39.872036,428925503,146989241,17,276,0,0,50#
88533,$JYJ,13301156431,20111101175842,116.341034,39.872349,428902323,146990376,8,88,1,1,50#
91853,$JYJ,13301214021,20111101175842,116.341850,39.876148,428905338,147004380,13,266,1,1,50#
29315,$JYJ,13311426020,20111101175612,116.340614,39.873661,428900747,146995194,6,180,0,0,50#
77999,$JYJ,13311426020,20111101175813,116.340668,39.873001,428900947,146992763,6,326,1,1,50#
40632,$JYJ,13311492093,20111101175642,116.344253,39.876957,428914208,147007387,17,354,1,1,50#
75114,$JYJ,13311426399,20111101180304,116.346313,39.870747,428921805,146984504,2,42,0,0,50#
17634,$JYJ,13311453215,20111101180040,116.340897,39.875999,428901820,147003838,0,234,0,0,50#
40855,$JYJ,13311431041,20111101180643,116.347359,39.879284,428925676,147015986,0,130,0,0,50#
63125,$JYJ,13311431041,20111101180738,116.347443,39.879280,428925984,147015945,0,146,1,1,50#
111119,$JYJ,13311565984,20111101180934,116.344414,39.874531,428914793,146998441,0,8,2,0,50#
118880,$JYJ,13331186142,20111101180959,116.342697,39.876007,428908471,147003848,0,156,0,0,50#
56939,$JYJ,13301214180,20111101181224,116.342583,39.872124,428908035,146989558,25,186,0,0,50#
84797,$JYJ,13301214180,20111101181334,116.342346,39.870342,428907147,146982969,23,180,1,1,50#
116900,$JYJ,13301214447,20111101181452,116.344437,39.871777,428914878,146988263,25,6,1,1,50#
76869,$JYJ,13311486291,20111101181314,116.347870,39.871349,428927549,146986729,0,190,0,0,50#
67128,$JYJ,13331194165,20111101181244,116.347664,39.876385,428926807,147005290,8,18,1,1,50#
46609,$JYJ,13311403337,20111101181655,116.344383,39.873466,428914681,146994520,15,348,1,1,50#
116561,$JYJ,13311431533,20111101181951,116.342667,39.872318,428908329,146990254,2,198,0,0,50#
22584,$JYJ,13311489565,20111101181600,116.340553,39.873997,428900556,146996442,0,188,0,0,50#
52520,$JYJ,13311489565,20111101181715,116.340599,39.874111,428900703,146996866,13,352,1,1,50#
53682,$JYJ,13301214460,20111101182216,116.347420,39.876564,428925929,147005961,25,0,0,0,50#
18533,$JYJ,13311431533,20111101182046,116.342667,39.872273,428908347,146990109,12,178,1,1,50#
108504,$JYJ,13311470433,20111101182431,116.342819,39.874378,428908914,146997867,2,162,0,0,50#
85867,$JYJ,13311489619,20111101182335,116.344246,39.874794,428914201,146999415,0,0,0,0,50#
38757,$JYJ,13331159410,20111101182136,116.347534,39.877491,428926350,147009372,0,14,0,0,50#
23179,$JYJ,13381102714,20111101182100,116.347534,39.875225,428926336,147001020,17,174,0,0,50#
38861,$JYJ,13301128448,20111101182638,116.343514,39.879967,428911466,147018469,0,354,0,0,50#
64359,$JYJ,13301251431,20111101182739,116.341919,39.876061,428905604,147004067,15,88,1,1,50#
69955,$JYJ,13301254312,20111101182752,116.347664,39.875515,428926798,147002093,12,356,1,1,50#
26776,$JYJ,13311403682,20111101182605,116.347519,39.874512,428926295,146998397,0,202,0,0,50#
92080,$JYJ,13311403682,20111101182845,116.346817,39.872044,428923681,146989277,12,40,1,1,50#
22939,$JYJ,13311470433,20111101182600,116.342636,39.872284,428908228,146990144,32,180,1,1,50#
100948,$JYJ,13311487165,20111101182906,116.342720,39.873039,428908563,146992935,21,182,1,1,50#
77449,$JYJ,13311488179,20111101182812,116.347382,39.879646,428925750,147017296,8,154,1,1,50#
52983,$JYJ,13331184813,20111101182709,116.340683,39.875797,428901015,147003083,8,14,0,0,50#
106766,$JYJ,13331186004,20111101182923,116.340553,39.874600,428900539,146998672,10,176,0,0,50#
100261,$JYJ,13381069743,20111101182907,116.347748,39.876453,428927102,147005553,0,268,0,0,50#
58763,$JYJ,13301164972,20111101183226,116.347351,39.876453,428925661,147005544,12,94,0,0,50#
38737,$JYJ,13301254215,20111101183134,116.347603,39.876232,428926579,147004730,6,352,2,0,50#
98534,$JYJ,13311021745,20111101183402,116.342567,39.879345,428907975,147016180,0,168,0,0,50#
98736,$JYJ,13311021745,20111101183408,116.342567,39.879345,428907979,147016174,0,140,1,1,50#
37300,$JYJ,13311403359,20111101183136,116.345253,39.876293,428917899,147004948,36,88,0,0,50#
17313,$JYJ,13311489619,20111101183044,116.344566,39.871880,428915382,146988669,10,354,1,1,50#
37695,$JYJ,13331186004,20111101183133,116.340614,39.875648,428900749,147002537,12,342,1,1,50#
8210,$JYJ,13381069743,20111101183017,116.345215,39.876453,428917758,147005513,15,268,1,1,50#
58526,$JYJ,13381096545,20111101183223,116.342583,39.879887,428908061,147018149,28,206,1,1,50#
994,$JYJ,13311426067,20111101183504,116.341782,39.876217,428905073,147004615,36,268,0,0,50#
93480,$JYJ,13311426304,20111101183854,116.340599,39.872677,428900714,146991586,0,180,0,0,50#
110551,$JYJ,13311470324,20111101183932,116.340653,39.879230,428900904,147015746,13,34,0,0,50#
58131,$JYJ,13321174871,20111101183726,116.342750,39.875652,428908664,147002560,15,204,1,1,50#
51207,$JYJ,13381166384,20111101183705,116.344398,39.875595,428914753,147002341,0,24,1,1,50#
43183,$JYJ,13301128406,20111101184145,116.344269,39.875111,428914273,147000571,0,106,0,0,50#
112352,$JYJ,13311453211,20111101184440,116.344154,39.878715,428913858,147013857,15,0,1,1,50#
84563,$JYJ,13311487160,20111101184331,116.347549,39.876144,428926386,147004411,0,0,0,0,50#
14885,$JYJ,13311488222,20111101184035,116.342903,39.875271,428909215,147001157,23,184,0,0,50#
44970,$JYJ,13311488222,20111101184151,116.342598,39.872440,428908081,146990724,6,190,1,1,50#
31394,$JYJ,13311495324,20111101184121,116.344177,39.877438,428913937,147009160,15,354,1,1,50#
48330,$JYJ,13370122471,20111101184159,116.347664,39.877296,428926829,147008633,13,0,0,0,50#
97000,$JYJ,13301214283,20111101184858,116.347580,39.874035,428926502,146996633,0,174,0,0,50#
76613,$JYJ,13301214615,20111101184812,116.347435,39.879223,428925984,147015734,0,0,0,0,50#
51400,$JYJ,13301214892,20111101184705,116.346733,39.870621,428923377,146984028,4,260,1,1,50#
15163,$JYJ,13311162411,20111101184536,116.340347,39.870731,428899790,146984398,12,196,0,0,50#
74222,$JYJ,13311162411,20111101184802,116.342537,39.871502,428907888,146987251,17,184,1,1,50#
10461,$JYJ,13311431335,20111101184521,116.347580,39.873695,428926492,146995361,8,332,1,1,50#
23499,$JYJ,13311489446,20111101184556,116.344620,39.876240,428915555,147004739,19,84,1,1,50#
99673,$JYJ,13321199342,20111101184907,116.344185,39.877033,428913954,147007669,41,356,0,0,50#
79104,$JYJ,13331111471,20111101184813,116.342834,39.875717,428908950,147002803,12,168,1,1,50#
61347,$JYJ,13381066724,20111101184729,116.347549,39.875973,428926402,147003783,12,358,0,0,50#
67527,$JYJ,13381066724,20111101184749,116.347603,39.876888,428926565,147007146,21,2,1,1,50#
43742,$JYJ,13311403218,20111101185135,116.347366,39.879635,428925721,147017267,8,146,1,1,50#
57982,$JYJ,13311488205,20111101185227,116.342697,39.876995,428908456,147007499,0,214,1,1,50#
16340,$JYJ,13311453260,20111101185544,116.347893,39.870422,428927672,146983325,17,356,1,1,50#
3031,$JYJ,13311453384,20111101185500,116.344849,39.876293,428916391,147004925,28,86,0,0,50#
79687,$JYJ,13311495197,20111101185816,116.349220,39.876522,428932581,147005819,43,266,0,0,50#
7203,$JYJ,13321164770,20111101185520,116.342613,39.878727,428908135,147013885,21,178,1,1,50#
2085,$JYJ,13331194230,20111101185504,116.347504,39.875324,428926237,147001393,8,172,1,1,50#
54945,$JYJ,13301214226,20111101190217,116.347534,39.873310,428926314,146993950,0,54,0,0,50#
17768,$JYJ,13311021744,20111101190044,116.342850,39.874241,428909038,146997363,12,190,0,0,50#
67684,$JYJ,13311492286,20111101190252,116.342865,39.875980,428909078,147003775,25,164,1,1,50#
44305,$JYJ,13311431191,20111101190648,116.349136,39.876453,428932240,147005564,13,84,1,1,50#
36801,$JYJ,13311403721,20111101191136,116.347450,39.876366,428926028,147005220,6,172,0,0,50#
48104,$JYJ,13381096134,20111101191200,116.342598,39.872192,428908103,146989808,23,182,1,1,50#
38807,$JYJ,13311489398,20111101191634,116.342567,39.879448,428907986,147016555,19,174,1,1,50#
47287,$JYJ,13311577745,20111101191656,116.340584,39.873917,428900649,146996138,8,0,1,1,50#
27577,$JYJ,13321164917,20111101191611,116.340446,39.875080,428900158,147000429,4,196,0,0,50#
86477,$JYJ,13331111448,20111101191837,116.344269,39.875099,428914273,147000529,0,352,0,0,50#
71291,$JYJ,13301214712,20111101192300,116.344353,39.875179,428914597,147000834,10,176,0,0,50#
53307,$JYJ,13311431083,20111101192214,116.340469,39.873848,428900223,146995888,0,346,0,0,50#
58925,$JYJ,13311565364,20111101192227,116.345566,39.876274,428919062,147004881,0,170,0,0,50#
57428,$JYJ,13311403226,20111101192719,116.349564,39.876450,428933849,147005552,30,266,1,1,50#
74838,$JYJ,13311581542,20111101192803,116.347916,39.876732,428927731,147006554,0,2,0,0,50#
18299,$JYJ,13370126412,20111101192545,116.340767,39.878872,428901351,147014424,0,8,0,0,50#
90554,$JYJ,13311426215,20111101193349,116.342247,39.878990,428906802,147014857,13,228,1,1,50#
20134,$JYJ,13311426425,20111101193055,116.340897,39.873474,428901824,146994522,10,20,1,1,50#
28237,$JYJ,13311453394,20111101193114,116.347893,39.870377,428927648,146983126,19,356,1,1,50#
72178,$JYJ,13311470446,20111101193258,116.346451,39.874168,428922347,146997124,12,244,0,0,50#
8566,$JYJ,13370126412,20111101193020,116.344200,39.875553,428914019,147002192,26,344,1,1,50#
111681,$JYJ,13301207479,20111101193936,116.349449,39.876820,428933417,147006917,0,270,1,1,50#
37926,$JYJ,13301214836,20111101193632,116.343986,39.876266,428913223,147004817,17,60,1,1,50#
16533,$JYJ,13311470446,20111101193541,116.344101,39.878929,428913641,147014649,23,356,1,1,50#
78992,$JYJ,13311486235,20111101193818,116.340714,39.875938,428901121,147003583,2,194,0,0,50#
118103,$JYJ,13311486235,20111101193956,116.340080,39.874485,428898797,146998218,0,174,1,1,50#
74927,$JYJ,13311489398,20111101193804,116.349114,39.878525,428932162,147013176,25,280,1,1,50#
10366,$JYJ,13311495112,20111101193524,116.340714,39.875881,428901138,147003390,0,194,0,0,50#
40794,$JYJ,13311426128,20111101194141,116.347733,39.874516,428927064,146998411,19,0,1,1,50#
46596,$JYJ,13311488105,20111101194200,116.347733,39.874321,428927047,146997694,8,332,1,1,50#
23243,$JYJ,13331194141,20111101194103,116.342087,39.871006,428906199,146985431,17,182,1,1,50#
74968,$JYJ,13311470431,20111101194809,116.347435,39.879623,428925979,147017227,6,164,1,1,50#
10818,$JYJ,13311495340,20111101194523,116.345184,39.876583,428917651,147005991,0,50,0,0,50#
20595,$JYJ,13321164894,20111101194550,116.346230,39.876236,428921505,147004716,0,208,0,0,50#
109292,$JYJ,13331063435,20111101194931,116.347649,39.876122,428926767,147004319,13,0,1,1,50#
110883,$JYJ,13370126432,20111101194939,116.340515,39.879688,428900380,147017421,17,184,0,0,50#
61533,$JYJ,13381066544,20111101194731,116.345535,39.876274,428918957,147004875,26,90,0,0,50#
115379,$JYJ,13381066544,20111101194950,116.347649,39.877522,428926775,147009475,4,90,1,1,50#
32659,$JYJ,13381100964,20111101194621,116.344383,39.874203,428914707,146997228,6,18,0,0,50#
11900,$JYJ,13321183497,20111101195032,116.342186,39.870106,428906564,146982110,2,288,0,0,50#
37828,$JYJ,13311403661,20111101195645,116.345863,39.876434,428920161,147005459,12,246,1,1,50#
74528,$JYJ,13301214521,20111101200308,116.344170,39.878048,428913913,147011410,12,354,1,1,50#
112683,$JYJ,13311403228,20111101200445,116.340714,39.874600,428901149,146998651,10,54,1,1,50#
50835,$JYJ,13311403661,20111101200207,116.340370,39.870003,428899859,146981694,0,246,0,0,50#
96376,$JYJ,13311426019,20111101200401,116.344414,39.873463,428914814,146994504,0,342,0,0,50#
86062,$JYJ,13311426115,20111101200341,116.347313,39.876259,428925527,147004811,13,350,1,1,50#
47754,$JYJ,13331187136,20111101200200,116.344414,39.874947,428914809,146999960,0,46,1,1,50#
9818,$JYJ,13331194707,20111101200022,116.342766,39.875168,428908698,147000761,0,174,0,0,50#
47797,$JYJ,13301272201,20111101200702,116.342964,39.874794,428909461,146999392,0,182,0,0,50#
2163,$JYJ,13311426019,20111101200503,116.344398,39.873558,428914764,146994847,10,346,1,1,50#
33648,$JYJ,13311470489,20111101200630,116.345734,39.874721,428919668,146999128,4,0,0,0,50#
66682,$JYJ,13311470489,20111101200752,116.347282,39.874725,428925415,146999172,0,110,1,1,50#
101126,$JYJ,13311487275,20111101200918,116.340668,39.872578,428900975,146991217,8,176,1,1,50#
100111,$JYJ,13311426395,20111101201410,116.344032,39.877022,428913409,147007628,13,354,1,1,50#
40581,$JYJ,13321164446,20111101201140,116.349167,39.876488,428932380,147005661,56,86,0,0,50#
65039,$JYJ,13321164853,20111101201242,116.344315,39.875107,428914444,147000569,0,10,0,0,50#
77376,$JYJ,13321164853,20111101201312,116.344315,39.875160,428914458,147000752,13,346,1,1,50#
58411,$JYJ,13321190147,20111101201228,116.344498,39.873028,428915092,146992894,15,358,0,0,50#
6123,$JYJ,13301204845,20111101201517,116.347641,39.877762,428926736,147010355,0,340,0,0,50#
20652,$JYJ,13301204845,20111101201554,116.347565,39.877899,428926453,147010869,17,348,1,1,50#
94379,$JYJ,13311489648,20111101201855,116.347794,39.873882,428927284,146996076,0,0,1,1,50#
104942,$JYJ,13301214800,20111101202420,116.344398,39.874397,428914761,146997945,13,356,1,1,50#
86457,$JYJ,13311020946,20111101202336,116.344284,39.875862,428914306,147003330,12,354,1,1,50#
89053,$JYJ,13311578044,20111101202346,116.340836,39.875973,428901578,147003708,2,186,0,0,50#
53352,$JYJ,13301272390,20111101202710,116.347633,39.877789,428926684,147010474,15,354,1,1,50#
118532,$JYJ,13301272971,20111101202951,116.341301,39.878971,428903324,147014792,15,88,0,0,50#
43556,$JYJ,13311578044,20111101202645,116.342003,39.876312,428905902,147004991,12,280,1,1,50#
44295,$JYJ,13321180064,20111101202647,116.347031,39.876110,428924474,147004277,15,276,1,1,50#
108709,$JYJ,13301214490,20111101203430,116.340614,39.874725,428900775,146999130,0,150,0,0,50#
97314,$JYJ,13311021584,20111101203401,116.344467,39.873440,428914994,146994394,23,352,1,1,50#
8532,$JYJ,13311426251,20111101203018,116.347481,39.879307,428926139,147016072,8,352,1,1,50#
12995,$JYJ,13311426281,20111101203034,116.344742,39.870926,428916022,146985144,23,352,1,1,50#
89362,$JYJ,13311488249,20111101203345,116.345650,39.876251,428919380,147004790,4,92,0,0,50#
120526,$JYJ,13311022634,20111101203957,116.342720,39.877926,428908565,147010939,36,176,0,0,50#
11537,$JYJ,13311426275,20111101203526,116.347336,39.876682,428925605,147006374,19,264,1,1,50#
84429,$JYJ,13311426452,20111101203825,116.342384,39.870693,428907300,146984273,15,178,1,1,50#
31792,$JYJ,13311488249,20111101203622,116.347557,39.879703,428926409,147017526,6,4,1,1,50#
10078,$JYJ,13311490919,20111101203520,116.342987,39.875156,428909527,147000733,21,168,1,1,50#
94306,$JYJ,13331093478,20111101203852,116.342720,39.878578,428908561,147013326,21,174,1,1,50#
106316,$JYJ,13331154966,20111101203922,116.340599,39.873974,428900716,146996336,0,52,0,0,50#
64541,$JYJ,13331194707,20111101203738,116.347603,39.879154,428926591,147015503,0,358,0,0,50#
101231,$JYJ,13381083442,20111101203913,116.347366,39.876224,428925694,147004709,8,180,0,0,50#
93374,$JYJ,13381102024,20111101203849,116.341431,39.871651,428903796,146987788,0,290,0,0,50#
45161,$JYJ,13301164954,20111101204206,116.340866,39.874657,428901703,146998887,12,52,0,0,50#
63971,$JYJ,13311022634,20111101204252,116.342636,39.872231,428908241,146989933,13,180,1,1,50#
11269,$JYJ,13331154966,20111101204027,116.340599,39.873974,428900717,146996353,0,0,1,1,50#
83733,$JYJ,13301214638,20111101204833,116.341682,39.878803,428904711,147014171,10,234,0,0,50#
85940,$JYJ,13311577742,20111101204835,116.340752,39.878857,428901278,147014341,0,58,0,0,50#
80801,$JYJ,13381068964,20111101204825,116.342567,39.871880,428907991,146988660,23,188,0,0,50#
71923,$JYJ,13311495339,20111101205300,116.342682,39.879204,428908425,147015661,19,178,1,1,50#
14444,$JYJ,13381102534,20111101205033,116.342819,39.875324,428908898,147001340,10,164,1,1,50#
83655,$JYJ,13301157409,20111101205833,116.347618,39.874062,428926621,146996725,4,338,1,1,50#
65189,$JYJ,13301214475,20111101205743,116.342651,39.875343,428908304,147001411,2,202,0,0,50#
74043,$JYJ,13311495200,20111101205803,116.344269,39.874889,428914265,146999760,0,180,0,0,50#
47102,$JYJ,13311578044,20111101205703,116.347237,39.877186,428925214,147008231,12,350,0,0,50#
1578,$JYJ,13381235427,20111101205502,116.344231,39.877689,428914142,147010070,0,14,0,0,50#
99061,$JYJ,13301150426,20111101210408,116.347664,39.876095,428926814,147004234,2,150,0,0,50#
102468,$JYJ,13311489551,20111101210414,116.342850,39.873737,428909018,146995480,19,168,1,1,50#
46876,$JYJ,13311495030,20111101210158,116.347351,39.879391,428925653,147016380,2,200,0,0,50#
57321,$JYJ,13311495363,20111101210221,116.347618,39.875885,428926662,147003431,13,354,1,1,50#
95495,$JYJ,13321199734,20111101210356,116.346985,39.876354,428924302,147005155,8,92,0,0,50#
70903,$JYJ,13331187070,20111101210253,116.342484,39.871555,428907667,146987435,4,184,0,0,50#
89618,$JYJ,13331194429,20111101210344,116.342590,39.879185,428908083,147015582,23,172,0,0,50#
12526,$JYJ,13311470419,20111101210534,116.347504,39.879112,428926227,147015357,19,170,1,1,50#
101059,$JYJ,13311486230,20111101210915,116.342918,39.874393,428909291,146997905,0,192,0,0,50#
62545,$JYJ,13331194429,20111101210738,116.340645,39.875000,428900864,147000148,30,2,1,1,50#
94949,$JYJ,13301104036,20111101211354,116.344231,39.875618,428914138,147002423,17,2,1,1,50#
17444,$JYJ,13301204880,20111101211043,116.347534,39.876312,428926315,147005034,10,146,0,0,50#
99124,$JYJ,13311426460,20111101211407,116.340729,39.875965,428901195,147003690,12,198,0,0,50#
32710,$JYJ,13311489511,20111101211124,116.344498,39.873451,428915112,146994463,2,2,0,0,50#
49673,$JYJ,13311489511,20111101211205,116.344482,39.873440,428915076,146994407,0,12,1,1,50#
8712,$JYJ,13311426460,20111101211523,116.340698,39.875908,428901064,147003479,0,0,1,1,50#
7101,$JYJ,13311453241,20111101211519,116.347603,39.874748,428926602,146999256,0,56,0,0,50#
55340,$JYJ,13311453241,20111101211717,116.345917,39.876366,428920369,147005205,19,264,1,1,50#
83101,$JYJ,13311480715,20111101211820,116.344185,39.877457,428913949,147009222,0,358,0,0,50#
119967,$JYJ,13331187029,20111101211951,116.340714,39.873833,428901152,146995818,2,8,0,0,50#
92701,$JYJ,13301127456,20111101212341,116.340736,39.875450,428901219,147001796,0,200,0,0,50#
56105,$JYJ,13301214118,20111101212213,116.346466,39.870808,428922404,146984714,0,80,0,0,50#
92496,$JYJ,13301277639,20111101212344,116.347435,39.878975,428925948,147014838,21,180,1,1,50#
48278,$JYJ,13311565346,20111101212156,116.347534,39.879871,428926354,147018138,17,2,1,1,50#
98015,$JYJ,13331194301,20111101212858,116.344315,39.875702,428914456,147002764,19,354,1,1,50#
84070,$JYJ,13331194607,20111101212826,116.347519,39.876587,428926258,147006046,2,0,0,0,50#
91688,$JYJ,13331194607,20111101212845,116.347519,39.876701,428926256,147006455,19,354,1,1,50#
41745,$JYJ,13381068840,20111101212645,116.345665,39.876278,428919411,147004876,0,94,1,1,50#
4610,$JYJ,13301156458,20111101213008,116.347717,39.879478,428927018,147016699,0,286,1,1,50#
3876,$JYJ,13311488246,20111101213012,116.340881,39.879978,428901761,147018473,0,0,0,0,50#
15111,$JYJ,13321180435,20111101213037,116.340683,39.872894,428901015,146992359,23,178,1,1,50#
6966,$JYJ,13321199644,20111101213019,116.347565,39.875542,428926431,147002162,0,310,0,0,50#
101555,$JYJ,13311431426,20111101213913,116.344215,39.877441,428914067,147009163,0,358,0,0,50#
59323,$JYJ,13311431546,20111101213727,116.340866,39.879696,428901704,147017456,0,346,0,0,50#
1219,$JYJ,13321164467,20111101213500,116.343117,39.876057,428909998,147004042,0,152,1,1,50#
91850,$JYJ,13321190141,20111101213848,116.341118,39.878914,428902611,147014569,0,288,0,0,50#
84896,$JYJ,13321199844,20111101213832,116.347534,39.875709,428926353,147002792,0,174,0,0,50#
4073,$JYJ,13311492072,20111101214012,116.342552,39.871468,428907914,146987115,0,194,1,1,50#
32528,$JYJ,13321164899,20111101214120,116.344116,39.878830,428913699,147014273,13,356,1,1,50#
69410,$JYJ,13301204845,20111101214755,116.342522,39.879879,428907835,147018133,8,172,1,1,50#
70586,$JYJ,13301207495,20111101214754,116.349480,39.876404,428933520,147005372,30,90,0,0,50#
7556,$JYJ,13311487223,20111101215017,116.344170,39.878647,428913917,147013612,6,0,0,0,50#
38633,$JYJ,13311495104,20111101215136,116.344215,39.875126,428914079,147000628,0,184,0,0,50#
49718,$JYJ,13301214204,20111101215705,116.342697,39.879822,428908482,147017938,45,172,0,0,50#
88147,$JYJ,13311191494,20111101215840,116.340500,39.876556,428900340,147005886,6,8,0,0,50#
114775,$JYJ,13311403600,20111101215949,116.349182,39.876457,428932436,147005552,32,262,1,1,50#
111162,$JYJ,13311426461,20111101215937,116.344299,39.875462,428914400,147001860,25,352,1,1,50#
65125,$JYJ,13311495308,20111101215743,116.344353,39.873341,428914558,146994034,25,184,0,0,50#
109346,$JYJ,13311495308,20111101215932,116.344368,39.875122,428914629,147000621,0,340,1,1,50#
109669,$JYJ,13301126147,20111101220435,116.342567,39.878803,428908004,147014156,8,168,1,1,50#
67169,$JYJ,13301127407,20111101220250,116.344452,39.874981,428914944,147000096,0,80,0,0,50#
30406,$JYJ,13301174932,20111101220114,116.342819,39.875374,428908928,147001520,17,180,0,0,50#
11658,$JYJ,13301214612,20111101220027,116.340851,39.874989,428901635,147000108,10,172,0,0,50#
118458,$JYJ,13301214894,20111101220448,116.340767,39.875580,428901335,147002283,8,8,1,1,50#
2261,$JYJ,13311191494,20111101220005,116.340630,39.876572,428900837,147005938,17,358,1,1,50#
22290,$JYJ,13301272970,20111101220554,116.345764,39.876198,428919803,147004576,0,0,0,0,50#
32416,$JYJ,13321164481,20111101220620,116.341370,39.878925,428903551,147014596,19,74,0,0,50#
65013,$JYJ,13321164481,20111101220740,116.342316,39.878757,428907053,147014010,13,144,1,1,50#
8800,$JYJ,13331194141,20111101220521,116.340653,39.873909,428900897,146996103,0,254,0,0,50#
80518,$JYJ,13331194141,20111101220822,116.340820,39.876114,428901538,147004254,19,4,1,1,50#
38144,$JYJ,13370126479,20111101220636,116.348053,39.870998,428928241,146985446,2,158,0,0,50#
89778,$JYJ,13331154910,20111101221345,116.344231,39.875282,428914123,147001192,21,178,0,0,50#
118951,$JYJ,13331154910,20111101221456,116.344269,39.875092,428914253,147000508,6,114,1,1,50#
31346,$JYJ,13331184960,20111101221115,116.344467,39.874168,428914982,146997092,0,354,0,0,50#
13580,$JYJ,13331194908,20111101221032,116.342514,39.870907,428907781,146985073,2,120,0,0,50#
29167,$JYJ,13331194908,20111101221112,116.342865,39.871059,428909089,146985609,6,176,1,1,50#
90616,$JYJ,13311023404,20111101221841,116.342850,39.876137,428909005,147004351,23,176,0,0,50#
102784,$JYJ,13311403768,20111101221911,116.342537,39.878777,428907858,147014056,19,174,1,1,50#
50358,$JYJ,13311426461,20111101221702,116.340515,39.874622,428900378,146998752,21,358,1,1,50#
45534,$JYJ,13311486546,20111101221655,116.340714,39.875244,428901140,147001034,0,0,0,0,50#
11617,$JYJ,13311495351,20111101221529,116.346169,39.877354,428921281,147008857,10,176,0,0,50#
63803,$JYJ,13311495351,20111101221735,116.344132,39.878014,428913766,147011254,8,356,1,1,50#
86665,$JYJ,13331194953,20111101221833,116.340866,39.879410,428901682,147016410,0,236,1,1,50#
116684,$JYJ,13311426405,20111101222449,116.344330,39.875038,428914504,147000312,6,90,0,0,50#
16377,$JYJ,13311453311,20111101222039,116.341370,39.874245,428903546,146997341,0,86,0,0,50#
35686,$JYJ,13311480700,20111101222129,116.347481,39.879257,428926126,147015864,0,172,0,0,50#
77566,$JYJ,13311480700,20111101222313,116.347504,39.879574,428926205,147017036,2,344,1,1,50#
34861,$JYJ,13331063494,20111101222123,116.342468,39.871716,428907619,146988046,0,262,0,0,50#
70408,$JYJ,13331063494,20111101222251,116.342415,39.871860,428907404,146988568,13,14,1,1,50#
96689,$JYJ,13331194290,20111101222357,116.342651,39.872395,428908293,146990547,13,204,1,1,50#
11375,$JYJ,13381083475,20111101222023,116.347717,39.874462,428926998,146998189,32,176,1,1,50#
79807,$JYJ,13301204939,20111101222817,116.341286,39.872795,428903260,146992020,23,146,0,0,50#
111215,$JYJ,13301204939,20111101222937,116.340752,39.873356,428901275,146994062,10,358,1,1,50#
45497,$JYJ,13311403711,20111101222653,116.347549,39.875828,428926372,147003249,15,180,0,0,50#
25525,$JYJ,13311426405,20111101222606,116.344299,39.875168,428914385,147000762,15,350,1,1,50#
114660,$JYJ,13311426452,20111101222943,116.348068,39.874168,428928319,146997113,4,28,0,0,50#
30573,$JYJ,13311470475,20111101222616,116.349365,39.879543,428933118,147016943,8,276,0,0,50#
98728,$JYJ,13381100549,20111101222907,116.347534,39.875713,428926315,147002823,0,192,0,0,50#
868,$JYJ,13311191479,20111101223001,116.347153,39.876362,428924942,147005186,12,344,1,1,50#
13725,$JYJ,13311403078,20111101223038,116.342964,39.874454,428909437,146998150,26,178,1,1,50#
84466,$JYJ,13311426350,20111101223329,116.345398,39.876388,428918421,147005277,6,268,1,1,50#
51972,$JYJ,13321164883,20111101223210,116.346130,39.871918,428921125,146988800,0,98,0,0,50#
60399,$JYJ,13321164883,20111101223235,116.346298,39.871891,428921758,146988721,12,94,1,1,50#
69901,$JYJ,13321164883,20111101223255,116.347336,39.871800,428925617,146988397,2,86,0,0,50#
38299,$JYJ,13321180264,20111101223135,116.347115,39.876453,428924777,147005551,23,262,1,1,50#
102753,$JYJ,13381096542,20111101223412,116.349030,39.879555,428931846,147016983,0,98,0,0,50#
7378,$JYJ,13301204939,20111101223518,116.348686,39.876430,428930590,147005479,25,266,1,1,50#
83788,$JYJ,13311403361,20111101223828,116.341698,39.874409,428904765,146997973,13,276,0,0,50#
114462,$JYJ,13311487107,20111101224441,116.345337,39.876289,428918214,147004932,19,88,0,0,50#
26616,$JYJ,13321199455,20111101224106,116.343567,39.874962,428911665,147000004,0,4,0,0,50#
53367,$JYJ,13331111468,20111101224209,116.343636,39.874611,428911934,146998708,0,12,2,0,50#
104324,$JYJ,13331111468,20111101224413,116.344330,39.875126,428914501,147000619,13,2,2,0,50#
108921,$JYJ,13311403711,20111101224913,116.345451,39.876484,428918632,147005652,19,264,1,1,50#
23290,$JYJ,13311426273,20111101224557,116.349136,39.876388,428932236,147005322,13,82,1,1,50#
16128,$JYJ,13311431176,20111101224538,116.347580,39.875523,428926498,147002092,0,178,0,0,50#
42959,$JYJ,13311486572,20111101224648,116.347465,39.879467,428926070,147016635,10,162,1,1,50#
107023,$JYJ,13311489311,20111101224923,116.340622,39.873783,428900785,146995663,0,0,0,0,50#
118524,$JYJ,13311489311,20111101225456,116.344147,39.878578,428913835,147013357,10,0,1,1,50#
559,$JYJ,13370129567,20111101224958,116.347633,39.877480,428926719,147009320,0,354,0,0,50#
109272,$JYJ,13301254277,20111101225937,116.347382,39.879246,428925774,147015839,0,180,0,0,50#
11224,$JYJ,13311426452,20111101225532,116.348053,39.871056,428928231,146985654,21,352,1,1,50#
32925,$JYJ,13321164515,20111101225623,116.345917,39.875874,428920358,147003394,6,144,1,1,50#
50381,$JYJ,13301204887,20111101230203,116.340630,39.873337,428900828,146994018,4,340,0,0,50#
73385,$JYJ,13311426402,20111101230300,116.344383,39.874222,428914680,146997296,15,356,1,1,50#
19576,$JYJ,13331063494,20111101230049,116.340431,39.871433,428900094,146987000,0,204,0,0,50#
46528,$JYJ,13311426340,20111101230654,116.340714,39.873966,428901132,146996324,4,174,0,0,50#
63474,$JYJ,13311426333,20111101231235,116.344353,39.873848,428914595,146995902,21,354,1,1,50#
88586,$JYJ,13321164296,20111101231338,116.341530,39.874237,428904156,146997317,0,6,0,0,50#
44451,$JYJ,13321199480,20111101231149,116.344253,39.877628,428914208,147009832,0,358,0,0,50#
75119,$JYJ,13301214575,20111101231809,116.342781,39.876755,428908771,147006630,34,174,1,1,50#
117764,$JYJ,13301214575,20111101231953,116.345268,39.873394,428917978,146994236,0,204,0,0,50#
23180,$JYJ,13301214863,20111101231555,116.346085,39.876446,428920993,147005513,19,260,1,1,50#
107728,$JYJ,13331154901,20111101231934,116.342484,39.871281,428907661,146986422,6,186,0,0,50#
45675,$JYJ,13301254277,20111101232152,116.345581,39.873516,428919111,146994712,0,264,0,0,50#
40195,$JYJ,13311453315,20111101232139,116.347450,39.879601,428926017,147017149,12,180,1,1,50#
49418,$JYJ,13321164917,20111101232203,116.344116,39.874035,428913697,146996586,0,168,0,0,50#
87832,$JYJ,13321164917,20111101232340,116.344353,39.875851,428914585,147003291,10,4,1,1,50#
102221,$JYJ,13331063435,20111101232413,116.341003,39.873097,428902198,146993127,38,46,0,0,50#
41210,$JYJ,13331093423,20111101232145,116.345589,39.876328,428919126,147005072,30,86,1,1,50#
66219,$JYJ,13331194935,20111101232246,116.340653,39.879833,428900888,147017964,0,358,0,0,50#
6784,$JYJ,13301254277,20111101232514,116.340950,39.876263,428902015,147004781,13,88,1,1,50#
17084,$JYJ,13321164483,20111101232543,116.349197,39.876331,428932485,147005104,2,238,1,1,50#
43869,$JYJ,13321191574,20111101232648,116.344917,39.870136,428916671,146982243,0,74,0,0,50#
93205,$JYJ,13311426203,20111101233351,116.340103,39.873653,428898897,146995182,4,336,0,0,50#
50332,$JYJ,13331194926,20111101233209,116.343948,39.878952,428913076,147014715,30,354,1,1,50#
70995,$JYJ,13311024074,20111101233759,116.344284,39.873627,428914334,146995108,0,0,0,0,50#
32447,$JYJ,13311426203,20111101233624,116.340446,39.873741,428900139,146995483,8,356,1,1,50#
53229,$JYJ,13331063494,20111101233717,116.347702,39.874313,428926930,146997661,0,336,0,0,50#
72887,$JYJ,13331063494,20111101233805,116.347702,39.874355,428926934,146997821,12,356,1,1,50#
16190,$JYJ,13301156443,20111101234041,116.344299,39.875317,428914363,147001339,17,350,1,1,50#
94462,$JYJ,13301214863,20111101234358,116.345680,39.876476,428919488,147005598,23,266,1,1,50#
17400,$JYJ,13311024074,20111101234042,116.344368,39.875080,428914640,147000448,19,348,1,1,50#
47621,$JYJ,13331194102,20111101234159,116.342636,39.871983,428908229,146989008,0,214,1,1,50#
37487,$JYJ,13370122407,20111101234135,116.346886,39.871994,428923924,146989083,26,268,0,0,50#
85224,$JYJ,13311453257,20111101234842,116.345192,39.879608,428917680,147017160,0,336,0,0,50#
106592,$JYJ,13331194119,20111101234938,116.347702,39.875355,428926937,147001502,4,358,1,1,50#
49443,$JYJ,13331154971,20111101235208,116.343002,39.875172,428909579,147000772,0,168,0,0,50#
56022,$JYJ,13311191412,20111101235721,116.342552,39.875382,428907944,147001571,12,158,1,1,50#
91516,$JYJ,13331194903,20111101235853,116.344284,39.876625,428914324,147006149,15,184,1,1,50#
