77089,$JYJ,13301214287,20111101000345,116.342300,39.999447,428907061,147458942,0,298,0,0,50#
72091,$JYJ,13311300740,20111101000335,116.346420,39.999195,428922292,147458042,25,172,1,1,50#
40630,$JYJ,13311453372,20111101000703,116.342247,39.999760,428906858,147460074,28,266,1,1,50#
13586,$JYJ,13311495396,20111101000549,116.341682,39.991940,428904747,147431239,0,86,0,0,50#
3379,$JYJ,13311453401,20111101001509,116.342247,39.991878,428906834,147431026,17,90,1,1,50#
45935,$JYJ,13321164815,20111101001727,116.342903,39.999409,428909273,147458775,0,122,0,0,50#
97646,$JYJ,13311453401,20111101002948,116.346466,39.995541,428922456,147444541,6,138,1,1,50#
886,$JYJ,13311486529,20111101002501,116.347786,39.999901,428927332,147460627,0,276,1,1,50#
25762,$JYJ,13301214414,20111101003116,116.342834,39.999489,428909037,147459082,12,92,1,1,50#
19990,$JYJ,13301184107,20111101003553,116.346680,39.999794,428923240,147460251,0,352,0,0,50#
85558,$JYJ,13301184107,20111101003912,116.342796,39.999733,428908896,147459993,13,270,1,1,50#
59491,$JYJ,13301214480,20111101004753,116.346481,39.997375,428922511,147451309,23,176,1,1,50#
551,$JYJ,13311453366,20111101004500,116.341034,39.999638,428902369,147459627,0,0,0,0,50#
51788,$JYJ,13311453366,20111101004733,116.341034,39.999638,428902380,147459612,0,0,0,0,50#
41745,$JYJ,13311492198,20111101004701,116.347252,39.994606,428925344,147441098,0,80,3,0,50#
96888,$JYJ,13311492200,20111101004954,116.346817,39.998100,428923735,147453976,21,0,0,0,50#
45392,$JYJ,13301214168,20111101005212,116.347763,39.999817,428927229,147460333,0,266,1,1,50#
18737,$JYJ,13311492200,20111101005051,116.346832,39.998257,428923797,147454572,4,344,1,1,50#
91054,$JYJ,13381096534,20111101005934,116.348686,39.999687,428930629,147459854,36,88,1,1,50#
96415,$JYJ,13311486526,20111101010448,116.342003,39.991886,428905969,147431039,19,268,1,1,50#
80186,$JYJ,13311486529,20111101010400,116.347435,39.999821,428926028,147460325,0,262,1,1,50#
8469,$JYJ,13311492185,20111101011525,116.346657,39.991783,428923134,147430717,0,116,0,0,50#
50466,$JYJ,13321191492,20111101012239,116.342232,39.991829,428906803,147430846,17,82,1,1,50#
36016,$JYJ,13311486529,20111101012655,116.347481,39.999802,428926192,147460254,0,264,1,1,50#
51873,$JYJ,13301214590,20111101013243,116.347618,39.999790,428926694,147460238,23,252,1,1,50#
12042,$JYJ,13311022974,20111101013038,116.347168,39.991680,428925028,147430340,15,358,0,0,50#
39241,$JYJ,13311453352,20111101013205,116.340897,39.999432,428901887,147458847,58,88,0,0,50#
68130,$JYJ,13311453352,20111101013340,116.346321,39.998993,428921889,147457290,15,178,1,1,50#
71515,$JYJ,13311453468,20111101013852,116.347748,39.999882,428927185,147460552,0,0,0,0,50#
72512,$JYJ,13311453468,20111101013856,116.347748,39.999882,428927167,147460575,0,0,0,0,50#
76300,$JYJ,13311453468,20111101013909,116.347748,39.999882,428927199,147460581,0,0,0,0,50#
82592,$JYJ,13311453468,20111101013929,116.347595,39.999920,428926617,147460712,0,0,0,0,50#
83542,$JYJ,13311453468,20111101013933,116.347595,39.999920,428926635,147460703,0,0,0,0,50#
39034,$JYJ,13301214590,20111101014203,116.340317,39.999382,428899708,147458686,30,86,1,1,50#
17014,$JYJ,13311453468,20111101014053,116.347595,39.999920,428926601,147460719,0,0,0,0,50#
27511,$JYJ,13311453468,20111101014129,116.347389,39.999889,428925866,147460606,12,238,1,1,50#
61165,$JYJ,13311486529,20111101014316,116.347130,39.992306,428924913,147432648,0,2,1,1,50#
20288,$JYJ,13311492185,20111101014105,116.346275,39.999451,428921742,147458954,0,0,0,0,50#
21616,$JYJ,13311492185,20111101014110,116.346275,39.999451,428921721,147458983,0,0,0,0,50#
80565,$JYJ,13311403067,20111101014924,116.347519,39.999859,428926332,147460473,15,270,1,1,50#
47968,$JYJ,13311492185,20111101015239,116.346275,39.999451,428921719,147458971,0,0,0,0,50#
50365,$JYJ,13311492185,20111101015247,116.346275,39.999451,428921748,147458976,0,0,1,1,50#
12873,$JYJ,13301214579,20111101020038,116.347534,39.991951,428926392,147431344,19,80,0,0,50#
18141,$JYJ,13311426428,20111101020059,116.348480,39.999878,428929901,147460544,0,0,0,0,50#
19150,$JYJ,13311426428,20111101020103,116.348480,39.999878,428929894,147460555,0,0,0,0,50#
6944,$JYJ,13321174886,20111101020018,116.347298,39.997315,428925495,147451105,0,356,0,0,50#
38310,$JYJ,13301214168,20111101020706,116.343086,39.999710,428909978,147459891,8,244,1,1,50#
7994,$JYJ,13311426428,20111101020526,116.348480,39.999878,428929870,147460560,0,0,0,0,50#
87099,$JYJ,13311426428,20111101020956,116.348717,39.999764,428930746,147460138,0,0,0,0,50#
452,$JYJ,13311426428,20111101020959,116.348717,39.999764,428930754,147460120,0,0,0,0,50#
33687,$JYJ,13311426428,20111101021153,116.348717,39.999764,428930777,147460149,0,0,0,0,50#
67003,$JYJ,13301214886,20111101022345,116.347733,39.999916,428927132,147460700,0,250,1,1,50#
55823,$JYJ,13311191460,20111101023310,116.347336,39.999867,428925638,147460498,0,266,0,0,50#
63706,$JYJ,13311489608,20111101023339,116.349281,39.991715,428932835,147430475,0,0,0,0,50#
39622,$JYJ,13311403067,20111101024720,116.346901,39.999821,428924055,147460352,19,264,1,1,50#
70520,$JYJ,13311495354,20111101024909,116.348747,39.999645,428930886,147459688,8,84,1,1,50#
58608,$JYJ,13301204907,20111101025828,116.346748,39.999737,428923466,147460028,0,20,0,0,50#
62027,$JYJ,13311426428,20111101031843,116.340919,39.999695,428901967,147459822,0,0,0,0,50#
63226,$JYJ,13311426428,20111101031847,116.340919,39.999695,428901963,147459832,0,0,0,0,50#
75933,$JYJ,13311426428,20111101031934,116.340919,39.999695,428901942,147459819,0,0,0,0,50#
18406,$JYJ,13301214425,20111101032100,116.346664,39.999943,428923155,147460801,19,354,1,1,50#
30541,$JYJ,13311403067,20111101032146,116.347465,39.999889,428926116,147460602,12,278,1,1,50#
53041,$JYJ,13311426371,20111101033807,116.347168,39.997334,428925045,147451156,13,350,0,0,50#
37882,$JYJ,13321180457,20111101033719,116.342270,39.992050,428906958,147431644,2,280,0,0,50#
49975,$JYJ,13311426371,20111101034301,116.347565,39.999847,428926489,147460423,6,270,1,1,50#
45773,$JYJ,13311431297,20111101034247,116.345230,39.999668,428917896,147459764,30,264,1,1,50#
41135,$JYJ,13311488223,20111101034232,116.349533,39.991711,428933781,147430466,0,0,0,0,50#
42320,$JYJ,13311488223,20111101034236,116.349533,39.991711,428933764,147430460,0,0,0,0,50#
28751,$JYJ,13311162417,20111101034644,116.340797,39.991852,428901483,147430920,8,314,1,1,50#
3013,$JYJ,13311403067,20111101034507,116.346397,39.999416,428922190,147458841,17,156,1,1,50#
67240,$JYJ,13311488223,20111101034913,116.349533,39.991711,428933783,147430450,0,0,0,0,50#
29068,$JYJ,13331154709,20111101040149,116.346565,39.995297,428922821,147443640,4,164,1,1,50#
29303,$JYJ,13311453464,20111101040652,116.342392,39.992031,428907369,147431580,17,302,0,0,50#
31231,$JYJ,13311403067,20111101041200,116.346970,39.999844,428924283,147460434,13,264,1,1,50#
67054,$JYJ,13331187064,20111101043419,116.346817,39.999721,428923760,147459971,10,262,1,1,50#
38031,$JYJ,13311453492,20111101044222,116.343681,39.999664,428912161,147459724,0,196,0,0,50#
70022,$JYJ,13311020904,20111101045917,116.342117,39.991734,428906369,147430497,6,32,1,1,50#
78219,$JYJ,13311486403,20111101045945,116.348167,39.999481,428928733,147459093,8,62,1,1,50#
63434,$JYJ,13311300740,20111101050350,116.346458,39.995277,428922432,147443600,0,0,0,0,50#
42765,$JYJ,13311300740,20111101050734,116.346458,39.995277,428922401,147443571,0,0,0,0,50#
46425,$JYJ,13311300740,20111101050746,116.346474,39.995255,428922467,147443490,8,158,1,1,50#
53171,$JYJ,13331154905,20111101052801,116.346428,39.999206,428922297,147458082,19,172,1,1,50#
42956,$JYJ,13301254083,20111101060213,116.346786,39.998219,428923611,147454439,15,346,1,1,50#
85294,$JYJ,13311191446,20111101060426,116.343033,39.999699,428909765,147459865,2,276,1,1,50#
24305,$JYJ,13301254110,20111101060614,116.346634,39.999291,428923070,147458395,8,354,1,1,50#
20407,$JYJ,13331194826,20111101060605,116.346832,39.997524,428923778,147451884,19,342,0,0,50#
32270,$JYJ,13331154746,20111101061636,116.343567,39.999588,428911718,147459448,56,268,0,0,50#
65970,$JYJ,13311426153,20111101063812,116.346420,39.996792,428922257,147449160,25,176,0,0,50#
18800,$JYJ,13311489344,20111101063552,116.347931,39.992710,428927870,147434131,0,102,1,1,50#
162,$JYJ,13331154772,20111101063457,116.343933,39.999714,428913066,147459932,0,272,1,1,50#
66411,$JYJ,13301204933,20111101064312,116.347527,39.992104,428926365,147431874,0,224,0,0,50#
61737,$JYJ,13311021564,20111101065401,116.342369,39.991840,428907315,147430870,23,82,1,1,50#
72548,$JYJ,13301104051,20111101070325,116.346352,39.997578,428922027,147452070,21,194,0,0,50#
64141,$JYJ,13321164490,20111101070301,116.340370,39.999458,428899939,147458970,41,88,1,1,50#
1466,$JYJ,13321164470,20111101070459,116.342064,39.991806,428906161,147430767,0,100,0,0,50#
58370,$JYJ,13301184022,20111101071243,116.346283,39.999764,428921763,147460113,15,274,0,0,50#
82522,$JYJ,13321199334,20111101071351,116.342834,39.999516,428909035,147459182,32,84,0,0,50#
26782,$JYJ,13381232490,20111101071112,116.342613,39.999393,428908211,147458735,0,90,1,1,50#
17953,$JYJ,13381235443,20111101071047,116.342331,39.991772,428907159,147430636,10,80,0,0,50#
61693,$JYJ,13301184022,20111101071752,116.346283,39.995758,428921761,147445362,10,186,1,1,50#
51932,$JYJ,13311022674,20111101071722,116.342697,39.997105,428908533,147450301,0,0,0,0,50#
96398,$JYJ,13311022674,20111101071931,116.345116,39.995220,428917432,147443373,17,262,1,1,50#
54688,$JYJ,13381083436,20111101071736,116.347313,39.999618,428925561,147459602,17,82,1,1,50#
83397,$JYJ,13311480662,20111101072404,116.348015,39.999889,428928152,147460584,0,18,1,1,50#
56546,$JYJ,13311486262,20111101072243,116.346214,39.998947,428921493,147457110,30,174,1,1,50#
64262,$JYJ,13311426034,20111101072803,116.346970,39.994926,428924286,147442304,39,358,0,0,50#
47281,$JYJ,13321164365,20111101072713,116.349968,39.992081,428935359,147431813,2,58,0,0,50#
24312,$JYJ,13311426034,20111101073109,116.346268,39.998272,428921710,147454621,8,174,1,1,50#
44198,$JYJ,13311431003,20111101073206,116.343697,39.992615,428912188,147433752,0,110,0,0,50#
76858,$JYJ,13311486381,20111101073344,116.343033,39.999828,428909753,147460323,2,286,1,1,50#
52278,$JYJ,13311488124,20111101073228,116.346451,39.996666,428922385,147448687,10,184,1,1,50#
99251,$JYJ,13311489358,20111101073947,116.347237,39.999630,428925309,147459648,23,84,1,1,50#
84042,$JYJ,13311403586,20111101074358,116.348480,39.997055,428929880,147450145,15,288,1,1,50#
40714,$JYJ,13311489602,20111101074156,116.349342,39.991825,428933081,147430882,0,0,0,0,50#
78155,$JYJ,13311495223,20111101074346,116.347748,39.992222,428927170,147432333,34,276,0,0,50#
3475,$JYJ,13321164484,20111101074005,116.343918,39.992027,428913020,147431595,49,266,0,0,50#
93985,$JYJ,13301214259,20111101074930,116.342064,39.991959,428906165,147431334,0,320,0,0,50#
100423,$JYJ,13311426301,20111101074947,116.342720,39.991985,428908612,147431426,34,268,0,0,50#
56454,$JYJ,13311489602,20111101074740,116.349342,39.991825,428933086,147430873,0,0,0,0,50#
66836,$JYJ,13311489602,20111101074814,116.349655,39.992035,428934216,147431661,0,0,0,0,50#
89092,$JYJ,13311489602,20111101074918,116.349655,39.992035,428934225,147431660,0,0,0,0,50#
80941,$JYJ,13311453492,20111101075349,116.342270,39.999496,428906952,147459113,0,84,0,0,50#
97013,$JYJ,13321180043,20111101075433,116.342186,39.994167,428906640,147439459,0,208,0,0,50#
103120,$JYJ,13301214405,20111101075958,116.342064,39.993477,428906197,147436930,0,350,0,0,50#
1109,$JYJ,13301254303,20111101075503,116.341949,39.999466,428905763,147459005,41,90,0,0,50#
15004,$JYJ,13301254303,20111101075540,116.342613,39.999489,428908191,147459075,15,86,1,1,50#
54522,$JYJ,13301254303,20111101075735,116.346497,39.994740,428922561,147441587,12,188,0,0,50#
42053,$JYJ,13301104102,20111101080156,116.342087,39.991917,428906267,147431149,21,272,0,0,50#
1687,$JYJ,13311301034,20111101080005,116.342117,39.991871,428906353,147430999,12,78,1,1,50#
29417,$JYJ,13311431582,20111101080122,116.346870,39.997028,428923938,147450048,21,356,1,1,50#
86293,$JYJ,13311470325,20111101080358,116.348885,39.992024,428931357,147431605,49,88,0,0,50#
19080,$JYJ,13331154935,20111101080055,116.348183,39.992004,428928788,147431513,45,84,0,0,50#
61249,$JYJ,13331187126,20111101080249,116.345467,39.999680,428918746,147459811,0,164,0,0,50#
6984,$JYJ,13331194887,20111101080015,116.341568,39.999828,428904338,147460339,41,280,0,0,50#
87364,$JYJ,13331194887,20111101080403,116.346199,39.999352,428921440,147458595,13,178,1,1,50#
19236,$JYJ,13331093468,20111101080555,116.347153,39.990898,428924984,147427459,34,358,0,0,50#
67231,$JYJ,13381078294,20111101080848,116.346733,39.991798,428923431,147430743,10,166,1,1,50#
37843,$JYJ,13301135456,20111101081204,116.343864,39.992748,428912810,147434234,0,92,0,0,50#
8077,$JYJ,13301184117,20111101081024,116.347267,39.999542,428925401,147459325,0,108,0,0,50#
45184,$JYJ,13301204936,20111101081227,116.342049,39.993164,428906116,147435756,26,0,0,0,50#
17492,$JYJ,13311426488,20111101081056,116.343735,39.999721,428912365,147459959,36,274,0,0,50#
9052,$JYJ,13311431172,20111101081032,116.343368,39.992100,428911009,147431844,39,270,0,0,50#
58306,$JYJ,13311431172,20111101081309,116.342186,39.991859,428906629,147430955,0,122,1,1,50#
66624,$JYJ,13301204834,20111101081905,116.346466,39.996143,428922463,147446764,23,182,0,0,50#
799,$JYJ,13301204834,20111101081958,116.346466,39.995354,428922440,147443876,8,172,1,1,50#
54904,$JYJ,13311022144,20111101082314,116.346832,39.996834,428923814,147449310,19,342,1,1,50#
55600,$JYJ,13311488223,20111101082803,116.343437,39.999561,428911263,147459364,30,88,1,1,50#
67742,$JYJ,13311480658,20111101083337,116.342682,39.999496,428908443,147459111,10,80,1,1,50#
58816,$JYJ,13381232445,20111101083304,116.346451,39.995422,428922390,147444124,0,150,1,1,50#
39442,$JYJ,13301157403,20111101083706,116.346169,39.991688,428921349,147430352,10,102,1,1,50#
7087,$JYJ,13311191488,20111101083518,116.347336,39.999649,428925670,147459701,21,80,1,1,50#
43094,$JYJ,13311431109,20111101083717,116.346199,39.999584,428921438,147459463,0,82,0,0,50#
58186,$JYJ,13311431109,20111101083807,116.347336,39.999603,428925641,147459533,25,82,1,1,50#
91726,$JYJ,13311486203,20111101083951,116.346947,39.996906,428924235,147449606,0,358,0,0,50#
26724,$JYJ,13311492250,20111101083624,116.341965,39.996822,428905802,147449239,0,208,0,0,50#
48934,$JYJ,13301156354,20111101084240,116.346466,39.995361,428922456,147443902,26,172,1,1,50#
79928,$JYJ,13301251439,20111101084436,116.342049,39.991932,428906117,147431228,0,274,2,0,50#
41076,$JYJ,13321164481,20111101084218,116.344414,39.991970,428914871,147431391,21,90,1,1,50#
73660,$JYJ,13301209464,20111101084929,116.345787,39.991878,428919921,147431059,2,104,0,0,50#
657,$JYJ,13311403311,20111101084459,116.347115,39.999531,428924841,147459259,21,64,1,1,50#
70726,$JYJ,13311470470,20111101084920,116.347115,39.999470,428924839,147459043,4,88,0,0,50#
67094,$JYJ,13311480702,20111101084911,116.346199,39.999298,428921448,147458400,6,184,0,0,50#
29999,$JYJ,13301214598,20111101085137,116.346970,39.999580,428924298,147459464,15,92,0,0,50#
27224,$JYJ,13311403236,20111101085132,116.349518,39.992153,428933732,147432099,28,268,0,0,50#
39805,$JYJ,13311480702,20111101085212,116.346184,39.998848,428921396,147456748,10,174,1,1,50#
40419,$JYJ,13370122416,20111101085212,116.346916,39.996250,428924105,147447178,0,350,0,0,50#
66941,$JYJ,13381096548,20111101085344,116.346886,39.996895,428923985,147449537,12,356,0,0,50#
50152,$JYJ,13311486406,20111101085746,116.342613,39.999660,428908212,147459703,17,258,1,1,50#
76780,$JYJ,13311486448,20111101085922,116.342102,39.991776,428906311,147430632,0,94,0,0,50#
37717,$JYJ,13331154840,20111101085704,116.347984,39.999847,428928072,147460449,4,268,0,0,50#
50571,$JYJ,13331154840,20111101085747,116.348015,39.999958,428928171,147460835,19,262,1,1,50#
56931,$JYJ,13381096548,20111101085812,116.346916,39.997154,428924086,147450498,13,350,1,1,50#
68457,$JYJ,13311470397,20111101090401,116.347435,39.991936,428926029,147431267,17,78,1,1,50#
78862,$JYJ,13311488200,20111101090437,116.342117,39.991936,428906354,147431238,6,302,0,0,50#
7375,$JYJ,13311495321,20111101090024,116.340370,39.995140,428899899,147443027,0,286,0,0,50#
58709,$JYJ,13311495321,20111101090332,116.346535,39.995167,428922690,147443190,17,156,1,1,50#
36813,$JYJ,13321174768,20111101090204,116.346313,39.992092,428921888,147431851,0,268,0,0,50#
40999,$JYJ,13321174768,20111101090230,116.346283,39.992084,428921770,147431827,12,262,1,1,50#
66127,$JYJ,13301125415,20111101090846,116.348564,39.999737,428930207,147460027,2,274,0,0,50#
45875,$JYJ,13331154798,20111101090737,116.346703,39.999027,428923322,147457419,10,182,0,0,50#
74778,$JYJ,13331194811,20111101090914,116.342613,39.991836,428908211,147430877,30,88,1,1,50#
28474,$JYJ,13301214088,20111101091124,116.345917,39.999702,428920409,147459904,0,264,1,1,50#
38098,$JYJ,13311403274,20111101091158,116.342300,39.991985,428907048,147431427,21,254,1,1,50#
11166,$JYJ,13311431082,20111101091034,116.349472,39.991734,428933542,147430523,0,0,0,0,50#
4404,$JYJ,13381101824,20111101091008,116.342163,39.991825,428906522,147430819,13,80,1,1,50#
20837,$JYJ,13301157047,20111101091603,116.346847,39.999580,428923873,147459436,12,86,0,0,50#
28586,$JYJ,13301157047,20111101091628,116.347069,39.999584,428924666,147459457,12,80,1,1,50#
64449,$JYJ,13301251455,20111101091823,116.346298,39.998318,428921818,147454788,19,174,1,1,50#
20531,$JYJ,13311489595,20111101091606,116.346649,39.991558,428923134,147429863,0,180,0,0,50#
62707,$JYJ,13311492156,20111101091816,116.345314,39.999569,428918206,147459383,12,94,1,1,50#
73853,$JYJ,13331154898,20111101091850,116.346748,39.999458,428923477,147458988,19,356,0,0,50#
24546,$JYJ,13331159499,20111101091616,116.346703,39.999878,428923323,147460548,0,358,0,0,50#
53940,$JYJ,13311486227,20111101092301,116.342796,39.999474,428908867,147459041,15,82,1,1,50#
14729,$JYJ,13311490940,20111101092052,116.348602,39.992008,428930328,147431549,54,86,0,0,50#
65952,$JYJ,13311495032,20111101092337,116.346619,39.998325,428922992,147454818,25,354,1,1,50#
60509,$JYJ,13331156420,20111101092315,116.349480,39.992088,428933572,147431863,13,266,1,1,50#
182,$JYJ,13331159499,20111101091955,116.347633,39.999806,428926751,147460298,10,238,1,1,50#
79777,$JYJ,13331194808,20111101092919,116.346733,39.992107,428923434,147431899,25,266,0,0,50#
3955,$JYJ,13381083436,20111101092512,116.347969,39.999607,428928004,147459562,12,80,1,1,50#
5040,$JYJ,13311470419,20111101093016,116.342262,39.991856,428906894,147430935,19,84,1,1,50#
27958,$JYJ,13311489640,20111101093129,116.347130,39.999561,428924913,147459393,6,80,0,0,50#
64864,$JYJ,13321164489,20111101093324,116.346382,39.998672,428922127,147456114,10,170,1,1,50#
29308,$JYJ,13381083470,20111101093133,116.346764,39.991707,428923552,147430423,12,176,1,1,50#
25406,$JYJ,13301214168,20111101093617,116.341599,39.991886,428904465,147431052,0,96,1,1,50#
37098,$JYJ,13301254126,20111101093704,116.346748,39.998196,428923483,147454347,12,2,1,1,50#
90121,$JYJ,13311488246,20111101093951,116.341644,39.991943,428904639,147431272,6,276,0,0,50#
54578,$JYJ,13321164501,20111101093807,116.349327,39.991707,428932999,147430427,0,0,0,0,50#
6045,$JYJ,13331111421,20111101093515,116.346230,39.999226,428921577,147458131,4,186,0,0,50#
31865,$JYJ,13331111421,20111101093646,116.346466,39.995476,428922436,147444304,15,184,1,1,50#
15998,$JYJ,13311486561,20111101094047,116.346832,39.997372,428923782,147451291,32,354,1,1,50#
47429,$JYJ,13331194874,20111101094231,116.346298,39.997364,428921803,147451261,15,172,0,0,50#
80735,$JYJ,13331194874,20111101094413,116.346352,39.995274,428922000,147443560,10,176,1,1,50#
22089,$JYJ,13311495039,20111101094610,116.346733,39.998493,428923446,147455425,0,124,0,0,50#
85201,$JYJ,13311495113,20111101094919,116.346680,39.999317,428923240,147458464,12,350,0,0,50#
28625,$JYJ,13331194145,20111101094628,116.342949,39.991901,428909466,147431113,52,268,0,0,50#
96743,$JYJ,13331194348,20111101094956,116.346298,39.999153,428921833,147457878,4,218,0,0,50#
58525,$JYJ,13311300524,20111101095255,116.341965,39.992771,428905830,147434311,17,352,0,0,50#
19547,$JYJ,13311492262,20111101095057,116.347969,39.999600,428927991,147459542,0,96,0,0,50#
9380,$JYJ,13321164387,20111101095024,116.342087,39.990471,428906261,147425825,0,174,0,0,50#
27959,$JYJ,13321164501,20111101095126,116.342026,39.991703,428906042,147430391,0,0,0,0,50#
29446,$JYJ,13321164501,20111101095130,116.342026,39.991703,428906033,147430366,0,0,0,0,50#
33968,$JYJ,13331159401,20111101095144,116.347084,39.999832,428924705,147460383,0,254,1,1,50#
97916,$JYJ,13331194116,20111101095456,116.343102,39.999496,428910015,147459117,15,80,1,1,50#
8856,$JYJ,13331194348,20111101095022,116.346336,39.999111,428921982,147457731,15,174,1,1,50#
5493,$JYJ,13301214820,20111101095511,116.346550,39.994564,428922760,147440958,0,184,0,0,50#
21058,$JYJ,13311492262,20111101095602,116.346435,39.995537,428922315,147444524,17,164,1,1,50#
65103,$JYJ,13321164369,20111101095825,116.344231,39.999523,428914172,147459234,2,58,1,1,50#
36906,$JYJ,13321164501,20111101095653,116.342026,39.991703,428906017,147430368,0,0,0,0,50#
54366,$JYJ,13321164501,20111101095752,116.342117,39.991978,428906371,147431374,0,0,1,1,50#
55110,$JYJ,13311426394,20111101100254,116.346970,39.995644,428924293,147444951,12,338,1,1,50#
2566,$JYJ,13311488154,20111101100008,116.346497,39.998390,428922578,147455052,52,174,1,1,50#
22729,$JYJ,13331194426,20111101100111,116.346649,39.999123,428923138,147457777,17,348,0,0,50#
4523,$JYJ,13311453362,20111101100514,116.346581,39.994824,428922874,147441897,15,176,0,0,50#
26696,$JYJ,13311453362,20111101100631,116.345848,39.992088,428920171,147431810,19,266,1,1,50#
26679,$JYJ,13311489302,20111101100630,116.348267,39.999821,428929091,147460348,26,258,1,1,50#
14501,$JYJ,13311489589,20111101100550,116.343330,39.999535,428910862,147459243,13,88,1,1,50#
30423,$JYJ,13311489589,20111101100650,116.344986,39.999577,428916957,147459424,34,86,0,0,50#
31959,$JYJ,13331186234,20111101100652,116.348030,39.999741,428928242,147460062,13,256,1,1,50#
73935,$JYJ,13331194915,20111101100929,116.346786,39.997742,428923648,147452664,0,344,1,1,50#
36140,$JYJ,13301150400,20111101101220,116.342735,39.999538,428908665,147459273,32,86,1,1,50#
4648,$JYJ,13301204953,20111101101013,116.346733,39.999859,428923440,147460460,4,22,0,0,50#
72967,$JYJ,13301214173,20111101101426,116.346451,39.996601,428922377,147448477,10,190,0,0,50#
25097,$JYJ,13311566142,20111101101122,116.341980,39.993237,428905880,147436022,30,358,0,0,50#
17061,$JYJ,13301125456,20111101101554,116.343819,39.999447,428912658,147458945,0,106,0,0,50#
78940,$JYJ,13301156434,20111101101913,116.342499,39.991859,428907789,147430966,0,236,0,0,50#
17645,$JYJ,13301214088,20111101101555,116.346519,39.994785,428922659,147441786,0,166,0,0,50#
16338,$JYJ,13301214173,20111101101549,116.346466,39.995354,428922429,147443852,6,172,1,1,50#
22589,$JYJ,13301214264,20111101101610,116.343750,39.995125,428912400,147442999,0,98,1,1,50#
3088,$JYJ,13311492198,20111101101505,116.346947,39.991589,428924223,147429995,0,356,0,0,50#
33239,$JYJ,13311566466,20111101101644,116.346268,39.992073,428921697,147431781,19,262,1,1,50#
54372,$JYJ,13301156474,20111101102255,116.346519,39.995151,428922631,147443109,36,174,1,1,50#
87975,$JYJ,13311486590,20111101102439,116.342049,39.993374,428906140,147436535,4,354,0,0,50#
49945,$JYJ,13311488124,20111101102241,116.347084,39.992271,428924714,147432511,12,18,0,0,50#
64915,$JYJ,13311488124,20111101102324,116.347069,39.992393,428924676,147432972,17,358,1,1,50#
55594,$JYJ,13311492205,20111101102259,116.346535,39.997036,428922676,147450067,23,174,0,0,50#
41663,$JYJ,13321174623,20111101102211,116.346535,39.994759,428922707,147441682,25,180,0,0,50#
3841,$JYJ,13331194041,20111101102013,116.348198,39.999867,428928837,147460520,17,264,1,1,50#
7060,$JYJ,13381101984,20111101102019,116.347199,39.992416,428925164,147433053,0,6,0,0,50#
31912,$JYJ,13301214173,20111101102635,116.346451,39.995575,428922364,147444671,19,184,0,0,50#
41952,$JYJ,13301214173,20111101102705,116.346519,39.995354,428922648,147443869,12,168,1,1,50#
56241,$JYJ,13301253449,20111101102755,116.346298,39.999245,428921818,147458222,6,172,1,1,50#
73607,$JYJ,13321174623,20111101102844,116.348137,39.999249,428928600,147458217,0,236,0,0,50#
44571,$JYJ,13381101984,20111101102713,116.346397,39.995144,428922191,147443107,4,180,1,1,50#
29245,$JYJ,13311162483,20111101103134,116.345665,39.991993,428919477,147431473,4,78,1,1,50#
31473,$JYJ,13311162483,20111101103144,116.346397,39.991917,428922192,147431202,26,86,0,0,50#
49917,$JYJ,13311431301,20111101103239,116.340431,39.999531,428900159,147459240,0,270,0,0,50#
47073,$JYJ,13301207492,20111101103727,116.346847,39.999554,428923839,147459364,13,74,0,0,50#
41570,$JYJ,13311426037,20111101103710,116.346886,39.995628,428923982,147444870,19,0,0,0,50#
82779,$JYJ,13311576245,20111101103925,116.346085,39.999638,428921049,147459665,4,86,1,1,50#
5619,$JYJ,13311489487,20111101104017,116.347885,39.999657,428927666,147459741,21,40,1,1,50#
15910,$JYJ,13331154777,20111101104051,116.346519,39.999222,428922658,147458141,6,356,0,0,50#
63336,$JYJ,13331194343,20111101104319,116.346786,39.998215,428923615,147454424,10,338,1,1,50#
45514,$JYJ,13311487154,20111101105206,116.346847,39.991489,428923833,147429638,28,176,1,1,50#
23493,$JYJ,13321164553,20111101105615,116.341400,39.991966,428903705,147431344,17,88,0,0,50#
66901,$JYJ,13311026488,20111101110324,116.347847,39.999836,428927552,147460413,8,268,1,1,50#
94253,$JYJ,13311453328,20111101110452,116.346916,39.996979,428924112,147449866,10,352,1,1,50#
8366,$JYJ,13311480750,20111101110025,116.346710,39.991161,428923353,147428396,17,172,1,1,50#
86022,$JYJ,13311495071,20111101110427,116.346283,39.992042,428921772,147431660,23,260,1,1,50#
84247,$JYJ,13331194935,20111101110402,116.346680,39.999458,428923223,147459010,23,2,0,0,50#
93710,$JYJ,13311486594,20111101110954,116.346901,39.997738,428924069,147452654,0,18,1,1,50#
8391,$JYJ,13311403548,20111101111521,116.348587,39.999950,428930278,147460818,23,250,1,1,50#
28587,$JYJ,13311426056,20111101111624,116.347000,39.995960,428924421,147446090,2,4,0,0,50#
206,$JYJ,13321164491,20111101111501,116.348686,39.992218,428930622,147432314,15,258,1,1,50#
15061,$JYJ,13381083459,20111101111543,116.341148,39.991756,428902814,147430553,0,88,0,0,50#
49727,$JYJ,13311565724,20111101112243,116.346817,39.991764,428923757,147430620,23,180,1,1,50#
18915,$JYJ,13331159465,20111101112056,116.347130,39.992351,428924882,147432790,0,350,1,1,50#
43291,$JYJ,13311403506,20111101112714,116.347862,39.999634,428927613,147459638,45,84,1,1,50#
90830,$JYJ,13321164365,20111101112937,116.345131,39.991905,428917498,147431128,45,264,0,0,50#
65095,$JYJ,13301157421,20111101113311,116.345482,39.992107,428918822,147431907,17,268,0,0,50#
26735,$JYJ,13301207948,20111101113123,116.346603,39.994404,428922953,147440348,12,166,1,1,50#
58902,$JYJ,13301254216,20111101113257,116.346870,39.992230,428923919,147432346,0,178,3,0,50#
98400,$JYJ,13311403267,20111101113447,116.346550,39.995331,428922736,147443792,0,184,0,0,50#
24886,$JYJ,13311487272,20111101113113,116.343933,39.999859,428913067,147460458,25,274,1,1,50#
88150,$JYJ,13321164796,20111101113423,116.344734,39.992157,428916059,147432053,6,78,1,1,50#
31347,$JYJ,13331194632,20111101113136,116.345833,39.999889,428920110,147460588,4,284,0,0,50#
1367,$JYJ,13331156469,20111101113504,116.342690,39.991959,428908506,147431339,34,266,0,0,50#
629,$JYJ,13331187028,20111101113502,116.346298,39.996098,428921832,147446615,10,184,1,1,50#
98762,$JYJ,13301254251,20111101114453,116.341370,39.999691,428903606,147459825,15,260,1,1,50#
62289,$JYJ,13311001149,20111101114306,116.348900,39.992180,428931412,147432193,28,268,1,1,50#
27384,$JYJ,13311301034,20111101114122,116.346901,39.997311,428924044,147451092,28,358,0,0,50#
57444,$JYJ,13311470477,20111101114249,116.346847,39.999325,428923859,147458522,13,2,0,0,50#
21100,$JYJ,13331156420,20111101114102,116.346916,39.996670,428924100,147448733,0,358,1,1,50#
81710,$JYJ,13381077408,20111101114404,116.346985,39.999485,428924382,147459091,0,82,0,0,50#
70336,$JYJ,13381235459,20111101114329,116.348747,39.992107,428930875,147431919,21,270,1,1,50#
67846,$JYJ,13301157724,20111101114821,116.346481,39.996921,428922479,147449654,2,178,0,0,50#
40511,$JYJ,13311470477,20111101114700,116.346916,39.999981,428924085,147460942,10,284,1,1,50#
52153,$JYJ,13311486422,20111101114736,116.344299,39.999721,428914443,147459958,17,88,1,1,50#
57187,$JYJ,13321164590,20111101114748,116.345787,39.999851,428919944,147460444,36,266,1,1,50#
41759,$JYJ,13331194383,20111101114709,116.346199,39.992001,428921471,147431517,0,260,0,0,50#
78520,$JYJ,13331063479,20111101115357,116.345734,39.992054,428919725,147431700,23,250,1,1,50#
50169,$JYJ,13301208406,20111101115715,116.342750,39.992016,428908704,147431548,12,272,0,0,50#
36432,$JYJ,13311301034,20111101115646,116.349350,39.991821,428933080,147430856,0,356,0,0,50#
88476,$JYJ,13331093410,20111101115922,116.342613,39.991959,428908213,147431309,0,272,0,0,50#
48247,$JYJ,13331194896,20111101115721,116.346481,39.996365,428922490,147447586,0,190,1,1,50#
2110,$JYJ,13301204854,20111101120003,116.348732,39.998970,428930810,147457209,4,20,0,0,50#
69286,$JYJ,13311001149,20111101120340,116.345665,39.999676,428919465,147459802,19,86,1,1,50#
57799,$JYJ,13311480750,20111101120302,116.343742,39.999729,428912366,147459989,8,270,1,1,50#
42816,$JYJ,13311570461,20111101120209,116.342285,39.999672,428907000,147459772,13,260,1,1,50#
74490,$JYJ,13331194096,20111101120402,116.347153,39.999771,428924980,147460144,15,266,1,1,50#
14673,$JYJ,13311020094,20111101120550,116.343368,39.999538,428911004,147459257,0,80,0,0,50#
35338,$JYJ,13311020094,20111101120705,116.344681,39.999607,428915841,147459541,23,86,1,1,50#
32679,$JYJ,13311492311,20111101120655,116.342117,39.991982,428906382,147431420,12,294,1,1,50#
7401,$JYJ,13311431033,20111101121025,116.347168,39.999607,428925050,147459540,13,80,1,1,50#
65592,$JYJ,13381232490,20111101121358,116.342865,39.999561,428909124,147459336,6,92,0,0,50#
70275,$JYJ,13311431334,20111101121932,116.341934,39.991943,428905696,147431256,13,318,1,1,50#
39025,$JYJ,13311487152,20111101121729,116.346703,39.993446,428923314,147436851,19,168,0,0,50#
65555,$JYJ,13321199340,20111101121918,116.346962,39.996788,428924259,147449150,6,40,0,0,50#
42093,$JYJ,13370129342,20111101121748,116.343384,39.995197,428911075,147443269,0,260,0,0,50#
9472,$JYJ,13301204955,20111101122032,116.347733,39.999554,428927134,147459358,10,88,0,0,50#
70134,$JYJ,13301214168,20111101122427,116.344437,39.999634,428914957,147459641,12,90,1,1,50#
49174,$JYJ,13311492309,20111101122307,116.341949,39.992626,428905756,147433796,0,358,0,0,50#
56688,$JYJ,13311492309,20111101122336,116.341980,39.992439,428905853,147433094,15,178,1,1,50#
57642,$JYJ,13301125443,20111101122853,116.348702,39.999657,428930697,147459756,45,72,0,0,50#
28161,$JYJ,13311470377,20111101122702,116.346535,39.992088,428922699,147431820,19,268,0,0,50#
17744,$JYJ,13311470383,20111101122616,116.346786,39.991474,428923636,147429579,21,172,1,1,50#
69106,$JYJ,13321180348,20111101122940,116.346649,39.993721,428923131,147437857,19,154,1,1,50#
51097,$JYJ,13331063477,20111101122832,116.349014,39.999752,428931863,147460086,36,88,0,0,50#
36525,$JYJ,13301214590,20111101123241,116.347733,39.999912,428927125,147460684,2,272,1,1,50#
37942,$JYJ,13311487152,20111101123243,116.346031,39.999550,428920842,147459322,2,102,0,0,50#
34335,$JYJ,13331154875,20111101123228,116.346786,39.995991,428923617,147446221,0,184,1,1,50#
45268,$JYJ,13331156452,20111101123312,116.342049,39.993572,428906115,147437275,4,2,0,0,50#
32133,$JYJ,13331194249,20111101123215,116.343864,39.999760,428912845,147460083,12,270,1,1,50#
46178,$JYJ,13321183497,20111101123744,116.347534,39.999950,428926397,147460823,15,268,1,1,50#
83698,$JYJ,13301204996,20111101124441,116.344315,39.999546,428914515,147459319,13,100,0,0,50#
7180,$JYJ,13311453488,20111101124023,116.346817,39.998985,428923746,147457259,8,354,0,0,50#
9535,$JYJ,13321164810,20111101124030,116.347748,39.992016,428927190,147431583,25,80,1,1,50#
52664,$JYJ,13331093439,20111101124301,116.343452,39.992084,428911315,147431805,26,270,0,0,50#
84009,$JYJ,13331194097,20111101124441,116.344383,39.999767,428914743,147460112,23,82,1,1,50#
85935,$JYJ,13301204955,20111101124938,116.346451,39.996594,428922381,147448419,10,152,0,0,50#
26895,$JYJ,13301204996,20111101124622,116.346481,39.999096,428922484,147457675,8,176,1,1,50#
41424,$JYJ,13311431016,20111101124713,116.347382,39.999668,428925837,147459780,15,270,1,1,50#
2743,$JYJ,13311453314,20111101124504,116.346313,39.999371,428921888,147458671,0,36,1,1,50#
48755,$JYJ,13311486281,20111101124740,116.346367,39.998615,428922058,147455890,2,184,0,0,50#
23327,$JYJ,13321164463,20111101124615,116.341347,39.991997,428903511,147431450,15,254,1,1,50#
43234,$JYJ,13311026479,20111101125226,116.341751,39.994991,428905013,147442509,0,214,0,0,50#
69831,$JYJ,13311162453,20111101125356,116.346649,39.994453,428923096,147440557,21,170,1,1,50#
27695,$JYJ,13381102514,20111101125137,116.346565,39.994598,428922822,147441072,6,174,0,0,50#
42293,$JYJ,13301214719,20111101125719,116.345863,39.992065,428920222,147431727,25,266,1,1,50#
69416,$JYJ,13311026479,20111101125848,116.341980,39.991814,428905887,147430786,0,284,1,1,50#
75485,$JYJ,13311470315,20111101125903,116.347633,39.999863,428926740,147460494,0,288,0,0,50#
89666,$JYJ,13311470315,20111101125959,116.348350,39.999687,428929426,147459849,23,82,1,1,50#
63308,$JYJ,13311488126,20111101125826,116.348137,39.999645,428928618,147459713,19,78,1,1,50#
10316,$JYJ,13311585844,20111101125531,116.344032,39.992191,428913432,147432206,10,276,1,1,50#
27080,$JYJ,13321164579,20111101125631,116.347214,39.999306,428925215,147458447,2,22,0,0,50#
73356,$JYJ,13381069744,20111101125901,116.346664,39.991871,428923179,147431031,6,162,1,1,50#
7063,$JYJ,13301104071,20111101130024,116.342567,39.999699,428908021,147459859,8,260,1,1,50#
10064,$JYJ,13301156454,20111101130027,116.342049,39.993527,428906110,147437089,0,350,0,0,50#
46768,$JYJ,13301277716,20111101130235,116.343666,39.999706,428912119,147459908,17,268,0,0,50#
3845,$JYJ,13311403717,20111101130011,116.342148,39.991924,428906467,147431179,8,288,0,0,50#
9993,$JYJ,13311488233,20111101130028,116.340469,39.991779,428900275,147430651,58,86,2,0,50#
81092,$JYJ,13331194274,20111101130455,116.344101,39.999748,428913724,147460066,26,272,0,0,50#
72326,$JYJ,13331194972,20111101130851,116.346153,39.999721,428921275,147459960,10,264,0,0,50#
76308,$JYJ,13311021740,20111101131353,116.346481,39.995178,428922503,147443214,6,166,1,1,50#
54981,$JYJ,13311021764,20111101131248,116.344597,39.999550,428915520,147459313,30,90,0,0,50#
43203,$JYJ,13311486398,20111101131206,116.346649,39.996403,428923103,147447743,0,264,0,0,50#
40959,$JYJ,13311487280,20111101131205,116.340103,39.999496,428898949,147459089,58,88,0,0,50#
58263,$JYJ,13321164451,20111101131254,116.348297,39.999844,428929191,147460444,12,278,0,0,50#
59604,$JYJ,13331093428,20111101131303,116.347565,39.999867,428926509,147460524,2,296,1,1,50#
9864,$JYJ,13331187196,20111101131032,116.347534,39.999806,428926409,147460274,15,232,1,1,50#
65004,$JYJ,13331194169,20111101131318,116.345787,39.999851,428919937,147460441,0,78,0,0,50#
43590,$JYJ,13301104080,20111101131731,116.346581,39.998604,428922855,147455833,26,324,0,0,50#
14447,$JYJ,13301157542,20111101131548,116.348084,39.999645,428928432,147459707,19,80,0,0,50#
41698,$JYJ,13311426366,20111101131731,116.346985,39.996887,428924372,147449513,12,356,1,1,50#
28832,$JYJ,13331156482,20111101131642,116.344704,39.999573,428915928,147459404,25,84,1,1,50#
46975,$JYJ,13301214180,20111101132728,116.346870,39.999310,428923953,147458457,0,2,1,1,50#
71989,$JYJ,13301214719,20111101132845,116.347183,39.992470,428925092,147433254,0,6,0,0,50#
18312,$JYJ,13331187196,20111101132559,116.347786,39.999844,428927330,147460411,13,254,1,1,50#
16518,$JYJ,13301156460,20111101133047,116.346817,39.999561,428923760,147459376,12,4,0,0,50#
90132,$JYJ,13301214719,20111101133436,116.346298,39.991989,428921837,147431450,25,266,1,1,50#
62042,$JYJ,13311489377,20111101133310,116.340866,39.991653,428901735,147430180,52,268,0,0,50#
51518,$JYJ,13321164552,20111101133235,116.344368,39.999565,428914694,147459383,10,86,1,1,50#
22119,$JYJ,13311020454,20111101133609,116.346535,39.994576,428922683,147440998,6,188,0,0,50#
32845,$JYJ,13311020454,20111101133649,116.346619,39.994026,428923010,147438981,32,176,1,1,50#
38365,$JYJ,13311211245,20111101133703,116.346947,39.996704,428924231,147448847,8,356,1,1,50#
6759,$JYJ,13331063447,20111101133518,116.343002,39.999512,428909637,147459176,23,92,0,0,50#
22870,$JYJ,13301272120,20111101134105,116.347115,39.999542,428924847,147459309,0,134,2,0,50#
32257,$JYJ,13311022764,20111101134134,116.349930,39.999882,428935250,147460596,21,256,1,1,50#
65228,$JYJ,13321164463,20111101134322,116.341415,39.991966,428903760,147431337,21,262,1,1,50#
33775,$JYJ,13311022144,20111101134642,116.346352,39.998539,428922000,147455607,0,0,0,0,50#
49046,$JYJ,13311426451,20111101134730,116.348633,39.999641,428930459,147459671,15,70,1,1,50#
30414,$JYJ,13311453344,20111101134634,116.343147,39.992722,428910191,147434143,0,0,0,0,50#
20221,$JYJ,13301155144,20111101135106,116.349770,39.992024,428934646,147431619,34,86,0,0,50#
29733,$JYJ,13301184050,20111101135136,116.345299,39.999584,428918136,147459469,39,94,0,0,50#
5813,$JYJ,13301214012,20111101135017,116.342201,39.992001,428906668,147431459,0,292,0,0,50#
37586,$JYJ,13301214012,20111101135157,116.342201,39.991989,428906704,147431419,0,276,1,1,50#
82312,$JYJ,13311191490,20111101135433,116.346481,39.995838,428922484,147445645,10,192,1,1,50#
44466,$JYJ,13311403232,20111101135219,116.347130,39.999760,428924907,147460123,0,260,0,0,50#
87216,$JYJ,13311566734,20111101135452,116.346603,39.999775,428922964,147460160,0,6,0,0,50#
58489,$JYJ,13331194686,20111101135814,116.346603,39.996494,428922939,147448074,12,186,1,1,50#
63556,$JYJ,13381066549,20111101135828,116.347748,39.999752,428927186,147460086,0,258,1,1,50#
20795,$JYJ,13381077408,20111101135610,116.347099,39.999393,428924793,147458773,0,80,0,0,50#
91306,$JYJ,13301214509,20111101140446,116.341713,39.991802,428904893,147430748,2,76,1,1,50#
68077,$JYJ,13301214721,20111101140333,116.345581,39.999664,428919191,147459735,28,90,1,1,50#
59378,$JYJ,13301254516,20111101140307,116.346870,39.997772,428923936,147452777,0,332,1,1,50#
305,$JYJ,13311431002,20111101140001,116.342995,39.999683,428909621,147459819,15,268,0,0,50#
46680,$JYJ,13311486278,20111101140225,116.346420,39.996941,428922272,147449699,26,176,0,0,50#
50063,$JYJ,13331191647,20111101140237,116.345833,39.999741,428920094,147460048,8,268,0,0,50#
61340,$JYJ,13331191647,20111101140312,116.345818,39.999744,428920043,147460037,0,268,1,1,50#
31559,$JYJ,13301164101,20111101140645,116.340019,39.993477,428898622,147436887,10,114,0,0,50#
20076,$JYJ,13301253440,20111101140604,116.345749,39.999584,428919790,147459460,36,86,1,1,50#
25446,$JYJ,13311480690,20111101140622,116.344253,39.991871,428914257,147430995,32,90,0,0,50#
55297,$JYJ,13311480690,20111101140818,116.345650,39.992054,428919426,147431704,8,234,1,1,50#
51364,$JYJ,13311487103,20111101140807,116.346847,39.999771,428923849,147460156,15,266,1,1,50#
21114,$JYJ,13301104067,20111101141111,116.346786,39.999420,428923647,147458859,0,12,0,0,50#
85808,$JYJ,13311489659,20111101141433,116.349365,39.992493,428933132,147433352,6,304,0,0,50#
82990,$JYJ,13331053064,20111101141418,116.346481,39.994507,428922485,147440739,0,176,0,0,50#
51599,$JYJ,13311453240,20111101141751,116.341713,39.991707,428904881,147430395,12,90,1,1,50#
60724,$JYJ,13311489659,20111101141825,116.341850,39.991901,428905406,147431098,19,260,1,1,50#
45404,$JYJ,13321164584,20111101141731,116.347916,39.999901,428927808,147460641,36,272,1,1,50#
27748,$JYJ,13331053064,20111101141627,116.345833,39.992065,428920116,147431732,10,268,1,1,50#
34119,$JYJ,13331154945,20111101141656,116.342316,39.999516,428907115,147459185,2,294,1,1,50#
26809,$JYJ,13381066764,20111101141624,116.342049,39.995121,428906113,147442979,0,264,0,0,50#
700,$JYJ,13311403704,20111101141957,116.346649,39.991871,428923121,147431030,6,156,1,1,50#
59881,$JYJ,13311431590,20111101142255,116.342697,39.995041,428908498,147442678,13,268,0,0,50#
30777,$JYJ,13311486285,20111101142131,116.343582,39.995140,428911787,147443043,2,260,0,0,50#
40790,$JYJ,13381068349,20111101142158,116.346581,39.994144,428922852,147439395,13,188,0,0,50#
37543,$JYJ,13301204936,20111101142655,116.344704,39.999596,428915922,147459481,49,266,0,0,50#
26334,$JYJ,13301214168,20111101142622,116.347885,39.999306,428927704,147458456,0,170,1,1,50#
61565,$JYJ,13311403585,20111101142800,116.345802,39.999668,428919999,147459773,6,284,1,1,50#
67527,$JYJ,13311489630,20111101142816,116.347054,39.993118,428924618,147435628,51,358,0,0,50#
3285,$JYJ,13311572764,20111101142507,116.345680,39.992096,428919528,147431855,17,268,0,0,50#
7453,$JYJ,13321164553,20111101142523,116.345520,39.992058,428918944,147431706,13,282,1,1,50#
107513,$JYJ,13331194711,20111101142958,116.346802,39.999985,428923705,147460926,12,2,0,0,50#
114068,$JYJ,13301214590,20111101143441,116.349587,39.992081,428933975,147431827,23,88,0,0,50#
100631,$JYJ,13311426366,20111101143409,116.346886,39.997494,428923976,147451772,0,354,1,1,50#
91904,$JYJ,13311489630,20111101143346,116.346970,39.996990,428924309,147449916,0,4,1,1,50#
108388,$JYJ,13311489630,20111101143428,116.346970,39.996990,428924305,147449917,0,4,0,0,50#
64696,$JYJ,13331191647,20111101143239,116.347900,39.999634,428927757,147459658,28,88,0,0,50#
35024,$JYJ,13331194961,20111101143128,116.347115,39.999374,428924860,147458693,13,42,0,0,50#
21183,$JYJ,13381083461,20111101143054,116.342117,39.995029,428906371,147442624,0,310,0,0,50#
110418,$JYJ,13381083461,20111101143431,116.346100,39.992092,428921068,147431845,0,274,1,1,50#
55451,$JYJ,13311486262,20111101143718,116.349998,39.992077,428935488,147431823,0,86,0,0,50#
9686,$JYJ,13311486352,20111101143522,116.347603,39.991959,428926636,147431360,15,82,1,1,50#
12312,$JYJ,13311495220,20111101143532,116.346428,39.995071,428922318,147442837,34,176,1,1,50#
117679,$JYJ,13301156473,20111101144451,116.346497,39.996925,428922555,147449674,0,10,0,0,50#
72452,$JYJ,13301214134,20111101144800,116.347000,39.991764,428924422,147430632,0,356,0,0,50#
2972,$JYJ,13311486437,20111101144504,116.346634,39.993820,428923043,147438216,21,174,1,1,50#
118012,$JYJ,13311486560,20111101144954,116.346367,39.997200,428922071,147450686,12,174,1,1,50#
106310,$JYJ,13331156420,20111101144930,116.349770,39.992168,428934647,147432160,0,242,1,1,50#
74674,$JYJ,13311403124,20111101145306,116.347099,39.999840,428924795,147460421,10,268,1,1,50#
79593,$JYJ,13311431463,20111101145316,116.346298,39.999733,428921836,147460000,0,68,0,0,50#
52752,$JYJ,13311486289,20111101145214,116.346947,39.999142,428924221,147457833,4,86,0,0,50#
115809,$JYJ,13321174632,20111101145453,116.349190,39.992764,428932485,147434332,0,22,0,0,50#
96820,$JYJ,13301251463,20111101145900,116.341698,39.991928,428904826,147431210,0,264,0,0,50#
97218,$JYJ,13301251463,20111101145906,116.341682,39.991924,428904786,147431187,13,260,1,1,50#
20128,$JYJ,13311211643,20111101145549,116.346581,39.996525,428922856,147448188,26,178,1,1,50#
8828,$JYJ,13311453273,20111101145516,116.342102,39.991951,428906331,147431287,12,74,1,1,50#
109888,$JYJ,13331154800,20111101145932,116.341965,39.999493,428905824,147459108,2,54,1,1,50#
36734,$JYJ,13331187064,20111101145635,116.347481,39.999638,428926187,147459678,4,92,0,0,50#
72053,$JYJ,13301254087,20111101150301,116.348663,39.999927,428930577,147460747,12,258,1,1,50#
109401,$JYJ,13311487237,20111101150444,116.345383,39.991795,428918450,147430727,26,86,1,1,50#
111303,$JYJ,13311487237,20111101150452,116.345917,39.991867,428920427,147430999,0,90,0,0,50#
20211,$JYJ,13321164463,20111101150052,116.346970,39.991913,428924311,147431168,0,320,0,0,50#
17369,$JYJ,13331184781,20111101150042,116.342217,39.991848,428906754,147430928,0,72,0,0,50#
106419,$JYJ,13331194893,20111101150435,116.345665,39.992027,428919485,147431597,21,270,0,0,50#
38162,$JYJ,13381101604,20111101150132,116.346336,39.999775,428921952,147460151,19,294,0,0,50#
71468,$JYJ,13301272873,20111101150801,116.346451,39.996506,428922391,147448106,0,176,1,1,50#
37694,$JYJ,13311426356,20111101150642,116.346825,39.998020,428923778,147453683,0,0,0,0,50#
74157,$JYJ,13311426356,20111101150811,116.346458,39.996586,428922419,147448394,8,180,1,1,50#
25603,$JYJ,13311495213,20111101150607,116.347130,39.994156,428924888,147439447,17,18,0,0,50#
55649,$JYJ,13311495321,20111101150727,116.346619,39.993713,428923015,147437822,6,178,0,0,50#
53532,$JYJ,13321174832,20111101150717,116.347954,39.999886,428927921,147460585,0,6,0,0,50#
67092,$JYJ,13321174832,20111101150752,116.347504,39.999943,428926282,147460791,10,294,1,1,50#
28949,$JYJ,13381095594,20111101150619,116.345047,39.999790,428917186,147460221,51,268,0,0,50#
67831,$JYJ,13311486227,20111101151315,116.347252,39.992203,428925351,147432262,0,8,0,0,50#
56685,$JYJ,13301214118,20111101151722,116.347054,39.999481,428924628,147459070,0,88,0,0,50#
90937,$JYJ,13301214755,20111101151848,116.346931,39.999630,428924177,147459620,17,16,0,0,50#
24965,$JYJ,13301254270,20111101151603,116.342247,39.992012,428906868,147431532,0,0,1,1,50#
74869,$JYJ,13311162442,20111101151813,116.342133,39.991859,428906438,147430957,4,68,1,1,50#
36262,$JYJ,13311426480,20111101151631,116.347954,39.999496,428927929,147459135,21,90,0,0,50#
37519,$JYJ,13311486214,20111101151640,116.341919,39.991798,428905645,147430714,19,84,0,0,50#
66697,$JYJ,13311489376,20111101151753,116.347382,39.999851,428925806,147460454,0,0,1,1,50#
52073,$JYJ,13381166344,20111101151709,116.347084,39.996723,428924707,147448909,0,16,1,1,50#
43339,$JYJ,13301156184,20111101152151,116.347130,39.994469,428924874,147440607,0,356,0,0,50#
14716,$JYJ,13301157344,20111101152034,116.342903,39.992588,428909284,147433639,2,174,0,0,50#
39704,$JYJ,13301157344,20111101152143,116.342133,39.992592,428906412,147433650,10,228,1,1,50#
16881,$JYJ,13301174964,20111101152044,116.347130,39.992310,428924877,147432644,10,350,1,1,50#
58434,$JYJ,13311453341,20111101152232,116.346947,39.997795,428924225,147452883,0,356,0,0,50#
32116,$JYJ,13311495113,20111101152127,116.348267,39.999668,428929079,147459779,17,70,1,1,50#
19345,$JYJ,13311568454,20111101152051,116.346748,39.998905,428923494,147456967,4,352,0,0,50#
40286,$JYJ,13311568454,20111101152144,116.346764,39.999264,428923562,147458290,6,14,1,1,50#
12202,$JYJ,13331187033,20111101152030,116.346649,39.999775,428923101,147460157,32,264,1,1,50#
110609,$JYJ,13301204957,20111101152938,116.346397,39.998821,428922187,147456655,21,174,0,0,50#
114072,$JYJ,13311431358,20111101152948,116.344383,39.992718,428914762,147434118,0,170,0,0,50#
110323,$JYJ,13311486227,20111101152942,116.346352,39.996952,428922005,147449769,15,170,1,1,50#
34876,$JYJ,13311486529,20111101152628,116.348152,39.999874,428928678,147460546,6,262,1,1,50#
79201,$JYJ,13311487126,20111101152824,116.349045,39.992084,428931965,147431841,47,88,0,0,50#
36038,$JYJ,13311489630,20111101152635,116.348633,39.999851,428930441,147460467,25,270,0,0,50#
53868,$JYJ,13321174818,20111101152717,116.346680,39.991772,428923242,147430671,0,192,0,0,50#
80075,$JYJ,13331188524,20111101152826,116.345467,39.999550,428918759,147459334,43,92,0,0,50#
40885,$JYJ,13301204957,20111101153140,116.346603,39.995373,428922960,147443953,6,164,1,1,50#
73833,$JYJ,13311026491,20111101153320,116.349083,39.992111,428932113,147431936,0,250,1,1,50#
102441,$JYJ,13381066974,20111101153433,116.346916,39.998547,428924095,147455654,4,344,0,0,50#
5946,$JYJ,13381232435,20111101153014,116.347382,39.999863,428925816,147460483,0,300,0,0,50#
31256,$JYJ,13301156434,20111101153619,116.347366,39.999859,428925790,147460476,0,272,0,0,50#
72756,$JYJ,13301155493,20111101154301,116.346985,39.996849,428924362,147449367,0,12,0,0,50#
9448,$JYJ,13311403576,20111101154019,116.346634,39.995441,428923058,147444182,19,170,1,1,50#
107795,$JYJ,13311431440,20111101154432,116.348152,39.999641,428928685,147459683,6,94,1,1,50#
95769,$JYJ,13311453289,20111101154404,116.346367,39.999409,428922084,147458813,0,0,0,0,50#
94555,$JYJ,13311470326,20111101154359,116.346649,39.999313,428923118,147458454,0,358,0,0,50#
115802,$JYJ,13311488223,20111101154454,116.349350,39.991741,428933111,147430580,0,0,0,0,50#
8656,$JYJ,13331154740,20111101154017,116.347618,39.992039,428926680,147431667,6,268,1,1,50#
108729,$JYJ,13331194196,20111101154434,116.346817,39.995972,428923757,147446161,6,350,0,0,50#
48707,$JYJ,13331194972,20111101154202,116.347687,39.999851,428926937,147460466,6,236,1,1,50#
26029,$JYJ,13311453289,20111101154607,116.346390,39.995747,428922144,147445307,8,170,1,1,50#
57857,$JYJ,13311488223,20111101154725,116.349350,39.991741,428933081,147430554,0,0,0,0,50#
45687,$JYJ,13311488230,20111101154656,116.346001,39.999523,428920714,147459237,0,122,0,0,50#
111650,$JYJ,13311489598,20111101154938,116.346298,39.999432,428921823,147458897,6,210,0,0,50#
80380,$JYJ,13301150142,20111101155318,116.347069,39.999596,428924685,147459513,2,84,0,0,50#
34789,$JYJ,13301254522,20111101155125,116.344933,39.991913,428916764,147431179,23,90,1,1,50#
118222,$JYJ,13301254522,20111101155458,116.346970,39.991985,428924320,147431452,25,84,1,1,50#
100698,$JYJ,13311403228,20111101155411,116.346886,39.996429,428924005,147447843,0,0,0,0,50#
40860,$JYJ,13311470326,20111101155139,116.346420,39.996746,428922280,147448993,6,162,1,1,50#
53726,$JYJ,13311486371,20111101155212,116.342102,39.991936,428906312,147431242,15,84,1,1,50#
60809,$JYJ,13311489598,20111101155233,116.346550,39.995274,428922746,147443576,4,174,1,1,50#
63491,$JYJ,13331154880,20111101155236,116.343285,39.991974,428910696,147431392,41,268,0,0,50#
89429,$JYJ,13331154880,20111101155346,116.342384,39.991859,428907369,147430971,30,86,1,1,50#
48110,$JYJ,13381063243,20111101155158,116.341751,39.991871,428905012,147430987,26,266,1,1,50#
32486,$JYJ,13301214405,20111101155622,116.346901,39.996380,428924054,147447641,2,356,0,0,50#
61364,$JYJ,13311020344,20111101155733,116.346466,39.995468,428922460,147444302,0,68,0,0,50#
76504,$JYJ,13311020344,20111101155814,116.346535,39.995281,428922679,147443597,19,170,1,1,50#
32065,$JYJ,13311403327,20111101155620,116.346985,39.999512,428924344,147459209,0,94,0,0,50#
27903,$JYJ,13311403484,20111101155613,116.346573,39.994358,428922842,147440179,0,116,0,0,50#
46680,$JYJ,13311022554,20111101160201,116.346497,39.995098,428922557,147442910,23,172,1,1,50#
64938,$JYJ,13311495255,20111101160246,116.346764,39.998043,428923544,147453798,0,4,0,0,50#
64136,$JYJ,13331194032,20111101160239,116.349770,39.999893,428934628,147460631,26,264,1,1,50#
31878,$JYJ,13381083455,20111101160118,116.349716,39.991951,428934466,147431356,8,86,0,0,50#
53654,$JYJ,13301171734,20111101160716,116.346901,39.996986,428924030,147449899,0,2,0,0,50#
24664,$JYJ,13301254052,20111101160605,116.346497,39.996742,428922548,147448973,13,170,1,1,50#
10733,$JYJ,13311453240,20111101160523,116.342064,39.999565,428906185,147459364,17,84,1,1,50#
44774,$JYJ,13311488126,20111101160653,116.346619,39.994305,428923023,147440001,17,176,1,1,50#
88149,$JYJ,13321164588,20111101160840,116.346634,39.994522,428923046,147440814,0,176,1,1,50#
30572,$JYJ,13381083470,20111101160620,116.346565,39.994430,428922786,147440472,12,168,1,1,50#
59253,$JYJ,13301254026,20111101161312,116.348930,39.992123,428931539,147431953,17,264,1,1,50#
64473,$JYJ,13311488231,20111101161344,116.341026,39.995171,428902327,147443140,8,290,0,0,50#
7004,$JYJ,13331053064,20111101161017,116.345718,39.999687,428919660,147459852,8,268,1,1,50#
110161,$JYJ,13311426463,20111101161946,116.346817,39.992249,428923722,147432412,0,0,0,0,50#
14721,$JYJ,13311453285,20111101161535,116.342133,39.991753,428906415,147430552,12,68,1,1,50#
64904,$JYJ,13321164867,20111101161747,116.349953,39.999767,428935344,147460174,0,86,0,0,50#
81406,$JYJ,13321174735,20111101161831,116.341919,39.991783,428905640,147430677,0,212,0,0,50#
13194,$JYJ,13321174760,20111101161537,116.340370,39.993687,428899939,147437675,8,296,0,0,50#
69468,$JYJ,13381093034,20111101161804,116.346550,39.994415,428922757,147440421,13,180,0,0,50#
87667,$JYJ,13301214425,20111101162344,116.346718,39.999950,428923355,147460822,17,354,0,0,50#
43160,$JYJ,13311403482,20111101162152,116.346146,39.999771,428921275,147460139,6,272,1,1,50#
20203,$JYJ,13311426463,20111101162052,116.346817,39.992249,428923747,147432428,0,0,0,0,50#
90666,$JYJ,13311431323,20111101162353,116.345131,39.991928,428917527,147431235,23,268,1,1,50#
25135,$JYJ,13311486293,20111101162106,116.348114,39.999893,428928534,147460620,0,50,1,1,50#
63261,$JYJ,13311568045,20111101162240,116.344902,39.999481,428916670,147459077,0,68,1,1,50#
43599,$JYJ,13331194337,20111101162154,116.341347,39.999718,428903510,147459922,0,268,0,0,50#
2825,$JYJ,13311403174,20111101162505,116.346481,39.997143,428922483,147450444,25,178,0,0,50#
48206,$JYJ,13311403174,20111101162703,116.346565,39.994854,428922819,147442037,21,176,1,1,50#
32712,$JYJ,13311487154,20111101162621,116.347336,39.999710,428925669,147459926,30,88,1,1,50#
104916,$JYJ,13311488126,20111101162927,116.341637,39.991875,428904606,147431010,19,268,1,1,50#
4115,$JYJ,13381078244,20111101162508,116.346901,39.997597,428924032,147452135,8,358,0,0,50#
54343,$JYJ,13301214862,20111101163220,116.342148,39.996983,428906505,147449829,15,86,0,0,50#
107502,$JYJ,13301214862,20111101163445,116.346581,39.994183,428922860,147439545,26,176,1,1,50#
8781,$JYJ,13301254079,20111101163021,116.346313,39.998978,428921875,147457238,19,178,1,1,50#
94133,$JYJ,13311021748,20111101163404,116.349068,39.992153,428932073,147432072,15,264,1,1,50#
47166,$JYJ,13331194959,20111101163204,116.346481,39.996700,428922502,147448814,15,184,0,0,50#
17161,$JYJ,13381078244,20111101163046,116.346481,39.995689,428922514,147445114,10,198,1,1,50#
31197,$JYJ,13311453341,20111101163646,116.346481,39.995503,428922493,147444428,21,172,1,1,50#
40047,$JYJ,13311568045,20111101163726,116.343033,39.999748,428909773,147460037,0,350,0,0,50#
19364,$JYJ,13321199524,20111101163603,116.347351,39.999523,428925707,147459247,21,82,1,1,50#
24769,$JYJ,13311576704,20111101164101,116.346718,39.991672,428923366,147430282,0,168,0,0,50#
55457,$JYJ,13381100764,20111101164220,116.346367,39.999008,428922087,147457344,0,176,0,0,50#
92249,$JYJ,13311426326,20111101164859,116.346313,39.995598,428921892,147444749,19,176,1,1,50#
7880,$JYJ,13311453442,20111101164516,116.349770,39.992153,428934639,147432102,17,266,1,1,50#
65982,$JYJ,13311487119,20111101164748,116.348785,39.998684,428931018,147456143,2,146,0,0,50#
115009,$JYJ,13301254365,20111101165453,116.346985,39.997654,428924341,147452340,17,8,0,0,50#
77038,$JYJ,13311453430,20111101165319,116.347168,39.990753,428925028,147426919,39,0,0,0,50#
75823,$JYJ,13311487119,20111101165313,116.346352,39.999260,428922017,147458251,0,186,1,1,50#
41619,$JYJ,13311492283,20111101165148,116.344315,39.999393,428914503,147458740,23,258,1,1,50#
67319,$JYJ,13321164505,20111101165254,116.346519,39.994507,428922623,147440739,0,204,1,1,50#
41988,$JYJ,13370126480,20111101165148,116.348564,39.995346,428930199,147443855,12,294,0,0,50#
92023,$JYJ,13311403360,20111101165916,116.348717,39.999657,428930740,147459758,0,94,0,0,50#
37602,$JYJ,13311431301,20111101165635,116.343536,39.991253,428911607,147428713,0,260,0,0,50#
6613,$JYJ,13311453430,20111101165517,116.349190,39.991890,428932505,147431100,0,0,0,0,50#
38455,$JYJ,13311453430,20111101165640,116.349190,39.991890,428932483,147431114,0,0,0,0,50#
19912,$JYJ,13321164297,20111101165554,116.346268,39.999149,428921708,147457840,15,182,1,1,50#
24419,$JYJ,13331184781,20111101165600,116.343147,39.991810,428910196,147430766,32,234,0,0,50#
94703,$JYJ,13311403586,20111101170418,116.346336,39.996292,428921947,147447317,2,352,1,1,50#
96291,$JYJ,13311480652,20111101170426,116.345863,39.999764,428920198,147460119,15,264,1,1,50#
85095,$JYJ,13311489404,20111101170359,116.346535,39.995110,428922693,147442956,12,170,0,0,50#
30662,$JYJ,13331063485,20111101170118,116.347199,39.999496,428925156,147459158,12,76,1,1,50#
102667,$JYJ,13301204886,20111101171412,116.342987,39.999416,428909601,147458835,12,84,0,0,50#
32889,$JYJ,13301204951,20111101171117,116.346352,39.995178,428921997,147443220,17,170,1,1,50#
72300,$JYJ,13311403047,20111101171259,116.349716,39.992062,428934433,147431733,0,88,0,0,50#
20097,$JYJ,13311403203,20111101171053,116.344986,39.999702,428916989,147459880,21,248,1,1,50#
35146,$JYJ,13311453357,20111101171127,116.345947,39.999779,428920545,147460177,4,272,1,1,50#
106160,$JYJ,13381068842,20111101171420,116.346535,39.997025,428922680,147450042,0,0,0,0,50#
12535,$JYJ,13301150384,20111101171530,116.342346,39.991745,428907215,147430530,17,96,1,1,50#
27906,$JYJ,13301204886,20111101171611,116.346367,39.999344,428922055,147458565,13,176,1,1,50#
31443,$JYJ,13301252434,20111101171617,116.347885,39.999702,428927682,147459893,0,244,0,0,50#
49641,$JYJ,13301252434,20111101171700,116.347832,39.999718,428927494,147459948,12,272,1,1,50#
38174,$JYJ,13311489662,20111101171637,116.343185,39.999615,428910322,147459563,15,266,1,1,50#
42992,$JYJ,13331194477,20111101171644,116.342331,39.991772,428907162,147430617,13,82,1,1,50#
100601,$JYJ,13301104068,20111101172405,116.346916,39.996220,428924107,147447076,0,0,0,0,50#
105685,$JYJ,13301272735,20111101172417,116.342430,39.991776,428907529,147430653,25,84,1,1,50#
23213,$JYJ,13370122425,20111101172055,116.341980,39.991890,428905848,147431067,15,86,1,1,50#
52975,$JYJ,13381232475,20111101172207,116.346703,39.991550,428923326,147429841,13,172,1,1,50#
33064,$JYJ,13321164397,20111101172620,116.346985,39.996845,428924351,147449361,0,358,0,0,50#
114574,$JYJ,13381068143,20111101172940,116.346382,39.999874,428922121,147460525,0,174,1,1,50#
37613,$JYJ,13301104028,20111101173134,116.349701,39.991993,428934377,147431509,8,68,1,1,50#
13661,$JYJ,13311480704,20111101173035,116.346886,39.996666,428923998,147448702,2,352,0,0,50#
50889,$JYJ,13311480704,20111101173206,116.346786,39.996803,428923625,147449227,0,318,1,1,50#
62798,$JYJ,13331154762,20111101173237,116.346451,39.999310,428922405,147458464,0,188,0,0,50#
29926,$JYJ,13301125437,20111101173613,116.347015,39.997665,428924483,147452398,0,338,0,0,50#
5796,$JYJ,13301252467,20111101173513,116.342163,39.999645,428906556,147459665,28,266,1,1,50#
21956,$JYJ,13311480796,20111101173558,116.341949,39.991852,428905760,147430929,17,86,1,1,50#
43069,$JYJ,13311495225,20111101173646,116.347504,39.999840,428926278,147460413,12,264,1,1,50#
70961,$JYJ,13321164867,20111101173755,116.345863,39.999725,428920235,147459993,26,264,0,0,50#
51557,$JYJ,13321180419,20111101173708,116.347313,39.999565,428925565,147459380,0,88,0,0,50#
68998,$JYJ,13321180419,20111101173751,116.348251,39.999649,428929043,147459698,15,80,1,1,50#
117399,$JYJ,13331154916,20111101173952,116.346085,39.999752,428921055,147460092,21,266,0,0,50#
66603,$JYJ,13331154972,20111101173743,116.347000,39.994434,428924400,147440482,12,2,0,0,50#
49182,$JYJ,13370126499,20111101173648,116.344185,39.999721,428914037,147459967,25,268,1,1,50#
91223,$JYJ,13301157432,20111101174341,116.346466,39.996193,428922458,147446965,23,178,1,1,50#
73605,$JYJ,13311431336,20111101174303,116.347580,39.999706,428926540,147459922,28,266,0,0,50#
116685,$JYJ,13321164598,20111101174445,116.349083,39.999260,428932100,147458297,15,272,0,0,50#
20993,$JYJ,13331050349,20111101174050,116.346931,39.994808,428924179,147441873,10,346,0,0,50#
9550,$JYJ,13331154916,20111101174021,116.345100,39.999760,428917409,147460115,17,268,1,1,50#
106680,$JYJ,13301214552,20111101174923,116.346786,39.999279,428923648,147458324,8,74,0,0,50#
55414,$JYJ,13301214616,20111101174718,116.346466,39.999737,428922433,147460038,21,174,1,1,50#
56795,$JYJ,13311431336,20111101174724,116.348167,39.999733,428928723,147460015,0,68,1,1,50#
114957,$JYJ,13311492198,20111101174945,116.346718,39.999367,428923390,147458645,0,358,0,0,50#
96169,$JYJ,13331154972,20111101174859,116.346420,39.997315,428922283,147451079,0,224,1,1,50#
104977,$JYJ,13301156134,20111101175418,116.346870,39.998890,428923924,147456917,0,354,0,0,50#
7285,$JYJ,13301157140,20111101175015,116.348084,39.999764,428928440,147460131,0,92,0,0,50#
96721,$JYJ,13311486225,20111101175402,116.346100,39.995255,428921081,147443486,4,110,1,1,50#
92489,$JYJ,13311486227,20111101175352,116.342316,39.992683,428907088,147433995,0,358,0,0,50#
105439,$JYJ,13311489643,20111101175419,116.346786,39.991707,428923628,147430406,12,174,1,1,50#
84340,$JYJ,13311565724,20111101175326,116.341865,39.991882,428905450,147431044,8,236,0,0,50#
13953,$JYJ,13301156134,20111101175531,116.347115,39.999485,428924841,147459090,13,82,1,1,50#
80577,$JYJ,13311403728,20111101175817,116.346435,39.997120,428922313,147450389,17,176,0,0,50#
107102,$JYJ,13311403728,20111101175923,116.346435,39.996517,428922346,147448139,19,178,1,1,50#
5592,$JYJ,13311431100,20111101175442,116.346718,39.991779,428923361,147430702,13,176,1,1,50#
43545,$JYJ,13321180463,20111101175646,116.344620,39.999710,428915602,147459916,41,266,0,0,50#
107393,$JYJ,13331156482,20111101175925,116.346382,39.999050,428922121,147457488,30,176,1,1,50#
19635,$JYJ,13381077407,20111101175547,116.342583,39.999439,428908075,147458914,2,46,0,0,50#
26843,$JYJ,13311495023,20111101180108,116.346298,39.997513,428921842,147451839,0,196,0,0,50#
65098,$JYJ,13311495023,20111101180244,116.346451,39.996716,428922376,147448892,17,170,1,1,50#
3070,$JYJ,13321180463,20111101180005,116.346397,39.999313,428922202,147458461,12,170,1,1,50#
76671,$JYJ,13301156540,20111101180809,116.342499,39.999668,428907806,147459758,0,268,0,0,50#
115603,$JYJ,13301214603,20111101180946,116.346153,39.999680,428921298,147459795,15,246,1,1,50#
53012,$JYJ,13301254277,20111101180709,116.346748,39.999912,428923475,147460669,0,350,0,0,50#
77803,$JYJ,13311191407,20111101180815,116.349243,39.992145,428932719,147432070,19,270,1,1,50#
44007,$JYJ,13321164511,20111101180648,116.348068,39.999748,428928364,147460085,0,86,0,0,50#
62003,$JYJ,13321164607,20111101180733,116.348015,39.998070,428928156,147453899,2,330,0,0,50#
23315,$JYJ,13331093477,20111101180557,116.347763,39.999832,428927254,147460370,0,268,0,0,50#
43446,$JYJ,13331093477,20111101180646,116.347763,39.999832,428927236,147460390,0,268,1,1,50#
66602,$JYJ,13381063141,20111101180748,116.346420,39.997265,428922275,147450927,2,186,0,0,50#
90858,$JYJ,13381063141,20111101180848,116.346367,39.996830,428922081,147449298,0,236,1,1,50#
52413,$JYJ,13301104066,20111101181209,116.347000,39.999550,428924431,147459352,0,98,0,0,50#
60874,$JYJ,13301104066,20111101181228,116.347298,39.999577,428925528,147459440,23,82,1,1,50#
116293,$JYJ,13311026466,20111101181453,116.347465,39.999882,428926156,147460550,0,276,0,0,50#
46270,$JYJ,13311211346,20111101181154,116.345917,39.999764,428920421,147460123,0,270,0,0,50#
93946,$JYJ,13311426224,20111101181353,116.342217,39.999477,428906726,147459037,15,82,1,1,50#
9066,$JYJ,13311431350,20111101181023,116.347069,39.999538,428924678,147459290,0,88,0,0,50#
34957,$JYJ,13311431350,20111101181126,116.347420,39.999580,428925948,147459450,25,84,1,1,50#
106556,$JYJ,13311453369,20111101181425,116.346283,39.999115,428921760,147457738,19,180,1,1,50#
2491,$JYJ,13311486505,20111101181003,116.347687,39.999680,428926959,147459823,19,86,1,1,50#
80119,$JYJ,13311489539,20111101181321,116.347038,39.995754,428924537,147445337,0,4,0,0,50#
17006,$JYJ,13311577436,20111101181045,116.346680,39.999199,428923238,147458038,17,352,0,0,50#
56308,$JYJ,13331194305,20111101181217,116.346664,39.990246,428923189,147425021,0,194,1,1,50#
84673,$JYJ,13370122464,20111101181328,116.346367,39.999393,428922055,147458748,21,176,1,1,50#
46610,$JYJ,13301272069,20111101181652,116.346451,39.999256,428922393,147458254,8,176,0,0,50#
3255,$JYJ,13311025847,20111101181506,116.345703,39.999710,428919619,147459909,8,266,0,0,50#
5787,$JYJ,13311492292,20111101182016,116.345230,39.999855,428917878,147460466,17,266,1,1,50#
114870,$JYJ,13311563934,20111101182443,116.346764,39.998123,428923547,147454086,0,356,0,0,50#
104188,$JYJ,13301209484,20111101182913,116.346634,39.998837,428923051,147456702,8,0,0,0,50#
14485,$JYJ,13301254259,20111101182534,116.346313,39.999897,428921872,147460624,15,162,1,1,50#
70580,$JYJ,13311431145,20111101182754,116.346847,39.996983,428923846,147449886,10,346,2,0,50#
42914,$JYJ,13311567984,20111101182644,116.346420,39.996079,428922277,147446542,13,178,1,1,50#
48687,$JYJ,13321164350,20111101182659,116.348335,39.999878,428929364,147460570,0,268,0,0,50#
64615,$JYJ,13321164350,20111101182736,116.348267,39.999863,428929077,147460497,4,242,1,1,50#
23771,$JYJ,13321199847,20111101182602,116.348335,39.999832,428929362,147460387,15,252,1,1,50#
52362,$JYJ,13381069740,20111101182706,116.348167,39.999699,428928747,147459909,0,324,0,0,50#
93915,$JYJ,13301155134,20111101183353,116.346817,39.996899,428923736,147449567,2,342,0,0,50#
69677,$JYJ,13311487152,20111101183252,116.347786,39.991966,428927310,147431391,21,82,1,1,50#
1482,$JYJ,13331154806,20111101183001,116.346565,39.994789,428922798,147441789,17,166,0,0,50#
67065,$JYJ,13311453273,20111101183748,116.346603,39.999508,428922956,147459186,17,326,0,0,50#
95314,$JYJ,13311470459,20111101183858,116.346970,39.998390,428924321,147455075,0,4,0,0,50#
12968,$JYJ,13311489587,20111101183532,116.348846,39.999840,428931246,147460428,2,94,0,0,50#
88406,$JYJ,13321174860,20111101183839,116.344513,39.999531,428915226,147459242,0,88,0,0,50#
41552,$JYJ,13311453496,20111101184146,116.347115,39.990868,428924839,147427316,4,358,0,0,50#
32690,$JYJ,13381102214,20111101184123,116.346458,39.996018,428922427,147446302,15,180,0,0,50#
118910,$JYJ,13301214219,20111101184951,116.348434,39.999706,428929733,147459937,23,82,1,1,50#
114422,$JYJ,13311191463,20111101185440,116.344215,39.999439,428914127,147458904,13,98,1,1,50#
6765,$JYJ,13321164539,20111101185012,116.343765,39.999416,428912479,147458816,52,94,0,0,50#
40118,$JYJ,13311453398,20111101185638,116.346313,39.992100,428921863,147431852,17,264,1,1,50#
25535,$JYJ,13321164588,20111101185604,116.346519,39.995991,428922619,147446217,0,176,1,1,50#
35943,$JYJ,13301127490,20111101190129,116.347397,39.999863,428925863,147460485,0,268,1,1,50#
71301,$JYJ,13301156341,20111101190256,116.346481,39.992081,428922477,147431805,23,270,2,0,50#
58740,$JYJ,13311489662,20111101190229,116.346245,39.992088,428921602,147431820,25,264,1,1,50#
110325,$JYJ,13311495369,20111101190440,116.346451,39.996654,428922393,147448676,13,164,1,1,50#
101445,$JYJ,13321164546,20111101190417,116.346336,39.999077,428921984,147457575,17,176,1,1,50#
4144,$JYJ,13301214128,20111101190507,116.349632,39.992042,428934118,147431680,8,298,0,0,50#
96440,$JYJ,13301214806,20111101190859,116.346931,39.997791,428924158,147452868,6,354,0,0,50#
88546,$JYJ,13311426095,20111101190838,116.346847,39.991802,428923832,147430761,2,160,1,1,50#
7375,$JYJ,13311426371,20111101190516,116.344849,39.999531,428916463,147459237,0,88,1,1,50#
119528,$JYJ,13311487256,20111101190956,116.341980,39.991974,428905864,147431371,0,266,0,0,50#
63590,$JYJ,13331194986,20111101190737,116.345718,39.999863,428919699,147460472,23,262,1,1,50#
95840,$JYJ,13381083443,20111101190859,116.346367,39.995590,428922089,147444745,12,188,0,0,50#
112896,$JYJ,13301128429,20111101191444,116.346832,39.997208,428923811,147450714,15,356,0,0,50#
25300,$JYJ,13301214806,20111101191105,116.348717,39.999680,428930745,147459840,21,84,1,1,50#
102298,$JYJ,13311431173,20111101191417,116.346565,39.998848,428922824,147456764,0,66,0,0,50#
13457,$JYJ,13311487256,20111101191035,116.341751,39.991909,428905040,147431142,23,266,1,1,50#
46753,$JYJ,13311488246,20111101191159,116.347000,39.996056,428924411,147446453,12,350,0,0,50#
34566,$JYJ,13311492179,20111101191127,116.346268,39.999367,428921691,147458661,6,176,1,1,50#
116961,$JYJ,13311495244,20111101191947,116.340286,39.999470,428899606,147458982,36,82,1,1,50#
60330,$JYJ,13321183485,20111101191732,116.347115,39.999630,428924822,147459635,12,80,1,1,50#
71009,$JYJ,13311488215,20111101192256,116.346565,39.994392,428922800,147440309,23,172,1,1,50#
110707,$JYJ,13311489455,20111101192436,116.341965,39.999474,428905818,147459009,2,240,0,0,50#
118518,$JYJ,13321164297,20111101192500,116.342415,39.999573,428907486,147459386,25,254,1,1,50#
109419,$JYJ,13331111430,20111101192431,116.342003,39.991161,428905953,147428386,8,178,0,0,50#
40248,$JYJ,13301254272,20111101192640,116.342918,39.999531,428909350,147459231,10,86,1,1,50#
89751,$JYJ,13311453315,20111101192840,116.346901,39.999760,428924055,147460117,0,276,1,1,50#
65267,$JYJ,13370126495,20111101192741,116.346718,39.999168,428923378,147457930,8,24,0,0,50#
50330,$JYJ,13311431541,20111101193206,116.346886,39.997780,428923999,147452821,10,358,0,0,50#
62375,$JYJ,13301204911,20111101193732,116.346581,39.994984,428922884,147442503,26,174,1,1,50#
111778,$JYJ,13301214813,20111101193935,116.347435,39.991970,428926022,147431413,0,88,0,0,50#
108348,$JYJ,13301254199,20111101194430,116.349953,39.992176,428935302,147432164,21,74,1,1,50#
17453,$JYJ,13321164563,20111101194045,116.344833,39.999596,428916406,147459479,15,80,1,1,50#
109063,$JYJ,13301164957,20111101194929,116.346886,39.996288,428924002,147447321,0,356,0,0,50#
112714,$JYJ,13311403520,20111101194938,116.346481,39.996803,428922511,147449196,13,174,1,1,50#
59573,$JYJ,13311431276,20111101194728,116.346634,39.999973,428923082,147460913,0,54,0,0,50#
79734,$JYJ,13311453404,20111101194819,116.348618,39.992145,428930406,147432067,15,266,1,1,50#
42667,$JYJ,13331154708,20111101194644,116.346519,39.999195,428922634,147458034,0,176,0,0,50#
109295,$JYJ,13331156449,20111101194934,116.346352,39.999352,428922042,147458608,10,172,1,1,50#
110556,$JYJ,13301153234,20111101195442,116.347069,39.992603,428924657,147433740,2,0,1,1,50#
2520,$JYJ,13311403741,20111101195005,116.346786,39.997772,428923607,147452776,4,4,0,0,50#
101499,$JYJ,13311191493,20111101195949,116.343002,39.999645,428909667,147459660,15,80,1,1,50#
68268,$JYJ,13311486511,20111101195825,116.346230,39.997051,428921556,147450118,0,150,1,1,50#
61840,$JYJ,13321164588,20111101200240,116.346352,39.999420,428922032,147458859,4,178,1,1,50#
15376,$JYJ,13311431473,20111101200537,116.346764,39.998219,428923555,147454429,0,346,0,0,50#
62192,$JYJ,13321164478,20111101200738,116.346916,39.996906,428924125,147449608,19,356,0,0,50#
56307,$JYJ,13301204991,20111101201219,116.346497,39.995628,428922536,147444879,0,158,1,1,50#
99023,$JYJ,13301214486,20111101201403,116.346451,39.996769,428922367,147449086,8,174,1,1,50#
54016,$JYJ,13311021724,20111101201217,116.347130,39.992287,428924892,147432562,23,334,1,1,50#
7842,$JYJ,13311431383,20111101201017,116.346535,39.995956,428922702,147446102,13,176,1,1,50#
5584,$JYJ,13311453366,20111101201015,116.342033,39.991951,428906044,147431292,0,0,0,0,50#
7303,$JYJ,13311453366,20111101201019,116.342033,39.991951,428906065,147431292,0,0,0,0,50#
34799,$JYJ,13321164552,20111101201126,116.348053,39.999828,428928307,147460371,4,248,1,1,50#
7308,$JYJ,13321164588,20111101201016,116.342201,39.991959,428906679,147431334,0,82,1,1,50#
16135,$JYJ,13321199476,20111101201039,116.348381,39.992199,428929513,147432259,19,262,1,1,50#
25829,$JYJ,13301277707,20111101201604,116.346565,39.994469,428922804,147440587,8,168,1,1,50#
3402,$JYJ,13311431473,20111101201506,116.346535,39.995937,428922717,147446010,12,184,1,1,50#
45700,$JYJ,13311486474,20111101201656,116.342560,39.991886,428908002,147431063,17,84,1,1,50#
59345,$JYJ,13311488246,20111101201729,116.346954,39.997807,428924258,147452906,0,0,0,0,50#
104125,$JYJ,13321174860,20111101201916,116.346764,39.991520,428923530,147429745,21,174,1,1,50#
86548,$JYJ,13331156481,20111101201837,116.347168,39.991756,428925048,147430622,13,356,0,0,50#
7329,$JYJ,13331194224,20111101201520,116.347282,39.991848,428925444,147430931,0,64,0,0,50#
62374,$JYJ,13301214839,20111101202236,116.347298,39.999867,428925530,147460515,6,286,0,0,50#
23637,$JYJ,13311300834,20111101202102,116.346336,39.999313,428921957,147458469,0,206,1,1,50#
60051,$JYJ,13311426367,20111101202232,116.346359,39.992088,428922054,147431815,8,266,0,0,50#
28552,$JYJ,13311426420,20111101202115,116.346847,39.998428,428923847,147455208,0,0,0,0,50#
62597,$JYJ,13331184905,20111101202241,116.346786,39.991688,428923627,147430337,0,174,0,0,50#
8821,$JYJ,13301204842,20111101202520,116.346481,39.995949,428922511,147446049,6,178,1,1,50#
24708,$JYJ,13301252489,20111101202603,116.346481,39.996712,428922481,147448873,8,174,1,1,50#
115462,$JYJ,13301254268,20111101202943,116.347733,39.999901,428927116,147460621,4,260,1,1,50#
96483,$JYJ,13311431244,20111101202857,116.344482,39.999565,428915104,147459392,25,80,1,1,50#
13491,$JYJ,13311486524,20111101202531,116.346519,39.996048,428922623,147446419,10,178,1,1,50#
56919,$JYJ,13331050134,20111101202718,116.346283,39.999809,428921752,147460282,13,226,1,1,50#
91719,$JYJ,13311431042,20111101203352,116.346313,39.999371,428921870,147458660,4,174,1,1,50#
58485,$JYJ,13311470446,20111101203225,116.342750,39.999886,428908712,147460561,0,50,0,0,50#
80204,$JYJ,13311480717,20111101203323,116.346336,39.999966,428921972,147460873,0,170,1,1,50#
7402,$JYJ,13311492161,20111101203021,116.345749,39.999935,428919799,147460734,10,276,1,1,50#
55092,$JYJ,13311495207,20111101203216,116.346649,39.992420,428923103,147433064,4,256,1,1,50#
73026,$JYJ,13321164297,20111101203306,116.341881,39.991737,428905480,147430512,32,292,1,1,50#
95130,$JYJ,13321164794,20111101203357,116.346916,39.999180,428924111,147457981,10,40,0,0,50#
118965,$JYJ,13321164794,20111101203456,116.347015,39.999321,428924471,147458501,13,70,1,1,50#
98554,$JYJ,13321199476,20111101203404,116.344383,39.999538,428914748,147459290,0,94,0,0,50#
112626,$JYJ,13381153604,20111101203439,116.346817,39.990192,428923730,147424829,6,250,0,0,50#
90372,$JYJ,13311403728,20111101203842,116.346947,39.997067,428924212,147450172,8,346,0,0,50#
41809,$JYJ,13331154878,20111101203646,116.346535,39.997322,428922695,147451138,30,180,1,1,50#
68931,$JYJ,13370129546,20111101203748,116.347870,39.999809,428927628,147460291,0,274,0,0,50#
12304,$JYJ,13301214445,20111101204031,116.347031,39.999558,428924532,147459352,8,84,0,0,50#
17183,$JYJ,13311403351,20111101204059,116.342247,39.991787,428906844,147430693,2,292,0,0,50#
87044,$JYJ,13311403351,20111101204355,116.346649,39.991955,428923125,147431340,26,176,1,1,50#
47843,$JYJ,13311470418,20111101204212,116.346931,39.997749,428924154,147452685,0,18,0,0,50#
42996,$JYJ,13311480658,20111101204201,116.348702,39.999031,428930693,147457449,0,168,0,0,50#
46413,$JYJ,13311191463,20111101204656,116.346664,39.999298,428923171,147458413,10,24,0,0,50#
63961,$JYJ,13311191463,20111101204741,116.346870,39.999336,428923940,147458565,8,92,1,1,50#
14399,$JYJ,13301127447,20111101205033,116.342232,39.991821,428906791,147430799,0,102,0,0,50#
70869,$JYJ,13311403050,20111101205259,116.346535,39.995735,428922704,147445276,23,176,1,1,50#
13359,$JYJ,13311453314,20111101205029,116.348137,39.999870,428928636,147460512,6,260,1,1,50#
76072,$JYJ,13311488243,20111101205311,116.349152,39.992020,428932345,147431591,25,96,0,0,50#
14624,$JYJ,13321199479,20111101205034,116.347519,39.999897,428926321,147460622,6,212,1,1,50#
5421,$JYJ,13331154959,20111101205011,116.341980,39.992832,428905872,147434525,0,354,1,1,50#
15256,$JYJ,13331194482,20111101205035,116.346947,39.997570,428924226,147452039,0,4,0,0,50#
101714,$JYJ,13331194803,20111101205419,116.346832,39.998291,428923807,147454706,0,12,0,0,50#
103047,$JYJ,13311431166,20111101205916,116.346733,39.991509,428923437,147429699,25,172,1,1,50#
92989,$JYJ,13311453283,20111101205851,116.346435,39.996952,428922333,147449758,15,178,0,0,50#
21889,$JYJ,13311486346,20111101205556,116.346916,39.999546,428924101,147459306,15,68,0,0,50#
43787,$JYJ,13321164794,20111101205655,116.342667,39.999504,428908398,147459153,12,270,1,1,50#
84194,$JYJ,13321191491,20111101205834,116.340889,39.992004,428901833,147431488,49,270,0,0,50#
11068,$JYJ,13331194482,20111101205528,116.348480,39.999458,428929902,147459025,0,94,1,1,50#
23014,$JYJ,13301214295,20111101210059,116.340912,39.999832,428901923,147460323,0,0,0,0,50#
56195,$JYJ,13301214295,20111101210222,116.340912,39.999832,428901905,147460329,0,0,0,0,50#
111184,$JYJ,13311426480,20111101210434,116.346581,39.995472,428922874,147444290,23,174,1,1,50#
103561,$JYJ,13311453381,20111101210419,116.341667,39.999721,428904710,147459932,0,276,0,0,50#
49622,$JYJ,13311486347,20111101210202,116.346581,39.993580,428922865,147437327,21,166,1,1,50#
103305,$JYJ,13331154715,20111101210413,116.346313,39.999405,428921885,147458790,0,186,1,1,50#
15738,$JYJ,13311487104,20111101210543,116.346718,39.993385,428923391,147436611,13,174,1,1,50#
87969,$JYJ,13321164552,20111101210841,116.347633,39.999863,428926752,147460492,0,274,1,1,50#
744,$JYJ,13301254519,20111101210958,116.342636,39.991947,428908280,147431271,12,58,1,1,50#
27543,$JYJ,13321199408,20111101211108,116.346550,39.999058,428922749,147457531,17,358,0,0,50#
74028,$JYJ,13321199408,20111101211303,116.346313,39.998966,428921863,147457168,19,172,1,1,50#
93110,$JYJ,13331184820,20111101211349,116.341904,39.991806,428905565,147430747,6,88,1,1,50#
10810,$JYJ,13331184844,20111101211024,116.346535,39.994305,428922699,147440003,4,170,1,1,50#
6158,$JYJ,13331194041,20111101211017,116.342201,39.991676,428906663,147430274,21,80,1,1,50#
60506,$JYJ,13301151541,20111101211726,116.347000,39.997608,428924421,147452174,0,28,0,0,50#
93109,$JYJ,13311431436,20111101211848,116.342651,39.994877,428908343,147442071,0,278,0,0,50#
48880,$JYJ,13311431521,20111101211659,116.344398,39.999504,428914816,147459166,8,62,1,1,50#
117014,$JYJ,13311453366,20111101211946,116.347122,39.999519,428924874,147459241,0,0,0,0,50#
104935,$JYJ,13301125461,20111101212413,116.346832,39.990257,428923782,147425083,10,182,1,1,50#
19954,$JYJ,13311453366,20111101212051,116.347122,39.999519,428924848,147459211,0,0,0,0,50#
89430,$JYJ,13311495381,20111101212339,116.342140,39.991940,428906441,147431241,19,266,1,1,50#
98847,$JYJ,13331037184,20111101212358,116.341934,39.994492,428905708,147440653,0,286,0,0,50#
8476,$JYJ,13331194264,20111101212018,116.344704,39.991863,428915946,147430990,6,86,1,1,50#
67540,$JYJ,13381066884,20111101212241,116.346916,39.997032,428924110,147450059,0,8,0,0,50#
31888,$JYJ,13301214076,20111101212617,116.347000,39.996216,428924395,147447045,0,0,0,0,50#
70775,$JYJ,13301214076,20111101212753,116.346931,39.996231,428924180,147447118,4,16,1,1,50#
37523,$JYJ,13311453366,20111101212634,116.348137,39.999657,428928622,147459723,19,72,1,1,50#
32829,$JYJ,13311487154,20111101212620,116.349632,39.999867,428934153,147460524,26,262,1,1,50#
5243,$JYJ,13321164552,20111101212510,116.346847,39.995830,428923848,147445609,0,358,1,1,50#
25040,$JYJ,13331187848,20111101212602,116.345047,39.999737,428917221,147460010,0,266,0,0,50#
45848,$JYJ,13381068841,20111101212655,116.342117,39.992664,428906357,147433913,0,44,0,0,50#
92681,$JYJ,13301214260,20111101213348,116.347687,39.999798,428926938,147460270,0,0,0,0,50#
6834,$JYJ,13311431473,20111101213015,116.349220,39.992107,428932621,147431930,13,266,1,1,50#
51009,$JYJ,13381077417,20111101213207,116.348618,39.999706,428930407,147459919,17,86,1,1,50#
69783,$JYJ,13301214260,20111101213757,116.347687,39.999798,428926934,147460248,0,0,0,0,50#
16834,$JYJ,13311490917,20111101213546,116.346832,39.997425,428923778,147451515,2,290,0,0,50#
104091,$JYJ,13311564124,20111101213922,116.344353,39.999500,428914625,147459125,21,94,0,0,50#
91036,$JYJ,13301214202,20111101214350,116.340950,39.991802,428902050,147430720,34,86,0,0,50#
107203,$JYJ,13311492088,20111101214431,116.342636,39.999443,428908305,147458917,0,96,0,0,50#
17667,$JYJ,13331154800,20111101214044,116.346100,39.999691,428921073,147459852,8,264,0,0,50#
62329,$JYJ,13331194800,20111101214236,116.343063,39.995037,428909867,147442678,0,250,0,0,50#
30566,$JYJ,13381077417,20111101214120,116.344330,39.999538,428914571,147459269,19,86,1,1,50#
14979,$JYJ,13381102974,20111101214036,116.342300,39.991871,428907029,147431011,32,266,0,0,50#
12075,$JYJ,13301214202,20111101214532,116.342064,39.991821,428906175,147430825,0,0,0,0,50#
86834,$JYJ,13311162426,20111101214834,116.345818,39.991962,428920035,147431347,0,110,0,0,50#
10108,$JYJ,13311453417,20111101214528,116.346764,39.991745,428923541,147430564,12,176,1,1,50#
55472,$JYJ,13321183446,20111101214721,116.345268,39.999809,428918036,147460300,13,268,1,1,50#
13388,$JYJ,13331187848,20111101214531,116.346748,39.999481,428923480,147459067,17,358,0,0,50#
1348,$JYJ,13301214800,20111101215001,116.349449,39.999680,428933448,147459828,38,88,0,0,50#
56140,$JYJ,13311453366,20111101215223,116.347221,39.992062,428925242,147431733,21,266,1,1,50#
78619,$JYJ,13311495169,20111101215316,116.346535,39.995392,428922713,147444021,13,170,1,1,50#
27485,$JYJ,13331154786,20111101215107,116.346764,39.999035,428923540,147457422,2,4,0,0,50#
67757,$JYJ,13331187746,20111101215249,116.347031,39.999531,428924537,147459274,4,84,0,0,50#
117904,$JYJ,13301204951,20111101215924,116.347237,39.990170,428925271,147424768,41,358,1,1,50#
95344,$JYJ,13311426079,20111101215857,116.346970,39.993080,428924286,147435490,43,356,1,1,50#
31833,$JYJ,13311426470,20111101215620,116.347282,39.999596,428925453,147459493,0,92,0,0,50#
43843,$JYJ,13311453393,20111101220152,116.344276,39.999432,428914374,147458870,0,138,0,0,50#
42328,$JYJ,13331194290,20111101220147,116.344582,39.999466,428915490,147459017,17,86,0,0,50#
73976,$JYJ,13331194935,20111101220307,116.346931,39.995941,428924140,147446037,34,358,0,0,50#
2011,$JYJ,13301104066,20111101220507,116.347366,39.999867,428925789,147460515,19,270,1,1,50#
800,$JYJ,13301204951,20111101220459,116.343948,39.999721,428913152,147459960,0,282,0,0,50#
26411,$JYJ,13301204951,20111101220605,116.343964,39.999718,428913197,147459948,0,282,1,1,50#
6057,$JYJ,13301214706,20111101220515,116.346847,39.997951,428923857,147453448,10,354,1,1,50#
35469,$JYJ,13311403382,20111101220627,116.342186,39.995049,428906622,147442695,0,192,1,1,50#
43026,$JYJ,13331194893,20111101220644,116.347099,39.999855,428924764,147460455,12,286,1,1,50#
114316,$JYJ,13370122457,20111101220940,116.347702,39.999603,428927023,147459555,23,88,0,0,50#
36540,$JYJ,13311431418,20111101221130,116.344536,39.991882,428915306,147431062,6,74,1,1,50#
508,$JYJ,13311453268,20111101220957,116.343368,39.991871,428910993,147431000,43,270,0,0,50#
36503,$JYJ,13311489424,20111101221134,116.341797,39.991787,428905210,147430682,0,76,0,0,50#
12714,$JYJ,13311495169,20111101221030,116.346497,39.995598,428922574,147444755,13,170,1,1,50#
78395,$JYJ,13331187105,20111101221316,116.346367,39.999409,428922064,147458801,23,178,0,0,50#
105420,$JYJ,13331187105,20111101221423,116.346420,39.998585,428922268,147455783,30,176,1,1,50#
32054,$JYJ,13381093034,20111101221119,116.342766,39.995132,428908757,147443009,10,270,0,0,50#
42791,$JYJ,13331093485,20111101221649,116.347084,39.999790,428924705,147460228,13,266,1,1,50#
107130,$JYJ,13381153604,20111101221921,116.341797,39.991943,428905192,147431262,12,272,1,1,50#
105364,$JYJ,13301214157,20111101222418,116.346916,39.999794,428924118,147460238,0,276,1,1,50#
94074,$JYJ,13321164410,20111101222351,116.346947,39.995575,428924226,147444688,34,358,0,0,50#
90599,$JYJ,13321174655,20111101222843,116.342064,39.991821,428906185,147430823,4,290,0,0,50#
106576,$JYJ,13311403098,20111101223423,116.344818,39.999607,428916365,147459543,15,86,1,1,50#
95428,$JYJ,13311480692,20111101223357,116.346367,39.999062,428922070,147457528,0,174,0,0,50#
32082,$JYJ,13321199614,20111101223621,116.346703,39.999794,428923328,147460252,0,26,0,0,50#
81407,$JYJ,13381066974,20111101223822,116.347000,39.996902,428924398,147449579,4,346,0,0,50#
65791,$JYJ,13381083439,20111101223748,116.347183,39.993145,428925078,147435724,23,346,1,1,50#
80368,$JYJ,13381095549,20111101223821,116.346634,39.995415,428923082,147444092,19,166,1,1,50#
122862,$JYJ,13311020484,20111101224457,116.347649,39.999561,428926808,147459387,41,84,1,1,50#
18350,$JYJ,13381066974,20111101224049,116.346397,39.995933,428922190,147446018,2,174,1,1,50#
83103,$JYJ,13311162443,20111101225328,116.346481,39.999764,428922491,147460108,38,174,1,1,50#
103517,$JYJ,13311492198,20111101225414,116.345665,39.991997,428919487,147431471,26,84,0,0,50#
111802,$JYJ,13381063174,20111101225440,116.346352,39.999184,428922015,147457991,25,176,0,0,50#
38605,$JYJ,13311453366,20111101225639,116.347824,39.999588,428927462,147459487,4,84,0,0,50#
53104,$JYJ,13311453366,20111101225718,116.348007,39.999607,428928126,147459545,0,0,0,0,50#
63436,$JYJ,13331156420,20111101225740,116.347549,39.999806,428926467,147460278,0,266,1,1,50#
37227,$JYJ,13331194651,20111101230636,116.342819,39.991894,428908951,147431102,2,242,0,0,50#
67514,$JYJ,13331194651,20111101230751,116.344498,39.991913,428915183,147431158,12,118,1,1,50#
8442,$JYJ,13311470472,20111101231023,116.343193,39.992031,428910366,147431584,34,266,0,0,50#
96023,$JYJ,13311568452,20111101231356,116.342613,39.999580,428908190,147459415,10,88,0,0,50#
112214,$JYJ,13301150148,20111101231938,116.346336,39.998848,428921982,147456761,0,220,1,1,50#
2220,$JYJ,13311431473,20111101231508,116.346435,39.997559,428922343,147452002,0,170,0,0,50#
63952,$JYJ,13311495334,20111101231743,116.340218,39.998508,428899338,147455447,12,84,0,0,50#
67798,$JYJ,13331190614,20111101231748,116.347649,39.999844,428926794,147460416,19,268,1,1,50#
38589,$JYJ,13301150148,20111101232133,116.346619,39.992260,428923012,147432455,0,242,0,0,50#
27696,$JYJ,13301254131,20111101232112,116.349350,39.992233,428933108,147432384,2,302,0,0,50#
101268,$JYJ,13301214216,20111101232913,116.347702,39.999855,428926990,147460477,0,276,0,0,50#
70185,$JYJ,13311488218,20111101232759,116.342522,39.999550,428907878,147459294,0,0,0,0,50#
2579,$JYJ,13331156461,20111101232500,116.343452,39.995804,428911329,147445491,10,352,0,0,50#
25830,$JYJ,13301277587,20111101233105,116.346519,39.995503,428922657,147444430,6,176,0,0,50#
109150,$JYJ,13311453451,20111101233432,116.349403,39.992298,428933285,147432604,8,276,0,0,50#
88878,$JYJ,13331188574,20111101233340,116.346397,39.999298,428922192,147458415,0,184,1,1,50#
39799,$JYJ,13311566476,20111101233642,116.347565,39.999927,428926519,147460741,12,266,1,1,50#
98886,$JYJ,13321183485,20111101234412,116.347328,39.999607,428925612,147459566,0,0,0,0,50#
29269,$JYJ,13321183485,20111101234619,116.347328,39.999607,428925622,147459535,0,0,0,0,50#
85925,$JYJ,13311480750,20111101235842,116.345955,39.999729,428920550,147459981,12,268,1,1,50#
32943,$JYJ,13321199634,20111101235623,116.347214,39.992035,428925222,147431637,12,258,1,1,50#
