72748,$JYJ,13311470388,20111101000337,116.358398,39.864243,428966441,146960587,15,356,1,1,50#
78246,$JYJ,13311470402,20111101000350,116.358284,39.865727,428966034,146966054,2,176,0,0,50#
46934,$JYJ,13311453371,20111101001730,116.358818,39.869064,428968012,146978384,0,290,1,1,50#
17298,$JYJ,13331154907,20111101001549,116.357918,39.868481,428964693,146976209,21,174,1,1,50#
90287,$JYJ,13381077421,20111101001939,116.358414,39.861851,428966497,146951769,13,356,1,1,50#
21228,$JYJ,13311495179,20111101002107,116.358299,39.864273,428966099,146960690,15,356,1,1,50#
79777,$JYJ,13311488186,20111101002900,116.358254,39.860188,428965938,146945626,10,336,1,1,50#
26366,$JYJ,13311488202,20111101002617,116.358467,39.864109,428966705,146960092,0,0,0,0,50#
85205,$JYJ,13311488202,20111101002915,116.358467,39.864109,428966716,146960102,0,0,0,0,50#
88585,$JYJ,13311488202,20111101002925,116.358467,39.864109,428966729,146960111,0,0,0,0,50#
6800,$JYJ,13311488249,20111101002518,116.358315,39.863838,428966166,146959085,19,356,1,1,50#
55885,$JYJ,13311453362,20111101003743,116.350617,39.866627,428937719,146969316,0,98,0,0,50#
51477,$JYJ,13311488202,20111101004732,116.358467,39.864109,428966707,146960102,0,0,0,0,50#
59391,$JYJ,13311488202,20111101004757,116.358292,39.864311,428966058,146960856,21,358,1,1,50#
82518,$JYJ,13321183437,20111101004905,116.350349,39.867157,428936730,146971280,0,272,0,0,50#
52724,$JYJ,13331063492,20111101005233,116.358383,39.862225,428966413,146953136,30,356,1,1,50#
57604,$JYJ,13301209465,20111101005752,116.356133,39.863991,428958088,146959648,8,294,0,0,50#
26115,$JYJ,13331063492,20111101011116,116.358254,39.862728,428965919,146955017,0,174,0,0,50#
82509,$JYJ,13311492071,20111101011916,116.358047,39.865963,428965161,146966943,19,172,0,0,50#
26870,$JYJ,13331194736,20111101011620,116.356499,39.863205,428959434,146956759,0,134,0,0,50#
3289,$JYJ,13331194736,20111101012007,116.358299,39.861275,428966088,146949665,25,168,1,1,50#
16579,$JYJ,13301254019,20111101014551,116.358467,39.865185,428966709,146964055,0,100,0,0,50#
37909,$JYJ,13301156478,20111101020200,116.359566,39.864067,428970757,146959953,0,96,0,0,50#
87224,$JYJ,13301125496,20111101020953,116.354698,39.865128,428952774,146963824,21,86,1,1,50#
71207,$JYJ,13311492163,20111101020859,116.358452,39.861576,428966665,146950775,13,354,1,1,50#
962,$JYJ,13311453358,20111101020959,116.358116,39.869442,428965397,146979742,0,356,0,0,50#
53593,$JYJ,13311488116,20111101021802,116.358254,39.861595,428965911,146950834,0,174,0,0,50#
2083,$JYJ,13381100548,20111101021501,116.350365,39.863888,428936776,146959228,0,126,0,0,50#
45141,$JYJ,13301157487,20111101022732,116.357483,39.861202,428963069,146949368,0,276,0,0,50#
54031,$JYJ,13311486544,20111101022802,116.359352,39.867630,428969965,146973078,21,80,0,0,50#
37813,$JYJ,13331194998,20111101022706,116.358620,39.863140,428967258,146956526,12,302,1,1,50#
40730,$JYJ,13311488202,20111101030227,116.358528,39.864025,428966944,146959805,0,0,0,0,50#
65516,$JYJ,13301125489,20111101030856,116.358254,39.862900,428965908,146955627,10,292,0,0,50#
15109,$JYJ,13301214610,20111101030554,116.358299,39.863251,428966073,146956948,38,352,1,1,50#
52559,$JYJ,13301254232,20111101030806,116.358566,39.864147,428967087,146960255,0,46,0,0,50#
9165,$JYJ,13311487222,20111101030528,116.354637,39.868736,428952578,146977136,54,266,0,0,50#
30829,$JYJ,13311488202,20111101030650,116.358528,39.864025,428966924,146959804,0,0,0,0,50#
26884,$JYJ,13301125489,20111101031133,116.358215,39.863720,428965760,146958662,12,350,1,1,50#
81693,$JYJ,13311489387,20111101031454,116.358231,39.864384,428965852,146961126,10,358,1,1,50#
48227,$JYJ,13311488220,20111101031753,116.353798,39.868618,428949445,146976703,0,0,0,0,50#
49456,$JYJ,13311488220,20111101031758,116.353798,39.868618,428949450,146976709,0,0,0,0,50#
49780,$JYJ,13321199345,20111101031759,116.358299,39.861313,428966104,146949793,23,170,1,1,50#
49249,$JYJ,13331156497,20111101032257,116.351669,39.865913,428941583,146966719,4,24,0,0,50#
50878,$JYJ,13311489387,20111101032808,116.358284,39.864464,428966016,146961415,0,340,0,0,50#
26541,$JYJ,13311489387,20111101033139,116.358734,39.863991,428967711,146959668,23,268,1,1,50#
62483,$JYJ,13321164481,20111101034849,116.357964,39.864426,428964858,146961249,23,346,1,1,50#
13354,$JYJ,13301214607,20111101035547,116.358513,39.864727,428966870,146962389,0,36,1,1,50#
46750,$JYJ,13311453290,20111101035752,116.358368,39.864269,428966333,146960699,19,356,1,1,50#
66040,$JYJ,13301214878,20111101043409,116.358269,39.861691,428965996,146951179,23,176,1,1,50#
2002,$JYJ,13311495376,20111101045504,116.353981,39.865101,428950122,146963719,21,86,0,0,50#
61313,$JYJ,13311488220,20111101050837,116.353798,39.868618,428949468,146976700,0,0,0,0,50#
57674,$JYJ,13381102284,20111101052318,116.358147,39.865479,428965519,146965156,21,358,1,1,50#
13105,$JYJ,13311495379,20111101053040,116.358315,39.865921,428966158,146966793,19,348,1,1,50#
45357,$JYJ,13301254527,20111101053728,116.357750,39.866573,428964068,146969185,4,168,0,0,50#
61284,$JYJ,13301254527,20111101054318,116.358581,39.864056,428967124,146959887,12,296,1,1,50#
34087,$JYJ,13311191407,20111101054152,116.357521,39.868965,428963225,146978010,0,0,0,0,50#
32841,$JYJ,13311403516,20111101054145,116.358383,39.861759,428966379,146951430,4,356,1,1,50#
49475,$JYJ,13301214199,20111101054737,116.358330,39.860077,428966207,146945236,32,182,0,0,50#
56871,$JYJ,13301277578,20111101060301,116.358414,39.864342,428966532,146960972,28,356,1,1,50#
51694,$JYJ,13301204817,20111101061235,116.353332,39.868568,428947729,146976499,26,262,1,1,50#
41279,$JYJ,13311492100,20111101061700,116.358597,39.867619,428967201,146973026,21,88,1,1,50#
49912,$JYJ,13311492260,20111101061732,116.358269,39.866852,428965989,146970220,23,354,1,1,50#
95997,$JYJ,13321164588,20111101061948,116.354652,39.868664,428952603,146976861,0,268,1,1,50#
82390,$JYJ,13301214110,20111101062404,116.350853,39.866737,428938569,146969754,43,84,1,1,50#
36320,$JYJ,13331184908,20111101062146,116.358467,39.866783,428966693,146969966,8,278,1,1,50#
56772,$JYJ,13381153606,20111101062247,116.359535,39.867710,428970652,146973394,0,90,0,0,50#
19635,$JYJ,13301209495,20111101063056,116.357902,39.868896,428964611,146977761,13,304,0,0,50#
6857,$JYJ,13311492227,20111101063020,116.358566,39.861534,428967091,146950598,15,354,1,1,50#
37463,$JYJ,13311495311,20111101063149,116.358398,39.867088,428966469,146971083,32,354,0,0,50#
94260,$JYJ,13311495311,20111101063436,116.359734,39.867821,428971398,146973786,0,76,1,1,50#
52370,$JYJ,13321164346,20111101063236,116.358254,39.864799,428965930,146962654,8,358,1,1,50#
58618,$JYJ,13331187103,20111101063249,116.358086,39.864117,428965286,146960136,10,182,0,0,50#
35304,$JYJ,13311403021,20111101063639,116.358284,39.864189,428966053,146960381,15,356,1,1,50#
37437,$JYJ,13311486311,20111101063646,116.358147,39.865936,428965547,146966823,10,328,1,1,50#
55744,$JYJ,13301209495,20111101064237,116.350418,39.864018,428936989,146959722,13,268,1,1,50#
82060,$JYJ,13301272203,20111101064355,116.359520,39.865372,428970586,146964754,8,268,1,1,50#
77227,$JYJ,13331194615,20111101064345,116.358231,39.861298,428965814,146949736,0,182,1,1,50#
34724,$JYJ,13311486404,20111101064806,116.358170,39.862934,428965632,146955760,26,182,1,1,50#
58054,$JYJ,13321164885,20111101064936,116.358299,39.864792,428966078,146962627,13,4,1,1,50#
4368,$JYJ,13301214199,20111101065013,116.350784,39.866692,428938329,146969578,23,82,1,1,50#
35728,$JYJ,13311426094,20111101065640,116.359131,39.867706,428969155,146973352,28,74,1,1,50#
51511,$JYJ,13311489437,20111101065730,116.358734,39.864006,428967716,146959734,12,262,1,1,50#
21187,$JYJ,13311492135,20111101065601,116.353615,39.865642,428948780,146965708,2,180,0,0,50#
51062,$JYJ,13331154877,20111101065724,116.353531,39.866337,428948500,146968296,13,176,0,0,50#
88145,$JYJ,13331194327,20111101065918,116.358765,39.867626,428967822,146973052,15,72,1,1,50#
66496,$JYJ,13301156249,20111101070309,116.359550,39.869038,428970718,146978275,0,212,1,1,50#
103605,$JYJ,13301272292,20111101070455,116.359497,39.867783,428970498,146973638,26,74,0,0,50#
86223,$JYJ,13321183489,20111101070404,116.353767,39.866829,428949363,146970097,0,222,1,1,50#
77993,$JYJ,13311403754,20111101070844,116.358185,39.869347,428965665,146979395,10,328,1,1,50#
8789,$JYJ,13301214289,20111101071021,116.358116,39.865379,428965434,146964765,2,300,1,1,50#
84344,$JYJ,13301214526,20111101071357,116.356865,39.865257,428960806,146964317,19,86,1,1,50#
35223,$JYJ,13311211643,20111101071140,116.354050,39.866901,428950408,146970366,23,78,1,1,50#
3834,$JYJ,13311403069,20111101071006,116.358032,39.865936,428965086,146966845,6,338,1,1,50#
42881,$JYJ,13301156246,20111101071657,116.358017,39.864922,428965051,146963107,21,176,1,1,50#
71743,$JYJ,13311480756,20111101071824,116.358650,39.869213,428967410,146978913,19,290,0,0,50#
29673,$JYJ,13311431481,20111101072127,116.352997,39.868591,428946528,146976605,15,266,0,0,50#
51631,$JYJ,13331194307,20111101072729,116.358147,39.863419,428965525,146957566,25,178,1,1,50#
24863,$JYJ,13301156743,20111101073114,116.355865,39.863785,428957116,146958879,15,274,0,0,50#
2717,$JYJ,13301209458,20111101073004,116.359718,39.867809,428971351,146973737,0,78,0,0,50#
23464,$JYJ,13381102954,20111101073109,116.358261,39.864792,428965960,146962613,26,352,1,1,50#
58839,$JYJ,13301155343,20111101073743,116.358650,39.863972,428967370,146959594,12,344,1,1,50#
78962,$JYJ,13301156743,20111101073844,116.357918,39.868992,428964706,146978085,2,248,1,1,50#
37737,$JYJ,13301164978,20111101073646,116.358383,39.864117,428966405,146960135,0,260,1,1,50#
31117,$JYJ,13301208452,20111101073624,116.358215,39.862419,428965798,146953875,23,180,1,1,50#
38053,$JYJ,13311211643,20111101073645,116.357765,39.868271,428964122,146975451,17,262,1,1,50#
55666,$JYJ,13321190094,20111101073739,116.353653,39.865597,428948934,146965560,6,0,1,1,50#
90035,$JYJ,13321199844,20111101073917,116.351646,39.864258,428941525,146960604,0,0,0,0,50#
8795,$JYJ,13381083480,20111101073522,116.359001,39.865192,428968675,146964108,12,262,1,1,50#
1584,$JYJ,13311486513,20111101074002,116.354782,39.867111,428953082,146971145,28,82,1,1,50#
27425,$JYJ,13311489387,20111101074119,116.354233,39.864300,428951076,146960768,2,350,1,1,50#
8915,$JYJ,13311453451,20111101074524,116.351799,39.866726,428942101,146969714,0,86,0,0,50#
2669,$JYJ,13321164603,20111101074508,116.353867,39.866928,428949712,146970452,10,58,1,1,50#
27095,$JYJ,13381102994,20111101074614,116.359787,39.867817,428971586,146973774,8,64,1,1,50#
52839,$JYJ,13301127479,20111101075228,116.353500,39.866940,428948379,146970513,12,74,1,1,50#
36611,$JYJ,13301207984,20111101075140,116.358269,39.865608,428965966,146965625,25,356,1,1,50#
9273,$JYJ,13301272062,20111101075021,116.358269,39.861114,428965983,146949065,0,174,0,0,50#
104083,$JYJ,13311191450,20111101075453,116.358452,39.864056,428966660,146959916,8,280,1,1,50#
55393,$JYJ,13311426281,20111101075237,116.358299,39.860760,428966098,146947737,10,178,0,0,50#
92326,$JYJ,13381232434,20111101075418,116.359718,39.867798,428971314,146973691,0,62,0,0,50#
53187,$JYJ,13311020924,20111101075729,116.356834,39.867577,428960695,146972884,62,78,0,0,50#
55210,$JYJ,13311020924,20111101075740,116.359085,39.867931,428968975,146974203,69,78,1,1,50#
98410,$JYJ,13321164318,20111101075941,116.357132,39.867355,428961762,146972050,26,88,1,1,50#
13663,$JYJ,13321164410,20111101075539,116.357552,39.868198,428963330,146975185,28,178,0,0,50#
28591,$JYJ,13370122475,20111101075617,116.356903,39.868835,428960918,146977516,26,258,1,1,50#
100295,$JYJ,13301277723,20111101080438,116.358299,39.865700,428966099,146965955,12,358,1,1,50#
59403,$JYJ,13311495127,20111101080246,116.356903,39.865223,428960927,146964182,17,84,0,0,50#
88479,$JYJ,13311579045,20111101080405,116.358482,39.865730,428966772,146966085,10,174,1,1,50#
31547,$JYJ,13370122414,20111101080127,116.356651,39.867279,428960012,146971761,0,90,0,0,50#
40291,$JYJ,13370122414,20111101080153,116.356651,39.867279,428960018,146971774,0,90,1,1,50#
60215,$JYJ,13370122414,20111101080247,116.358070,39.866818,428965244,146970066,34,174,0,0,50#
56053,$JYJ,13311470385,20111101080812,116.358315,39.863098,428966159,146956370,38,358,1,1,50#
14558,$JYJ,13311492147,20111101080542,116.357895,39.867916,428964617,146974146,86,152,0,0,50#
80577,$JYJ,13381232465,20111101080930,116.358482,39.864296,428966773,146960792,13,354,1,1,50#
6956,$JYJ,13301155224,20111101081020,116.353653,39.866531,428948939,146969012,8,176,0,0,50#
41590,$JYJ,13301214560,20111101081215,116.356087,39.869858,428957934,146981278,15,6,0,0,50#
69042,$JYJ,13311431008,20111101081337,116.359116,39.864052,428969099,146959875,0,296,0,0,50#
30572,$JYJ,13321174844,20111101081137,116.358170,39.863533,428965626,146957980,25,178,1,1,50#
55977,$JYJ,13321174801,20111101081828,116.352303,39.866940,428943949,146970511,36,80,0,0,50#
60396,$JYJ,13301214287,20111101082333,116.353836,39.866959,428949605,146970591,6,78,1,1,50#
33956,$JYJ,13311480745,20111101082158,116.353165,39.866650,428947142,146969449,13,264,0,0,50#
75403,$JYJ,13321164884,20111101082424,116.353699,39.864563,428949077,146961754,0,146,0,0,50#
29786,$JYJ,13331063490,20111101082143,116.353684,39.868587,428949061,146976593,28,260,1,1,50#
63204,$JYJ,13331194668,20111101082346,116.358536,39.861275,428966980,146949664,4,8,0,0,50#
81607,$JYJ,13331194668,20111101082448,116.358536,39.861305,428966970,146949761,2,2,1,1,50#
86387,$JYJ,13311431008,20111101082932,116.359077,39.864063,428968979,146959942,0,168,0,0,50#
4099,$JYJ,13311480745,20111101082510,116.358101,39.866058,428965366,146967298,15,352,1,1,50#
76269,$JYJ,13311492256,20111101082903,116.358566,39.864018,428967055,146959778,2,276,1,1,50#
22112,$JYJ,13331194478,20111101082613,116.359764,39.865448,428971504,146965028,30,268,1,1,50#
53447,$JYJ,13370122468,20111101082753,116.353630,39.866707,428948835,146969631,13,356,1,1,50#
24413,$JYJ,13311431008,20111101083117,116.358307,39.861191,428966130,146949331,15,172,1,1,50#
88766,$JYJ,13331159485,20111101083443,116.351700,39.866592,428941700,146969227,12,78,1,1,50#
78679,$JYJ,13331194214,20111101083910,116.358131,39.864933,428965483,146963130,19,176,1,1,50#
43030,$JYJ,13301254531,20111101084221,116.357002,39.867325,428961312,146971961,6,84,1,1,50#
16601,$JYJ,13311426098,20111101084050,116.358368,39.861504,428966362,146950506,17,354,1,1,50#
25045,$JYJ,13311495143,20111101084116,116.358131,39.864922,428965469,146963102,15,178,1,1,50#
45527,$JYJ,13311581034,20111101084229,116.356468,39.867310,428959332,146971892,15,80,0,0,50#
52028,$JYJ,13311581034,20111101084250,116.357300,39.867405,428962387,146972226,0,80,1,1,50#
4485,$JYJ,13331156405,20111101084514,116.359764,39.869068,428971497,146978372,0,242,0,0,50#
82948,$JYJ,13301157245,20111101085434,116.358131,39.866463,428965481,146968783,8,342,1,1,50#
34315,$JYJ,13381232473,20111101085150,116.353668,39.865467,428948988,146965077,26,180,0,0,50#
23144,$JYJ,13311495388,20111101085620,116.351631,39.866707,428941454,146969627,34,84,1,1,50#
84566,$JYJ,13331194885,20111101085951,116.353630,39.865284,428948846,146964406,6,336,1,1,50#
19639,$JYJ,13301125467,20111101090101,116.359085,39.869099,428968995,146978495,0,270,0,0,50#
15989,$JYJ,13311453326,20111101090052,116.354080,39.868622,428950509,146976709,19,260,1,1,50#
60747,$JYJ,13311488197,20111101090340,116.358070,39.865082,428965251,146963668,0,190,1,1,50#
62397,$JYJ,13331184850,20111101090346,116.354080,39.866997,428950505,146970716,32,76,1,1,50#
22978,$JYJ,13311577734,20111101090612,116.355614,39.868702,428956160,146977027,26,262,1,1,50#
24650,$JYJ,13331184973,20111101090624,116.354095,39.866997,428950565,146970724,30,76,1,1,50#
84778,$JYJ,13331187103,20111101090943,116.358254,39.861294,428965901,146949731,0,174,1,1,50#
66196,$JYJ,13301155641,20111101091320,116.353783,39.866928,428949408,146970474,0,72,2,0,50#
13112,$JYJ,13301214657,20111101091034,116.358414,39.863762,428966519,146958814,0,8,0,0,50#
92207,$JYJ,13311431572,20111101091442,116.351517,39.866692,428941046,146969592,0,100,0,0,50#
31772,$JYJ,13321174647,20111101091138,116.358299,39.865994,428966072,146967051,21,352,1,1,50#
29148,$JYJ,13311431572,20111101091631,116.358101,39.865677,428965349,146965880,19,174,1,1,50#
27133,$JYJ,13311470372,20111101091621,116.358917,39.867626,428968395,146973076,30,68,0,0,50#
50876,$JYJ,13311486280,20111101091740,116.359787,39.867786,428971599,146973658,10,78,0,0,50#
53626,$JYJ,13311495254,20111101091749,116.358398,39.864742,428966477,146962419,12,350,1,1,50#
24795,$JYJ,13331194889,20111101091615,116.359886,39.867813,428971955,146973753,0,50,0,0,50#
1252,$JYJ,13381096824,20111101091500,116.352531,39.866814,428944771,146970050,28,80,0,0,50#
9734,$JYJ,13381096824,20111101091527,116.353447,39.866909,428948167,146970394,6,74,1,1,50#
22477,$JYJ,13301277708,20111101092118,116.358299,39.864357,428966089,146961026,26,358,1,1,50#
32983,$JYJ,13311403563,20111101092152,116.358185,39.865391,428965668,146964821,0,180,0,0,50#
5950,$JYJ,13311431015,20111101092015,116.357597,39.868938,428963480,146977901,19,266,0,0,50#
61612,$JYJ,13311453495,20111101092320,116.356781,39.861755,428960481,146951405,0,80,0,0,50#
88109,$JYJ,13311480650,20111101092453,116.353645,39.865192,428948908,146964067,8,18,1,1,50#
11394,$JYJ,13321174877,20111101092034,116.352066,39.866726,428943080,146969692,0,86,0,0,50#
75748,$JYJ,13301214657,20111101092909,116.357132,39.868816,428961778,146977458,30,254,1,1,50#
73838,$JYJ,13311453486,20111101092906,116.358299,39.865471,428966099,146965116,8,28,1,1,50#
24775,$JYJ,13311480734,20111101092620,116.358299,39.864166,428966075,146960325,17,356,1,1,50#
1807,$JYJ,13311486254,20111101093007,116.358185,39.865437,428965676,146964987,12,356,1,1,50#
74305,$JYJ,13321180409,20111101093903,116.353752,39.865318,428949312,146964536,17,352,1,1,50#
71106,$JYJ,13301214157,20111101094344,116.358467,39.860966,428966703,146948496,6,356,1,1,50#
57053,$JYJ,13311495270,20111101094259,116.358635,39.868012,428967340,146974474,28,76,0,0,50#
19248,$JYJ,13311564944,20111101094055,116.351814,39.866783,428942121,146969928,25,78,1,1,50#
88837,$JYJ,13331156409,20111101094433,116.356934,39.862781,428961064,146955210,8,92,0,0,50#
82421,$JYJ,13331194957,20111101094415,116.358353,39.864597,428966304,146961904,12,0,1,1,50#
13134,$JYJ,13301207483,20111101094538,116.354446,39.865173,428951881,146963984,0,268,0,0,50#
59830,$JYJ,13301207483,20111101094802,116.354202,39.866985,428950976,146970683,17,74,1,1,50#
84714,$JYJ,13311022994,20111101094918,116.358536,39.864037,428966971,146959818,10,266,1,1,50#
6246,$JYJ,13301104109,20111101095515,116.358284,39.868916,428966057,146977804,13,80,0,0,50#
22164,$JYJ,13301254390,20111101095604,116.353600,39.866005,428948724,146967071,19,2,0,0,50#
87286,$JYJ,13301254390,20111101095931,116.353699,39.864441,428949087,146961278,17,180,1,1,50#
26784,$JYJ,13301214130,20111101100118,116.359001,39.869045,428968670,146978293,12,248,1,1,50#
62839,$JYJ,13311487134,20111101100328,116.358437,39.866726,428966597,146969736,0,218,0,0,50#
66875,$JYJ,13311565346,20111101100340,116.353554,39.866157,428948569,146967616,6,16,1,1,50#
34693,$JYJ,13321164596,20111101100144,116.359436,39.867737,428970289,146973489,30,76,0,0,50#
7521,$JYJ,13321191491,20111101100024,116.359787,39.867748,428971582,146973536,0,356,0,0,50#
85391,$JYJ,13331093432,20111101100452,116.356369,39.865181,428958956,146964052,12,92,1,1,50#
46484,$JYJ,13311431306,20111101100744,116.358231,39.864559,428965845,146961756,17,0,1,1,50#
78551,$JYJ,13331184908,20111101100950,116.353584,39.865253,428948693,146964296,12,342,1,1,50#
52226,$JYJ,13311403071,20111101102245,116.359634,39.865238,428971004,146964260,0,50,0,0,50#
22114,$JYJ,13321180414,20111101102112,116.353851,39.864262,428949679,146960617,0,184,0,0,50#
65096,$JYJ,13301214770,20111101102818,116.351868,39.868397,428942332,146975871,41,262,0,0,50#
88235,$JYJ,13370126400,20111101102927,116.359764,39.867756,428971494,146973544,21,76,1,1,50#
65282,$JYJ,13311403316,20111101103327,116.356216,39.863918,428958392,146959372,0,290,0,0,50#
63128,$JYJ,13311573314,20111101103321,116.359169,39.869068,428969307,146978394,12,260,1,1,50#
32062,$JYJ,13331063472,20111101103143,116.359703,39.867775,428971266,146973605,0,92,0,0,50#
68574,$JYJ,13321180421,20111101103843,116.353668,39.866573,428948994,146969162,0,6,0,0,50#
21403,$JYJ,13311426439,20111101104106,116.358200,39.866978,428965733,146970666,15,346,1,1,50#
12770,$JYJ,13311453342,20111101104038,116.356468,39.868767,428959347,146977273,26,260,1,1,50#
62570,$JYJ,13311486512,20111101104314,116.358215,39.864162,428965795,146960285,13,2,1,1,50#
81027,$JYJ,13311495377,20111101104915,116.357986,39.867474,428964951,146972486,23,76,1,1,50#
22811,$JYJ,13331159492,20111101104609,116.358017,39.869682,428965043,146980626,21,356,1,1,50#
89416,$JYJ,13331194698,20111101104939,116.358383,39.864227,428966380,146960537,6,356,1,1,50#
46554,$JYJ,13311563466,20111101105224,116.358086,39.864990,428965310,146963356,19,178,1,1,50#
12100,$JYJ,13311453395,20111101105540,116.358429,39.861687,428966579,146951184,0,0,1,1,50#
75722,$JYJ,13311489691,20111101105903,116.358536,39.864159,428966952,146960270,10,282,1,1,50#
22720,$JYJ,13311490958,20111101105614,116.353584,39.866920,428948692,146970438,13,66,1,1,50#
61096,$JYJ,13311492328,20111101105816,116.351318,39.868401,428940319,146975884,15,258,1,1,50#
22542,$JYJ,13321199495,20111101105611,116.359680,39.867764,428971172,146973582,4,82,0,0,50#
63755,$JYJ,13301214878,20111101110317,116.358467,39.862328,428966704,146953538,13,358,0,0,50#
48137,$JYJ,13311495373,20111101110732,116.358330,39.862854,428966208,146955474,15,358,1,1,50#
3702,$JYJ,13321164871,20111101110508,116.358780,39.866833,428967849,146970134,19,278,1,1,50#
90123,$JYJ,13311486388,20111101111446,116.357254,39.868839,428962238,146977546,0,0,0,0,50#
91694,$JYJ,13311486388,20111101111450,116.357254,39.868839,428962219,146977525,0,0,0,0,50#
42058,$JYJ,13311570478,20111101111218,116.358116,39.868443,428965437,146976071,36,358,1,1,50#
59320,$JYJ,13331111426,20111101111309,116.356682,39.866859,428960129,146970212,0,356,0,0,50#
45015,$JYJ,13321199945,20111101111723,116.353737,39.862369,428949219,146953666,4,134,0,0,50#
19306,$JYJ,13370126433,20111101111600,116.358383,39.862137,428966387,146952815,30,356,1,1,50#
6776,$JYJ,13311431107,20111101112020,116.351219,39.868397,428939929,146975849,26,262,1,1,50#
35868,$JYJ,13311489329,20111101112200,116.358383,39.865425,428966396,146964964,15,354,1,1,50#
38656,$JYJ,13311022734,20111101112658,116.358299,39.866840,428966097,146970167,10,284,1,1,50#
29521,$JYJ,13321199440,20111101112628,116.356133,39.867260,428958075,146971685,13,78,1,1,50#
5091,$JYJ,13301138034,20111101113012,116.358353,39.866108,428966307,146967455,0,8,0,0,50#
75215,$JYJ,13311489661,20111101113342,116.359596,39.860962,428970899,146948518,36,266,0,0,50#
2215,$JYJ,13311490919,20111101113003,116.359482,39.864166,428970455,146960311,0,40,0,0,50#
4232,$JYJ,13381066542,20111101113009,116.354103,39.866905,428950579,146970365,13,76,1,1,50#
9927,$JYJ,13301204910,20111101114029,116.356949,39.864010,428961091,146959712,15,274,0,0,50#
95942,$JYJ,13301272069,20111101114447,116.358147,39.869545,428965518,146980151,0,358,0,0,50#
30542,$JYJ,13311490919,20111101114134,116.355682,39.865147,428956436,146963923,0,238,0,0,50#
70154,$JYJ,13311490919,20111101114329,116.357017,39.867367,428961373,146972115,32,78,1,1,50#
1010,$JYJ,13370129563,20111101114001,116.358032,39.866768,428965119,146969914,10,176,0,0,50#
44018,$JYJ,13370129563,20111101114213,116.358887,39.865429,428968260,146964978,15,268,1,1,50#
82566,$JYJ,13301155641,20111101115905,116.358032,39.866730,428965098,146969744,0,166,2,0,50#
13629,$JYJ,13301208469,20111101115538,116.353714,39.865799,428949137,146966301,0,264,0,0,50#
54959,$JYJ,13311488157,20111101115746,116.359520,39.864105,428970593,146960077,15,268,1,1,50#
90962,$JYJ,13311492297,20111101115932,116.358452,39.860718,428966664,146947600,38,356,1,1,50#
84429,$JYJ,13331194996,20111101115915,116.353676,39.866707,428949018,146969631,0,0,0,0,50#
72132,$JYJ,13381068344,20111101115838,116.357498,39.868916,428963152,146977828,17,248,1,1,50#
75643,$JYJ,13311022614,20111101120404,116.357948,39.867619,428964795,146973045,19,170,0,0,50#
79376,$JYJ,13311489654,20111101120417,116.353684,39.868561,428949060,146976470,4,274,0,0,50#
12112,$JYJ,13311492297,20111101120034,116.359680,39.864147,428971192,146960253,17,88,0,0,50#
2342,$JYJ,13370126400,20111101120007,116.358353,39.861225,428966282,146949472,2,182,0,0,50#
52910,$JYJ,13301214451,20111101120806,116.358849,39.865501,428968133,146965219,0,268,0,0,50#
26098,$JYJ,13321174760,20111101120632,116.358269,39.863716,428965992,146958655,19,348,1,1,50#
58029,$JYJ,13381069144,20111101121331,116.357880,39.869629,428964541,146980455,0,164,0,0,50#
52703,$JYJ,13331154779,20111101122318,116.356964,39.868828,428961181,146977500,6,262,1,1,50#
46740,$JYJ,13331156471,20111101122258,116.358902,39.864204,428968337,146960454,2,84,1,1,50#
67847,$JYJ,13331194412,20111101122419,116.358620,39.865303,428967292,146964503,0,86,1,1,50#
66306,$JYJ,13301214526,20111101122933,116.358368,39.860973,428966327,146948535,0,176,0,0,50#
1361,$JYJ,13311426450,20111101122506,116.353516,39.866890,428948429,146970308,10,90,0,0,50#
29065,$JYJ,13311453240,20111101122655,116.359398,39.867725,428970167,146973443,0,88,1,1,50#
49344,$JYJ,13311489528,20111101122826,116.359016,39.864182,428968730,146960381,8,338,1,1,50#
4700,$JYJ,13311495158,20111101122516,116.358299,39.864361,428966085,146961012,17,356,1,1,50#
19202,$JYJ,13311495199,20111101122623,116.359268,39.869152,428969657,146978705,0,280,0,0,50#
45783,$JYJ,13311495306,20111101122807,116.358452,39.861565,428966672,146950732,0,22,1,1,50#
62712,$JYJ,13321164511,20111101122914,116.358269,39.861591,428965990,146950825,0,176,0,0,50#
6059,$JYJ,13311489654,20111101123023,116.353813,39.864853,428949533,146962812,4,152,0,0,50#
46595,$JYJ,13311487260,20111101123745,116.358437,39.860325,428966596,146946153,0,356,1,1,50#
33426,$JYJ,13311495104,20111101124158,116.350754,39.866711,428938214,146969629,25,84,1,1,50#
41656,$JYJ,13301155472,20111101124713,116.353104,39.864197,428946900,146960402,0,270,0,0,50#
53507,$JYJ,13311431547,20111101124752,116.359413,39.869122,428970212,146978598,0,264,0,0,50#
41665,$JYJ,13321174898,20111101124711,116.357933,39.866756,428964733,146969849,12,332,1,1,50#
17137,$JYJ,13311300764,20111101130052,116.359497,39.869213,428970499,146978936,2,244,1,1,50#
25691,$JYJ,13311426281,20111101130627,116.358292,39.866669,428966069,146969537,21,2,0,0,50#
38475,$JYJ,13311495257,20111101130708,116.353981,39.867062,428950142,146970962,15,74,1,1,50#
71606,$JYJ,13321174656,20111101130849,116.358986,39.869148,428968613,146978693,13,250,0,0,50#
86863,$JYJ,13321174656,20111101130939,116.358986,39.869118,428968648,146978580,6,258,1,1,50#
2380,$JYJ,13311191409,20111101131003,116.358330,39.866821,428966209,146970088,13,334,1,1,50#
4902,$JYJ,13311403493,20111101131016,116.357964,39.868015,428964832,146974512,12,176,0,0,50#
56663,$JYJ,13311490946,20111101131249,116.353500,39.866314,428948382,146968203,6,326,1,1,50#
54494,$JYJ,13370122408,20111101131243,116.353554,39.866242,428948558,146967925,13,314,1,1,50#
36452,$JYJ,13301127478,20111101131710,116.357849,39.867325,428964408,146971954,2,178,0,0,50#
8788,$JYJ,13301214451,20111101131532,116.355637,39.865440,428956239,146965002,2,318,0,0,50#
10480,$JYJ,13311431504,20111101131538,116.358086,39.865341,428965315,146964633,12,134,1,1,50#
11480,$JYJ,13331194233,20111101131545,116.353767,39.866936,428949334,146970477,10,80,0,0,50#
17503,$JYJ,13311431490,20111101132052,116.353432,39.866890,428948096,146970308,10,94,0,0,50#
34845,$JYJ,13311431490,20111101132146,116.353516,39.866913,428948412,146970420,12,54,1,1,50#
59422,$JYJ,13311453206,20111101132303,116.357986,39.866226,428964951,146967917,17,182,1,1,50#
48857,$JYJ,13311489632,20111101132229,116.354065,39.867031,428950460,146970856,10,64,1,1,50#
3680,$JYJ,13311492134,20111101132009,116.354317,39.865147,428951371,146963908,13,266,0,0,50#
16688,$JYJ,13311492134,20111101132050,116.353996,39.865166,428950216,146963983,0,266,1,1,50#
64126,$JYJ,13311495007,20111101132318,116.358254,39.865417,428965936,146964931,13,358,0,0,50#
8115,$JYJ,13331038654,20111101132023,116.354980,39.866718,428953853,146969686,4,86,0,0,50#
76617,$JYJ,13311020944,20111101132855,116.353386,39.866932,428947942,146970465,0,90,0,0,50#
58593,$JYJ,13311431487,20111101132806,116.353714,39.865345,428949140,146964623,10,144,1,1,50#
35709,$JYJ,13301125488,20111101133147,116.358231,39.866936,428965850,146970534,13,356,1,1,50#
23534,$JYJ,13301214402,20111101133112,116.353363,39.866966,428947843,146970617,12,156,0,0,50#
10081,$JYJ,13311191441,20111101133027,116.359833,39.863911,428971761,146959361,0,272,0,0,50#
70013,$JYJ,13311191441,20111101133330,116.357948,39.863964,428964774,146959564,8,288,1,1,50#
84620,$JYJ,13311487269,20111101133419,116.353432,39.866413,428948120,146968557,0,150,0,0,50#
88213,$JYJ,13381153611,20111101133430,116.358254,39.862781,428965940,146955216,0,172,0,0,50#
42996,$JYJ,13311487269,20111101133721,116.353783,39.865036,428949401,146963489,6,154,1,1,50#
23439,$JYJ,13311489356,20111101133617,116.354187,39.861076,428950893,146948878,41,84,0,0,50#
86003,$JYJ,13311576745,20111101133940,116.353600,39.865410,428948749,146964850,10,318,1,1,50#
87003,$JYJ,13311579954,20111101133948,116.351685,39.860355,428941644,146946232,21,244,0,0,50#
46021,$JYJ,13331194184,20111101134219,116.359818,39.863960,428971711,146959553,19,78,1,1,50#
76188,$JYJ,13381083494,20111101134350,116.358368,39.865677,428966343,146965892,28,150,0,0,50#
1552,$JYJ,13381153640,20111101134002,116.359154,39.869068,428969229,146978384,17,264,1,1,50#
15662,$JYJ,13311191428,20111101134549,116.358147,39.869942,428965518,146981614,34,358,0,0,50#
82934,$JYJ,13311403696,20111101134924,116.359184,39.867271,428969368,146971771,38,72,0,0,50#
40493,$JYJ,13311431243,20111101134703,116.358170,39.864868,428965633,146962890,21,178,1,1,50#
28156,$JYJ,13331154727,20111101134624,116.353668,39.866913,428948987,146970418,21,70,1,1,50#
88876,$JYJ,13301157432,20111101135451,116.358269,39.862781,428965965,146955199,28,176,0,0,50#
19706,$JYJ,13311403746,20111101135104,116.359833,39.867722,428971773,146973414,0,42,0,0,50#
19117,$JYJ,13331159448,20111101135058,116.353317,39.862347,428947698,146953573,0,230,0,0,50#
66851,$JYJ,13331159448,20111101135337,116.353783,39.864231,428949399,146960533,21,8,1,1,50#
48774,$JYJ,13331185104,20111101135235,116.352768,39.866798,428945670,146969966,13,88,1,1,50#
55588,$JYJ,13331194777,20111101135810,116.358398,39.864216,428966458,146960482,28,0,1,1,50#
2508,$JYJ,13301208480,20111101140009,116.359116,39.869080,428969117,146978437,12,256,1,1,50#
56257,$JYJ,13311492224,20111101140255,116.358269,39.861416,428965987,146950179,0,186,1,1,50#
77498,$JYJ,13370122426,20111101140942,116.356438,39.867065,428959211,146970995,0,0,0,0,50#
78845,$JYJ,13370122426,20111101140946,116.356438,39.867065,428959236,146971001,0,0,0,0,50#
27121,$JYJ,13311495313,20111101141130,116.358452,39.860306,428966665,146946072,21,354,1,1,50#
2516,$JYJ,13331154920,20111101141004,116.358353,39.861774,428966305,146951506,17,178,0,0,50#
10441,$JYJ,13331154920,20111101141032,116.358315,39.860588,428966163,146947121,23,178,1,1,50#
25536,$JYJ,13301214657,20111101141620,116.355652,39.868721,428956328,146977080,26,262,1,1,50#
27575,$JYJ,13331154833,20111101141626,116.358131,39.866440,428965477,146968679,28,176,2,0,50#
27926,$JYJ,13370122426,20111101141616,116.356438,39.867065,428959221,146970991,0,0,0,0,50#
94669,$JYJ,13301214824,20111101142442,116.353684,39.866154,428949064,146967596,4,348,0,0,50#
54531,$JYJ,13301156480,20111101142748,116.353653,39.866058,428948924,146967264,0,166,0,0,50#
103982,$JYJ,13301156480,20111101142944,116.357269,39.865116,428962296,146963792,10,66,1,1,50#
63030,$JYJ,13301157764,20111101142805,116.357170,39.868889,428961904,146977714,15,254,1,1,50#
23124,$JYJ,13301272155,20111101142610,116.354767,39.865250,428953043,146964298,25,264,0,0,50#
44199,$JYJ,13331194012,20111101142719,116.357231,39.867405,428962134,146972230,0,106,0,0,50#
73281,$JYJ,13301156748,20111101143301,116.359085,39.863987,428969013,146959653,4,84,0,0,50#
32624,$JYJ,13301214214,20111101143121,116.358284,39.864246,428966054,146960617,0,340,1,1,50#
69165,$JYJ,13311403047,20111101143250,116.353668,39.865292,428948966,146964432,15,342,1,1,50#
102064,$JYJ,13311431087,20111101143415,116.355095,39.862698,428954260,146954859,15,170,0,0,50#
41411,$JYJ,13321164464,20111101143144,116.358566,39.864277,428967081,146960702,2,348,1,1,50#
69934,$JYJ,13301214736,20111101143757,116.358284,39.866833,428966038,146970155,0,310,1,1,50#
30580,$JYJ,13311431087,20111101143619,116.356270,39.863934,428958614,146959437,12,78,1,1,50#
37231,$JYJ,13381102624,20111101143632,116.350998,39.863983,428939138,146959577,0,92,0,0,50#
21991,$JYJ,13331194012,20111101144052,116.353897,39.865231,428949852,146964205,17,342,1,1,50#
75365,$JYJ,13311403050,20111101144809,116.358284,39.865120,428966030,146963831,0,356,1,1,50#
62106,$JYJ,13311488160,20111101144739,116.355164,39.861866,428954501,146951794,0,192,0,0,50#
15101,$JYJ,13321191491,20111101144541,116.357208,39.867455,428962053,146972414,17,70,1,1,50#
54486,$JYJ,13381100794,20111101144716,116.351463,39.866753,428940854,146969818,0,82,1,1,50#
41280,$JYJ,13301184139,20111101145143,116.357651,39.864288,428963679,146960770,4,184,0,0,50#
74860,$JYJ,13301184139,20111101145305,116.358086,39.864071,428965319,146959971,17,70,1,1,50#
98422,$JYJ,13301214112,20111101145408,116.358116,39.864063,428965393,146959918,30,176,1,1,50#
115618,$JYJ,13311431547,20111101145448,116.358215,39.862953,428965782,146955850,0,180,0,0,50#
5147,$JYJ,13311492134,20111101145011,116.358299,39.863236,428966108,146956892,13,354,1,1,50#
6107,$JYJ,13311470435,20111101145512,116.359253,39.869091,428969593,146978473,0,276,0,0,50#
18328,$JYJ,13331184786,20111101145550,116.359604,39.867825,428970908,146973787,15,76,0,0,50#
38183,$JYJ,13370122481,20111101145636,116.357819,39.869801,428964325,146981076,4,4,0,0,50#
58094,$JYJ,13301214488,20111101150222,116.359718,39.867924,428971324,146974153,12,64,1,1,50#
108030,$JYJ,13311565439,20111101150932,116.350754,39.866734,428938239,146969729,0,96,0,0,50#
12002,$JYJ,13321164516,20111101150534,116.354980,39.867168,428953846,146971357,2,52,1,1,50#
39000,$JYJ,13311403588,20111101151143,116.358047,39.867153,428965164,146971313,0,182,0,0,50#
62939,$JYJ,13311403588,20111101151258,116.358070,39.866680,428965238,146969588,6,170,1,1,50#
35927,$JYJ,13381153621,20111101151134,116.350716,39.866722,428938068,146969694,0,62,0,0,50#
15017,$JYJ,13311162491,20111101151536,116.353783,39.862350,428949418,146953598,21,190,0,0,50#
65560,$JYJ,13311489433,20111101151750,116.357948,39.867210,428964816,146971537,39,180,0,0,50#
9125,$JYJ,13311566403,20111101151521,116.358452,39.861072,428966662,146948901,15,356,1,1,50#
96435,$JYJ,13331053094,20111101151903,116.350281,39.866688,428936483,146969559,23,86,1,1,50#
108400,$JYJ,13381153621,20111101151457,116.358047,39.865196,428965156,146964087,8,104,1,1,50#
65817,$JYJ,13301207634,20111101152251,116.353767,39.864456,428949358,146961366,13,178,0,0,50#
458,$JYJ,13301214448,20111101152002,116.353836,39.861733,428949592,146951297,6,344,1,1,50#
77145,$JYJ,13311162491,20111101152324,116.358269,39.865665,428965996,146965847,19,352,1,1,50#
58622,$JYJ,13311431027,20111101152230,116.358452,39.860802,428966666,146947914,0,4,0,0,50#
92646,$JYJ,13311492119,20111101152402,116.358269,39.862381,428965958,146953730,23,172,1,1,50#
67193,$JYJ,13301254195,20111101152751,116.356064,39.868816,428957851,146977453,0,278,0,0,50#
49459,$JYJ,13311403592,20111101152704,116.358231,39.864849,428965824,146962838,26,354,1,1,50#
39764,$JYJ,13311495123,20111101152643,116.359474,39.867779,428970427,146973630,32,72,0,0,50#
25119,$JYJ,13311566941,20111101152603,116.353317,39.868595,428947681,146976609,23,262,1,1,50#
21928,$JYJ,13331156496,20111101152556,116.354034,39.868690,428950347,146976967,19,268,0,0,50#
64268,$JYJ,13301156452,20111101153747,116.353783,39.861675,428949405,146951105,0,176,0,0,50#
27021,$JYJ,13311426465,20111101153612,116.353950,39.866962,428950048,146970604,25,72,1,1,50#
70152,$JYJ,13311495197,20111101153758,116.355980,39.868794,428957509,146977369,0,266,0,0,50#
101499,$JYJ,13331194762,20111101153927,116.359047,39.867691,428968834,146973313,30,70,0,0,50#
84134,$JYJ,13311022014,20111101154330,116.355698,39.867230,428956494,146971594,19,76,1,1,50#
89398,$JYJ,13311191447,20111101154346,116.358284,39.860329,428966015,146946157,0,200,0,0,50#
93525,$JYJ,13311403511,20111101154359,116.358093,39.865330,428965333,146964610,0,0,0,0,50#
39058,$JYJ,13321174819,20111101154138,116.351532,39.866878,428941085,146970281,19,80,1,1,50#
102933,$JYJ,13331194623,20111101154423,116.356369,39.863899,428958973,146959301,0,104,1,1,50#
105640,$JYJ,13301208480,20111101154924,116.355736,39.867264,428956603,146971726,12,90,1,1,50#
53247,$JYJ,13311403358,20111101154710,116.354050,39.867004,428950390,146970740,28,74,1,1,50#
93866,$JYJ,13311489538,20111101154851,116.350403,39.866680,428936903,146969518,25,84,1,1,50#
80170,$JYJ,13301208469,20111101155319,116.358498,39.865635,428966813,146965709,15,348,1,1,50#
64177,$JYJ,13311487228,20111101155242,116.350769,39.866711,428938278,146969650,13,78,1,1,50#
3763,$JYJ,13331053094,20111101155510,116.355164,39.862575,428954518,146954430,0,194,0,0,50#
28879,$JYJ,13311488233,20111101160111,116.358116,39.865074,428965394,146963664,19,178,2,0,50#
36011,$JYJ,13331154812,20111101160129,116.358650,39.867573,428967370,146972869,17,72,1,1,50#
94923,$JYJ,13381100994,20111101160401,116.358254,39.862248,428965933,146953235,6,178,0,0,50#
101100,$JYJ,13311426334,20111101160911,116.358269,39.861492,428965992,146950442,4,234,1,1,50#
66205,$JYJ,13311576748,20111101160747,116.353737,39.866627,428949242,146969346,15,178,0,0,50#
114379,$JYJ,13311576748,20111101160948,116.353767,39.864739,428949347,146962399,0,132,1,1,50#
95511,$JYJ,13331156441,20111101160900,116.357902,39.869267,428964621,146979093,2,186,0,0,50#
21823,$JYJ,13381100994,20111101160553,116.358368,39.863152,428966328,146956563,38,354,1,1,50#
97794,$JYJ,13381235445,20111101160904,116.358254,39.861466,428965911,146950337,0,188,0,0,50#
1132,$JYJ,13301214554,20111101161001,116.353653,39.866348,428948946,146968331,10,356,1,1,50#
172,$JYJ,13311403583,20111101160958,116.359352,39.867779,428969980,146973648,41,78,0,0,50#
6547,$JYJ,13321164506,20111101161020,116.352310,39.866787,428943953,146969930,30,82,1,1,50#
4886,$JYJ,13311191406,20111101161513,116.355309,39.868759,428955061,146977210,13,260,1,1,50#
95514,$JYJ,13311431522,20111101161910,116.359550,39.864040,428970691,146959851,10,278,1,1,50#
38269,$JYJ,13321164528,20111101161641,116.357986,39.866234,428964915,146967945,19,148,0,0,50#
103737,$JYJ,13331063475,20111101161932,116.353584,39.868603,428948662,146976650,15,262,1,1,50#
88457,$JYJ,13331111485,20111101161850,116.358101,39.866303,428965373,146968198,41,178,0,0,50#
51660,$JYJ,13381101864,20111101161717,116.353729,39.865299,428949195,146964456,0,174,0,0,50#
102579,$JYJ,13331194330,20111101162423,116.357880,39.869125,428964524,146978597,12,178,0,0,50#
9735,$JYJ,13381101864,20111101162023,116.357300,39.868881,428962420,146977670,0,22,1,1,50#
13524,$JYJ,13311403358,20111101162534,116.358254,39.864250,428965942,146960604,13,174,1,1,50#
105851,$JYJ,13321174824,20111101162930,116.359230,39.864025,428969512,146959777,13,90,0,0,50#
53235,$JYJ,13331187124,20111101162717,116.353699,39.865559,428949109,146965425,21,172,0,0,50#
76194,$JYJ,13331187124,20111101162813,116.353714,39.865345,428949149,146964631,19,166,1,1,50#
9944,$JYJ,13331194330,20111101162522,116.354248,39.868629,428951115,146976733,30,262,1,1,50#
94647,$JYJ,13301104015,20111101163405,116.358299,39.861595,428966087,146950837,0,184,0,0,50#
91871,$JYJ,13311563409,20111101163402,116.358414,39.861996,428966512,146952322,30,358,1,1,50#
302,$JYJ,13321183488,20111101163002,116.358147,39.866234,428965508,146967936,28,0,0,0,50#
23557,$JYJ,13321183488,20111101163105,116.358200,39.866859,428965731,146970223,10,352,1,1,50#
89900,$JYJ,13370129351,20111101163353,116.359901,39.866772,428971995,146969907,0,76,0,0,50#
47435,$JYJ,13381096774,20111101163204,116.358200,39.865337,428965733,146964641,15,4,1,1,50#
47288,$JYJ,13381101974,20111101163747,116.358269,39.865734,428965957,146966102,15,358,1,1,50#
57353,$JYJ,13301272873,20111101164221,116.359032,39.866806,428968798,146970035,0,116,0,0,50#
69714,$JYJ,13311490919,20111101164257,116.358650,39.867432,428967400,146972352,30,68,1,1,50#
81621,$JYJ,13311492108,20111101164325,116.353699,39.866905,428949082,146970377,13,98,1,1,50#
83612,$JYJ,13321164782,20111101164335,116.358551,39.860100,428967014,146945332,17,338,1,1,50#
36516,$JYJ,13331156445,20111101164135,116.358200,39.860409,428965731,146946466,19,350,1,1,50#
30287,$JYJ,13301214154,20111101164616,116.353867,39.866867,428949737,146970251,10,66,1,1,50#
112231,$JYJ,13301251462,20111101164949,116.358513,39.864998,428966895,146963370,17,50,1,1,50#
2042,$JYJ,13311403748,20111101164503,116.358070,39.866474,428965265,146968830,4,198,0,0,50#
29358,$JYJ,13311403748,20111101164613,116.358452,39.865032,428966637,146963517,19,174,1,1,50#
16925,$JYJ,13331156466,20111101164541,116.358315,39.864224,428966133,146960523,25,358,0,0,50#
69621,$JYJ,13301156427,20111101165258,116.358330,39.866798,428966199,146970019,0,48,1,1,50#
48512,$JYJ,13311453282,20111101165206,116.359047,39.863945,428968857,146959487,6,98,0,0,50#
62215,$JYJ,13311488165,20111101165243,116.358047,39.869770,428965157,146980953,30,354,0,0,50#
47339,$JYJ,13311489489,20111101165207,116.357964,39.866280,428964847,146968111,26,174,1,1,50#
32304,$JYJ,13331093416,20111101165124,116.358284,39.864357,428966042,146961005,26,356,1,1,50#
24775,$JYJ,13381096542,20111101165106,116.358452,39.862785,428966662,146955212,10,354,1,1,50#
53197,$JYJ,13301157439,20111101165709,116.355568,39.865242,428956007,146964264,10,94,0,0,50#
96447,$JYJ,13301209674,20111101165928,116.358498,39.865204,428966807,146964150,0,82,0,0,50#
58377,$JYJ,13311426436,20111101165727,116.356064,39.865009,428957852,146963406,0,168,0,0,50#
81986,$JYJ,13301214878,20111101170346,116.358467,39.860367,428966710,146946293,15,356,1,1,50#
35805,$JYJ,13311426436,20111101170128,116.358231,39.866715,428965849,146969715,6,358,1,1,50#
106061,$JYJ,13311431252,20111101170448,116.358269,39.862175,428965997,146952983,17,176,1,1,50#
104278,$JYJ,13311431590,20111101170443,116.356918,39.867374,428961006,146972131,0,50,1,1,50#
10092,$JYJ,13311486343,20111101170027,116.358299,39.865845,428966070,146966512,17,354,1,1,50#
4886,$JYJ,13331194143,20111101170010,116.353867,39.866932,428949740,146970492,0,84,0,0,50#
47566,$JYJ,13331194143,20111101170226,116.357300,39.868832,428962404,146977507,28,250,1,1,50#
63761,$JYJ,13301155204,20111101170737,116.351448,39.868420,428940799,146975950,0,260,1,1,50#
95841,$JYJ,13311191462,20111101170901,116.353783,39.864868,428949415,146962879,13,168,0,0,50#
69462,$JYJ,13311488202,20111101170756,116.352417,39.863995,428944355,146959652,0,0,0,0,50#
74712,$JYJ,13311488202,20111101170800,116.352417,39.863995,428944347,146959652,0,0,0,0,50#
1999,$JYJ,13311492349,20111101170506,116.358383,39.865490,428966401,146965195,2,14,1,1,50#
67016,$JYJ,13311495038,20111101170746,116.358269,39.863071,428965961,146956286,8,176,1,1,50#
61251,$JYJ,13331154929,20111101170735,116.355453,39.867119,428955592,146971161,15,80,0,0,50#
18020,$JYJ,13311191462,20111101171046,116.353882,39.864540,428949771,146961670,8,20,1,1,50#
67430,$JYJ,13311431069,20111101171243,116.353783,39.862377,428949428,146953688,4,202,0,0,50#
87866,$JYJ,13311431585,20111101171335,116.354050,39.866924,428950387,146970436,19,74,1,1,50#
17530,$JYJ,13311453480,20111101171047,116.355133,39.865086,428954392,146963693,0,4,0,0,50#
36690,$JYJ,13311453480,20111101171133,116.355331,39.865173,428955136,146964002,15,86,1,1,50#
89917,$JYJ,13311488202,20111101171342,116.352417,39.863995,428944372,146959636,0,0,0,0,50#
94242,$JYJ,13311488202,20111101171353,116.352417,39.863995,428944345,146959653,0,0,0,0,50#
95208,$JYJ,13311488202,20111101171358,116.352417,39.863995,428944369,146959634,0,0,0,0,50#
9824,$JYJ,13331154929,20111101171021,116.356697,39.867329,428960186,146971954,0,76,1,1,50#
60754,$JYJ,13311431069,20111101171730,116.357170,39.867374,428961904,146972144,0,88,1,1,50#
99343,$JYJ,13311486279,20111101171905,116.357513,39.868923,428963192,146977850,6,242,1,1,50#
67109,$JYJ,13311488202,20111101171744,116.352417,39.863995,428944382,146959656,0,0,0,0,50#
81999,$JYJ,13301204854,20111101172320,116.358299,39.860989,428966078,146948608,13,178,0,0,50#
9243,$JYJ,13311488202,20111101172023,116.352417,39.863995,428944380,146959646,0,0,0,0,50#
18369,$JYJ,13321199445,20111101172047,116.359680,39.863918,428971170,146959412,28,264,1,1,50#
60491,$JYJ,13301214554,20111101172727,116.358017,39.866753,428965055,146969844,0,178,0,0,50#
61587,$JYJ,13301214554,20111101172734,116.358017,39.866760,428965070,146969863,6,170,1,1,50#
27133,$JYJ,13311426074,20111101172605,116.359901,39.867859,428971993,146973947,13,74,1,1,50#
86983,$JYJ,13311470403,20111101172837,116.350326,39.863403,428936661,146957444,8,182,0,0,50#
27988,$JYJ,13311495137,20111101172607,116.355904,39.865227,428957232,146964218,12,272,0,0,50#
79273,$JYJ,13311495137,20111101172815,116.353630,39.866627,428948839,146969340,2,8,1,1,50#
10886,$JYJ,13311577014,20111101172525,116.358353,39.866844,428966301,146970185,8,338,1,1,50#
13522,$JYJ,13331154846,20111101172529,116.358383,39.866669,428966393,146969530,0,16,1,1,50#
57647,$JYJ,13381063104,20111101172725,116.359497,39.869038,428970496,146978284,0,270,0,0,50#
62738,$JYJ,13301214624,20111101173239,116.350868,39.866692,428938655,146969588,19,86,1,1,50#
6615,$JYJ,13311403281,20111101173018,116.356865,39.867367,428960774,146972101,8,86,1,1,50#
118546,$JYJ,13381093034,20111101173453,116.358131,39.869324,428965473,146979320,10,352,1,1,50#
25197,$JYJ,13381100074,20111101173107,116.358223,39.865025,428965819,146963482,2,178,0,0,50#
16003,$JYJ,13301214878,20111101173539,116.356880,39.868839,428960832,146977538,21,258,1,1,50#
62414,$JYJ,13311191473,20111101173734,116.353500,39.868458,428948357,146976090,19,258,1,1,50#
93130,$JYJ,13311486391,20111101173853,116.358398,39.865650,428966457,146965764,0,356,0,0,50#
116958,$JYJ,13311486391,20111101173951,116.358170,39.866039,428965633,146967229,21,356,1,1,50#
39453,$JYJ,13321183431,20111101173638,116.358482,39.861717,428966785,146951294,25,356,1,1,50#
74072,$JYJ,13301155442,20111101174301,116.357552,39.868923,428963329,146977836,2,242,1,1,50#
85847,$JYJ,13311426333,20111101174333,116.359703,39.867802,428971259,146973721,0,76,0,0,50#
103522,$JYJ,13311426333,20111101174409,116.359886,39.867870,428971957,146973958,23,74,1,1,50#
6734,$JYJ,13321164876,20111101174013,116.358353,39.865848,428966296,146966504,15,348,0,0,50#
23257,$JYJ,13321164876,20111101174057,116.358215,39.866509,428965786,146968948,0,34,1,1,50#
87000,$JYJ,13321174819,20111101174332,116.358414,39.866734,428966504,146969763,15,4,1,1,50#
77512,$JYJ,13311403643,20111101174816,116.358231,39.863232,428965849,146956858,32,178,0,0,50#
44423,$JYJ,13381083411,20111101174653,116.357941,39.867157,428964777,146971320,0,0,0,0,50#
56920,$JYJ,13381083411,20111101174723,116.357941,39.867157,428964766,146971322,0,0,1,1,50#
40305,$JYJ,13311403643,20111101175138,116.358353,39.864166,428966298,146960317,10,0,1,1,50#
35083,$JYJ,13311495320,20111101175127,116.358353,39.865486,428966295,146965184,8,356,0,0,50#
5494,$JYJ,13381068964,20111101175010,116.358170,39.864399,428965632,146961167,10,172,1,1,50#
110903,$JYJ,13301156148,20111101175934,116.358185,39.864979,428965676,146963314,0,194,0,0,50#
112367,$JYJ,13301254176,20111101175937,116.353737,39.863152,428949237,146956555,0,186,0,0,50#
5067,$JYJ,13301156148,20111101180014,116.358284,39.864101,428966021,146960083,17,176,1,1,50#
36854,$JYJ,13301214239,20111101180628,116.359917,39.864078,428972056,146959989,10,264,1,1,50#
47529,$JYJ,13301254176,20111101180655,116.359787,39.867783,428971608,146973637,0,70,1,1,50#
40837,$JYJ,13381083411,20111101180643,116.358238,39.866646,428965879,146969440,0,0,0,0,50#
42662,$JYJ,13381083411,20111101180647,116.358238,39.866646,428965861,146969457,0,0,0,0,50#
67703,$JYJ,13301125447,20111101181247,116.358032,39.865890,428965095,146966667,0,184,0,0,50#
49427,$JYJ,13301164915,20111101181201,116.358849,39.865250,428968120,146964305,0,278,0,0,50#
17178,$JYJ,13311426257,20111101181045,116.358566,39.866825,428967089,146970128,0,0,0,0,50#
18989,$JYJ,13311426257,20111101181049,116.358566,39.866825,428967098,146970113,0,0,0,0,50#
41761,$JYJ,13311426257,20111101181143,116.358566,39.866825,428967079,146970115,0,0,0,0,50#
84194,$JYJ,13331190614,20111101181328,116.353653,39.866535,428948941,146969030,0,174,0,0,50#
9769,$JYJ,13331194559,20111101181025,116.351769,39.864365,428941967,146961011,17,342,0,0,50#
19489,$JYJ,13381083411,20111101181050,116.358238,39.866646,428965886,146969440,0,0,0,0,50#
19871,$JYJ,13301125447,20111101181549,116.356514,39.867310,428959510,146971897,19,78,1,1,50#
32662,$JYJ,13331063414,20111101181622,116.357933,39.867268,428964728,146971741,0,190,0,0,50#
57283,$JYJ,13331063414,20111101181724,116.357948,39.867268,428964800,146971749,0,146,1,1,50#
74317,$JYJ,13311488179,20111101182302,116.352852,39.868519,428945959,146976334,41,264,0,0,50#
50596,$JYJ,13311563466,20111101182204,116.353882,39.866951,428949777,146970558,6,70,1,1,50#
21671,$JYJ,13311431069,20111101182556,116.356934,39.867420,428961053,146972282,0,88,0,0,50#
68176,$JYJ,13311488202,20111101182747,116.352417,39.863995,428944351,146959635,0,0,0,0,50#
73354,$JYJ,13311495210,20111101182801,116.353584,39.862381,428948680,146953700,8,186,0,0,50#
6477,$JYJ,13331063494,20111101182513,116.358070,39.864578,428965245,146961837,15,356,1,1,50#
102776,$JYJ,13331184833,20111101182914,116.353668,39.868572,428949008,146976524,19,264,1,1,50#
15201,$JYJ,13311487110,20111101183040,116.358986,39.865307,428968640,146964503,6,308,0,0,50#
108218,$JYJ,13311488205,20111101183428,116.351967,39.866772,428942682,146969875,4,80,0,0,50#
76245,$JYJ,13311495301,20111101183306,116.359535,39.864033,428970636,146959827,0,88,1,1,50#
55227,$JYJ,13331154937,20111101183154,116.359383,39.869068,428970088,146978370,15,272,0,0,50#
52979,$JYJ,13331194692,20111101183214,116.354530,39.865284,428952149,146964420,0,294,0,0,50#
111313,$JYJ,13331194692,20111101183440,116.357468,39.865173,428963014,146964009,0,346,1,1,50#
111791,$JYJ,13301272130,20111101183940,116.357582,39.860550,428963456,146946978,8,244,0,0,50#
38801,$JYJ,13311403496,20111101183633,116.351234,39.868423,428940018,146975969,19,256,1,1,50#
100498,$JYJ,13311431335,20111101183909,116.354034,39.861118,428950321,146949030,15,266,0,0,50#
63663,$JYJ,13311487160,20111101183740,116.358353,39.865356,428966273,146964710,0,264,1,1,50#
65194,$JYJ,13311495210,20111101183744,116.358254,39.866386,428965928,146968479,19,354,1,1,50#
8785,$JYJ,13331063472,20111101183520,116.358116,39.869335,428965396,146979367,15,350,1,1,50#
66298,$JYJ,13311403492,20111101184246,116.353745,39.865765,428949277,146966164,10,358,0,0,50#
110942,$JYJ,13311403492,20111101184436,116.353920,39.866966,428949918,146970606,6,74,1,1,50#
67016,$JYJ,13370126440,20111101184248,116.357307,39.867393,428962434,146972204,13,76,1,1,50#
86313,$JYJ,13381232419,20111101184330,116.357170,39.868866,428961927,146977622,23,252,0,0,50#
58555,$JYJ,13311403487,20111101184724,116.358002,39.865513,428964999,146965257,12,344,0,0,50#
27945,$JYJ,13311403053,20111101185112,116.353714,39.868622,428949177,146976693,0,274,0,0,50#
107033,$JYJ,13311431430,20111101185422,116.352234,39.862240,428943705,146953172,0,196,0,0,50#
17141,$JYJ,13331154777,20111101185043,116.358269,39.865242,428965983,146964260,17,108,0,0,50#
79156,$JYJ,13311486347,20111101185815,116.353531,39.866192,428948489,146967750,26,176,0,0,50#
70014,$JYJ,13311492122,20111101185753,116.355187,39.865505,428954612,146965241,0,226,0,0,50#
112181,$JYJ,13331037174,20111101185941,116.357285,39.865234,428962364,146964242,0,222,0,0,50#
47403,$JYJ,13311486347,20111101190158,116.356697,39.865337,428960177,146964622,4,86,1,1,50#
11362,$JYJ,13331093478,20111101190028,116.351829,39.868462,428942216,146976113,19,260,1,1,50#
44328,$JYJ,13311021748,20111101190648,116.358131,39.865162,428965458,146963991,0,182,0,0,50#
9517,$JYJ,13311426115,20111101190526,116.358414,39.865017,428966531,146963461,4,0,1,1,50#
105939,$JYJ,13301214264,20111101191924,116.356430,39.865322,428959169,146964560,0,70,0,0,50#
97377,$JYJ,13311024044,20111101191859,116.354164,39.865189,428950812,146964039,13,256,0,0,50#
74663,$JYJ,13311431191,20111101191803,116.353600,39.864120,428948749,146960127,0,146,0,0,50#
68398,$JYJ,13321164432,20111101191747,116.357964,39.866833,428964860,146970131,4,178,0,0,50#
97645,$JYJ,13321164432,20111101191859,116.358170,39.863560,428965617,146958087,8,174,1,1,50#
3029,$JYJ,13321183496,20111101191509,116.359001,39.863918,428968705,146959404,8,270,1,1,50#
71710,$JYJ,13311581542,20111101192259,116.358185,39.865910,428965676,146966731,10,16,1,1,50#
84996,$JYJ,13331188564,20111101192331,116.359787,39.869133,428971586,146978640,2,264,1,1,50#
37039,$JYJ,13331192024,20111101192135,116.357948,39.865002,428964795,146963386,12,178,1,1,50#
12017,$JYJ,13311431220,20111101192527,116.358353,39.865452,428966307,146965064,10,350,1,1,50#
119911,$JYJ,13311453222,20111101193001,116.358452,39.862850,428966632,146955461,0,6,0,0,50#
21899,$JYJ,13321164458,20111101192554,116.351517,39.864769,428941024,146962500,0,38,0,0,50#
10616,$JYJ,13321174634,20111101192528,116.351242,39.866715,428940019,146969668,28,86,0,0,50#
48471,$JYJ,13311426167,20111101193201,116.351685,39.865471,428941652,146965064,0,348,0,0,50#
44095,$JYJ,13311565364,20111101193149,116.353554,39.868595,428948556,146976612,0,96,0,0,50#
73625,$JYJ,13311492057,20111101194304,116.357986,39.868233,428964948,146975306,36,176,0,0,50#
111256,$JYJ,13311585854,20111101194438,116.357933,39.867901,428964726,146974069,12,178,0,0,50#
27183,$JYJ,13370129376,20111101194109,116.351616,39.864407,428941422,146961169,2,6,0,0,50#
111403,$JYJ,13370129376,20111101194441,116.355598,39.865826,428956130,146966424,13,64,1,1,50#
102949,$JYJ,13311426491,20111101194914,116.358116,39.869404,428965407,146979606,0,352,0,0,50#
22510,$JYJ,13311495033,20111101194553,116.350304,39.861332,428936562,146949815,2,166,0,0,50#
64412,$JYJ,13301156543,20111101195239,116.357864,39.864353,428964494,146960981,15,352,1,1,50#
27367,$JYJ,13301272729,20111101195107,116.353180,39.868572,428947172,146976521,17,260,1,1,50#
54981,$JYJ,13311495347,20111101195221,116.357986,39.867180,428964946,146971407,30,176,0,0,50#
31651,$JYJ,13301214448,20111101195619,116.357735,39.867519,428964017,146972653,0,84,0,0,50#
29255,$JYJ,13311486453,20111101195616,116.355469,39.868542,428955646,146976422,28,262,0,0,50#
70843,$JYJ,13311486453,20111101195837,116.357765,39.868698,428964130,146977020,21,176,1,1,50#
59351,$JYJ,13321164485,20111101195803,116.357582,39.866333,428963421,146968282,15,174,0,0,50#
5488,$JYJ,13331156471,20111101195515,116.358299,39.864681,428966104,146962202,2,70,0,0,50#
73770,$JYJ,13381083497,20111101195841,116.358963,39.869034,428968529,146978241,8,266,1,1,50#
46408,$JYJ,13311487104,20111101200200,116.358116,39.866089,428965431,146967388,0,176,0,0,50#
116528,$JYJ,13331154730,20111101200455,116.352234,39.866772,428943676,146969890,52,82,0,0,50#
76431,$JYJ,13311431008,20111101200816,116.358101,39.863991,428965358,146959645,0,116,0,0,50#
65253,$JYJ,13311492160,20111101200744,116.355850,39.868648,428957060,146976820,12,264,1,1,50#
35696,$JYJ,13331063452,20111101200631,116.357933,39.866951,428964748,146970562,0,182,0,0,50#
61819,$JYJ,13311431008,20111101201236,116.358315,39.864449,428966131,146961332,12,356,1,1,50#
115694,$JYJ,13311488241,20111101201445,116.358467,39.861172,428966727,146949285,21,174,0,0,50#
59748,$JYJ,13311489648,20111101201231,116.354439,39.868648,428951844,146976804,34,266,0,0,50#
103564,$JYJ,13311489648,20111101201418,116.353416,39.868607,428948074,146976641,0,0,0,0,50#
52188,$JYJ,13311570481,20111101201209,116.358170,39.865944,428965601,146966858,32,182,0,0,50#
100749,$JYJ,13301214800,20111101201908,116.353851,39.866978,428949657,146970633,6,74,0,0,50#
66464,$JYJ,13311403644,20111101201743,116.357765,39.866413,428964114,146968602,38,176,0,0,50#
37037,$JYJ,13311431073,20111101201635,116.358330,39.865910,428966214,146966752,0,356,0,0,50#
5524,$JYJ,13311488215,20111101201512,116.353699,39.866955,428949106,146970569,0,60,0,0,50#
2169,$JYJ,13311489648,20111101201507,116.353416,39.868607,428948075,146976654,0,0,0,0,50#
50996,$JYJ,13301155145,20111101202206,116.355118,39.862041,428954320,146952466,0,154,0,0,50#
118313,$JYJ,13301214748,20111101202454,116.358681,39.867607,428967496,146973009,21,88,0,0,50#
67728,$JYJ,13311403596,20111101202745,116.358330,39.861263,428966197,146949590,21,202,0,0,50#
33945,$JYJ,13321164759,20111101202622,116.358932,39.861454,428968433,146950297,21,150,1,1,50#
43394,$JYJ,13311021184,20111101203146,116.357483,39.861225,428963069,146949458,36,88,1,1,50#
13382,$JYJ,13311021584,20111101203032,116.357765,39.868938,428964132,146977902,15,242,0,0,50#
20452,$JYJ,13311486517,20111101203051,116.358215,39.862923,428965785,146955710,4,178,0,0,50#
82518,$JYJ,13311486517,20111101203325,116.358398,39.864197,428966450,146960408,15,354,1,1,50#
48060,$JYJ,13311492190,20111101203159,116.358452,39.864960,428966653,146963228,0,154,0,0,50#
51709,$JYJ,13321174590,20111101203707,116.358917,39.866863,428968394,146970268,0,278,0,0,50#
15824,$JYJ,13321174618,20111101203542,116.354324,39.868671,428951414,146976910,0,76,0,0,50#
75752,$JYJ,13331194439,20111101203806,116.358086,39.869709,428965313,146980730,32,356,0,0,50#
106221,$JYJ,13311470472,20111101204441,116.351685,39.864101,428941638,146960033,0,0,0,0,50#
39148,$JYJ,13301155340,20111101204638,116.353653,39.866226,428948940,146967874,0,182,0,0,50#
74166,$JYJ,13301214214,20111101204808,116.358383,39.863033,428966420,146956133,4,346,0,0,50#
26499,$JYJ,13301214804,20111101204606,116.358116,39.869366,428965406,146979465,10,346,1,1,50#
44879,$JYJ,13311470472,20111101204655,116.353828,39.865021,428949572,146963418,8,24,1,1,50#
5330,$JYJ,13331154963,20111101204511,116.358513,39.864391,428966874,146961129,2,228,0,0,50#
26791,$JYJ,13331154963,20111101204607,116.358398,39.865284,428966469,146964430,26,354,1,1,50#
81320,$JYJ,13311495326,20111101205325,116.353554,39.865677,428948553,146965860,4,168,0,0,50#
101504,$JYJ,13311495326,20111101205414,116.353554,39.865677,428948564,146965839,15,4,1,1,50#
8151,$JYJ,13311576245,20111101205018,116.358254,39.864735,428965905,146962419,0,336,0,0,50#
42628,$JYJ,13331154900,20111101205147,116.355453,39.869926,428955571,146981542,6,260,0,0,50#
12247,$JYJ,13381235435,20111101205026,116.358215,39.862648,428965780,146954700,0,178,0,0,50#
2222,$JYJ,13301254035,20111101205503,116.359970,39.866783,428972264,146969966,0,88,0,0,50#
49834,$JYJ,13301254267,20111101205706,116.359200,39.869137,428969399,146978638,0,6,0,0,50#
39418,$JYJ,13311426476,20111101205644,116.358330,39.861229,428966196,146949493,19,178,1,1,50#
25768,$JYJ,13381068964,20111101205605,116.358284,39.862045,428966020,146952501,0,178,1,1,50#
29090,$JYJ,13301104036,20111101210613,116.355270,39.865269,428954920,146964361,0,52,0,0,50#
32907,$JYJ,13301254035,20111101210622,116.358414,39.860077,428966516,146945237,30,358,1,1,50#
12065,$JYJ,13311403101,20111101210533,116.358131,39.865437,428965471,146964975,12,174,0,0,50#
4992,$JYJ,13311470472,20111101210514,116.355621,39.862808,428956204,146955281,28,90,0,0,50#
95847,$JYJ,13311470472,20111101210901,116.358307,39.864288,428966105,146960772,15,352,1,1,50#
97268,$JYJ,13311489635,20111101210905,116.353584,39.865807,428948685,146966339,0,180,1,1,50#
34182,$JYJ,13311403533,20111101211124,116.358437,39.860462,428966614,146946670,0,356,0,0,50#
53011,$JYJ,13311403533,20111101211210,116.358398,39.862793,428966456,146955262,23,356,1,1,50#
11182,$JYJ,13311470419,20111101211029,116.357834,39.869732,428964375,146980823,23,174,1,1,50#
51600,$JYJ,13321164521,20111101211207,116.355514,39.865280,428955800,146964388,13,276,0,0,50#
16977,$JYJ,13311486230,20111101211545,116.353851,39.864788,428949679,146962581,8,172,1,1,50#
48686,$JYJ,13311486549,20111101211700,116.353783,39.862743,428949389,146955038,0,192,0,0,50#
80883,$JYJ,13311486549,20111101211819,116.353798,39.863663,428949451,146958439,6,358,1,1,50#
2370,$JYJ,13311583874,20111101211504,116.358635,39.867527,428967329,146972690,0,350,0,0,50#
24501,$JYJ,13321164521,20111101211603,116.352097,39.868450,428943167,146976060,8,264,1,1,50#
87133,$JYJ,13301214204,20111101212329,116.355217,39.865261,428954691,146964340,15,74,1,1,50#
91332,$JYJ,13331194301,20111101212339,116.358414,39.864517,428966530,146961610,0,2,0,0,50#
87402,$JYJ,13381069142,20111101212331,116.353554,39.868584,428948581,146976571,12,262,1,1,50#
30477,$JYJ,13301254527,20111101212611,116.358849,39.866642,428968119,146969450,10,244,1,1,50#
74792,$JYJ,13381069142,20111101212802,116.350517,39.863060,428937341,146956166,0,48,0,0,50#
69293,$JYJ,13311403489,20111101213251,116.358459,39.861057,428966694,146948835,28,358,0,0,50#
25476,$JYJ,13311470479,20111101213106,116.358162,39.866039,428965566,146967204,12,358,1,1,50#
43791,$JYJ,13321199945,20111101213147,116.351532,39.866661,428941113,146969478,0,74,0,0,50#
107217,$JYJ,13321199945,20111101213419,116.356819,39.867371,428960615,146972102,17,54,1,1,50#
56677,$JYJ,13301155441,20111101213721,116.358215,39.864685,428965786,146962229,19,354,1,1,50#
34869,$JYJ,13301214160,20111101213630,116.353447,39.866878,428948180,146970263,13,88,0,0,50#
86647,$JYJ,13311495126,20111101213839,116.353752,39.868595,428949279,146976604,2,268,0,0,50#
72951,$JYJ,13331063487,20111101213801,116.354500,39.867046,428952071,146970891,0,80,0,0,50#
89361,$JYJ,13331156417,20111101213840,116.353783,39.866978,428949420,146970631,19,72,1,1,50#
94152,$JYJ,13301157498,20111101214356,116.359520,39.863930,428970587,146959453,4,92,0,0,50#
89253,$JYJ,13301204852,20111101214342,116.358299,39.864845,428966104,146962804,4,352,1,1,50#
93234,$JYJ,13311470372,20111101214353,116.358330,39.864365,428966224,146961032,8,356,1,1,50#
66758,$JYJ,13311480778,20111101214245,116.358215,39.862846,428965769,146955431,0,192,0,0,50#
85277,$JYJ,13311486207,20111101214333,116.358070,39.865200,428965227,146964119,0,188,0,0,50#
43058,$JYJ,13311486250,20111101214147,116.354599,39.865116,428952402,146963778,0,272,0,0,50#
100918,$JYJ,13311486250,20111101214413,116.354286,39.867081,428951282,146971019,41,76,1,1,50#
20429,$JYJ,13311495126,20111101214054,116.352058,39.868443,428943051,146976039,15,262,1,1,50#
95885,$JYJ,13311579994,20111101214400,116.357948,39.867607,428964816,146972988,2,220,0,0,50#
29314,$JYJ,13321183458,20111101214612,116.358002,39.867008,428964974,146970785,0,178,0,0,50#
1925,$JYJ,13331154757,20111101214503,116.353867,39.865337,428949739,146964601,6,68,0,0,50#
110836,$JYJ,13301156497,20111101215434,116.355553,39.867214,428955960,146971524,12,74,1,1,50#
108710,$JYJ,13311024024,20111101215429,116.358116,39.867119,428965397,146971183,25,0,1,1,50#
65395,$JYJ,13311426405,20111101215246,116.354240,39.865147,428951114,146963893,32,266,0,0,50#
72017,$JYJ,13311480713,20111101215257,116.356987,39.861313,428961241,146949793,4,298,0,0,50#
7667,$JYJ,13311431562,20111101215516,116.352531,39.862328,428944772,146953508,0,240,0,0,50#
82957,$JYJ,13311453317,20111101215830,116.358444,39.861340,428966629,146949889,32,358,0,0,50#
49931,$JYJ,13311489380,20111101215705,116.353302,39.868576,428947629,146976541,4,270,0,0,50#
69660,$JYJ,13311489380,20111101215755,116.352386,39.868446,428944250,146976062,49,264,1,1,50#
74416,$JYJ,13381066764,20111101215810,116.358231,39.863087,428965847,146956344,0,178,0,0,50#
94008,$JYJ,13301214204,20111101220353,116.352119,39.866810,428943282,146970001,19,80,1,1,50#
28645,$JYJ,13311431562,20111101220111,116.351669,39.868401,428941611,146975878,26,260,1,1,50#
32955,$JYJ,13331194564,20111101220127,116.352402,39.862087,428944290,146952602,4,176,0,0,50#
109876,$JYJ,13311024074,20111101220928,116.358666,39.863934,428967423,146959447,0,0,0,0,50#
36827,$JYJ,13331194564,20111101220631,116.353752,39.865097,428949305,146963698,10,82,1,1,50#
103456,$JYJ,13301204802,20111101221416,116.358383,39.866772,428966414,146969909,2,324,1,1,50#
20462,$JYJ,13311431243,20111101221050,116.358254,39.864521,428965938,146961601,12,176,1,1,50#
47024,$JYJ,13321164600,20111101221156,116.358215,39.865952,428965774,146966875,21,356,1,1,50#
9482,$JYJ,13331194162,20111101221023,116.358299,39.864567,428966074,146961772,32,0,0,0,50#
59002,$JYJ,13301127452,20111101221725,116.358330,39.863243,428966184,146956897,26,356,1,1,50#
103534,$JYJ,13301214626,20111101221916,116.353630,39.861145,428948839,146949157,2,348,0,0,50#
112251,$JYJ,13301277708,20111101221938,116.351601,39.864044,428941339,146959832,0,232,0,0,50#
104626,$JYJ,13311191479,20111101221916,116.358131,39.864643,428965478,146962065,2,350,1,1,50#
20085,$JYJ,13311300764,20111101221549,116.353401,39.866878,428947995,146970291,2,68,1,1,50#
96577,$JYJ,13331194821,20111101221856,116.358833,39.866596,428968061,146969273,0,34,0,0,50#
23304,$JYJ,13301277708,20111101222056,116.353699,39.865383,428949107,146964771,23,330,1,1,50#
78831,$JYJ,13311431504,20111101222311,116.358147,39.864632,428965541,146962033,15,162,1,1,50#
82384,$JYJ,13311480791,20111101222820,116.358116,39.865372,428965401,146964746,0,188,0,0,50#
36958,$JYJ,13311486350,20111101222635,116.358284,39.860428,428966054,146946521,0,178,0,0,50#
91712,$JYJ,13311191441,20111101223348,116.358185,39.863998,428965660,146959677,6,264,0,0,50#
52458,$JYJ,13381078294,20111101223215,116.356201,39.863911,428958321,146959357,0,228,0,0,50#
61615,$JYJ,13301155874,20111101224234,116.358284,39.865356,428966021,146964699,10,272,1,1,50#
21262,$JYJ,13311581407,20111101224053,116.359619,39.864128,428970979,146960184,0,286,1,1,50#
38601,$JYJ,13381096704,20111101224135,116.352035,39.863132,428942974,146956446,6,276,0,0,50#
15724,$JYJ,13301125475,20111101224542,116.353783,39.866051,428949401,146967223,2,20,0,0,50#
7709,$JYJ,13311431243,20111101224517,116.358269,39.862900,428965993,146955631,15,174,1,1,50#
20789,$JYJ,13311486233,20111101224554,116.358872,39.863979,428968218,146959637,25,88,1,1,50#
86354,$JYJ,13311489555,20111101224833,116.358101,39.865879,428965358,146966633,0,24,0,0,50#
47817,$JYJ,13331194345,20111101224700,116.351753,39.863720,428941906,146958607,17,180,0,0,50#
75262,$JYJ,13381271940,20111101224801,116.358215,39.864788,428965770,146962588,0,354,1,1,50#
912,$JYJ,13311426273,20111101225000,116.358131,39.865219,428965466,146964202,8,190,0,0,50#
1224,$JYJ,13311426273,20111101225006,116.358131,39.864933,428965488,146963125,34,178,1,1,50#
35681,$JYJ,13311486572,20111101225131,116.353699,39.864895,428949099,146962958,0,174,0,0,50#
79417,$JYJ,13331156481,20111101225319,116.355034,39.863174,428954047,146956646,4,182,0,0,50#
113733,$JYJ,13331156481,20111101225441,116.356682,39.864044,428960136,146959835,6,108,1,1,50#
19197,$JYJ,13381068143,20111101225046,116.350586,39.866653,428937590,146969442,6,92,0,0,50#
68589,$JYJ,13381068143,20111101225249,116.356483,39.867329,428959375,146971945,15,78,1,1,50#
65310,$JYJ,13321164415,20111101225748,116.354210,39.865234,428951008,146964208,0,0,0,0,50#
71055,$JYJ,13331194345,20111101225803,116.353813,39.864605,428949514,146961906,10,4,1,1,50#
93199,$JYJ,13331194363,20111101225855,116.359550,39.863991,428970727,146959680,0,136,0,0,50#
25514,$JYJ,13301155034,20111101230102,116.358383,39.862579,428966405,146954462,0,358,0,0,50#
31286,$JYJ,13311470332,20111101230119,116.357323,39.863964,428962474,146959547,0,0,0,0,50#
71258,$JYJ,13311470332,20111101230259,116.357323,39.863964,428962483,146959556,0,0,0,0,50#
100188,$JYJ,13311470332,20111101230412,116.358284,39.861301,428966032,146949763,21,176,1,1,50#
12164,$JYJ,13321164415,20111101230032,116.358581,39.864048,428967152,146959888,12,264,1,1,50#
90952,$JYJ,13321164515,20111101230344,116.359352,39.869621,428969993,146980425,21,150,0,0,50#
39853,$JYJ,13301214437,20111101230640,116.353134,39.866459,428946997,146968722,0,152,0,0,50#
63989,$JYJ,13311426333,20111101230743,116.358284,39.869049,428966049,146978323,0,260,0,0,50#
17558,$JYJ,13321174735,20111101230543,116.358086,39.865158,428965322,146963962,12,178,1,1,50#
87999,$JYJ,13301157674,20111101231336,116.359154,39.869022,428969267,146978232,15,244,1,1,50#
94660,$JYJ,13321199480,20111101231858,116.358620,39.867573,428967270,146972858,13,72,1,1,50#
107624,$JYJ,13301214291,20111101232427,116.358353,39.864292,428966288,146960757,0,350,0,0,50#
67233,$JYJ,13331194198,20111101232248,116.356186,39.864018,428958280,146959763,0,244,0,0,50#
6462,$JYJ,13331194198,20111101232515,116.358284,39.864769,428966026,146962518,13,358,1,1,50#
20049,$JYJ,13311426159,20111101233049,116.358185,39.863857,428965666,146959159,12,176,1,1,50#
44516,$JYJ,13331184834,20111101233149,116.358299,39.860249,428966098,146945856,30,182,0,0,50#
47418,$JYJ,13331154770,20111101233701,116.352631,39.862324,428945134,146953483,8,234,0,0,50#
29387,$JYJ,13331194995,20111101233616,116.358513,39.867218,428966875,146971547,26,2,1,1,50#
111299,$JYJ,13311453366,20111101234443,116.353767,39.866936,428949347,146970496,0,88,0,0,50#
34771,$JYJ,13331154770,20111101234131,116.358269,39.861424,428965974,146950204,0,180,1,1,50#
67337,$JYJ,13311453366,20111101234756,116.358147,39.869430,428965540,146979725,10,358,1,1,50#
22156,$JYJ,13301156744,20111101235056,116.358398,39.860718,428966448,146947604,0,174,1,1,50#
37726,$JYJ,13301272048,20111101235134,116.359749,39.867794,428971428,146973691,0,80,0,0,50#
3718,$JYJ,13311470480,20111101235011,116.355125,39.862656,428954387,146954735,12,178,0,0,50#
61134,$JYJ,13311495371,20111101235235,116.357170,39.868832,428961903,146977492,25,252,1,1,50#
33948,$JYJ,13381271940,20111101235124,116.354530,39.865238,428952190,146964235,0,268,0,0,50#
17577,$JYJ,13311470480,20111101235548,116.358276,39.864395,428966001,146961141,28,354,1,1,50#
13756,$JYJ,13321180142,20111101235537,116.351082,39.866619,428939442,146969315,28,262,0,0,50#
44836,$JYJ,13321180142,20111101235654,116.351585,39.866669,428941293,146969505,8,84,1,1,50#
91412,$JYJ,13381095547,20111101235857,116.358437,39.861797,428966575,146951579,0,4,0,0,50#
