44660,$JYJ,13311403120,20111101000213,116.380234,39.854885,429047072,146926178,13,176,1,1,50#
48117,$JYJ,13311431243,20111101000218,116.380615,39.851200,429048467,146912616,12,172,1,1,50#
35522,$JYJ,13311486585,20111101000146,116.388275,39.852459,429076717,146917264,4,274,0,0,50#
58927,$JYJ,13381077421,20111101000252,116.380432,39.853035,429047795,146919382,0,190,0,0,50#
66635,$JYJ,13301156746,20111101000822,116.384415,39.859558,429062504,146943449,4,344,0,0,50#
37191,$JYJ,13321183476,20111101000656,116.386330,39.855888,429069572,146929911,13,266,1,1,50#
83212,$JYJ,13321183495,20111101000916,116.385719,39.859837,429067310,146944454,0,6,1,1,50#
39181,$JYJ,13321183476,20111101001155,116.384468,39.850685,429062696,146910739,0,32,0,0,50#
59140,$JYJ,13301272735,20111101001802,116.380768,39.851471,429049045,146913597,13,0,1,1,50#
46644,$JYJ,13321180458,20111101001726,116.380386,39.852962,429047610,146919092,8,194,0,0,50#
41428,$JYJ,13321199784,20111101001711,116.380882,39.851177,429049457,146912517,12,352,1,1,50#
87334,$JYJ,13311486211,20111101002428,116.381920,39.855476,429053285,146928383,19,94,0,0,50#
13913,$JYJ,13311022834,20111101002535,116.380669,39.859383,429048657,146942792,26,182,1,1,50#
21908,$JYJ,13311403261,20111101002601,116.389450,39.857521,429081089,146935950,0,284,0,0,50#
51090,$JYJ,13321164304,20111101002731,116.380501,39.853088,429048049,146919567,2,170,0,0,50#
18939,$JYJ,13321164897,20111101003054,116.380783,39.850815,429049087,146911198,0,4,1,1,50#
83313,$JYJ,13301214874,20111101003906,116.380653,39.852924,429048627,146918979,10,176,0,0,50#
43300,$JYJ,13311022834,20111101003706,116.380730,39.850971,429048899,146911768,26,176,1,1,50#
25567,$JYJ,13321191492,20111101003616,116.386749,39.855450,429071098,146928279,0,0,0,0,50#
78955,$JYJ,13331154907,20111101004347,116.380714,39.853317,429048821,146920408,15,164,0,0,50#
55818,$JYJ,13331194914,20111101004240,116.388153,39.855713,429076292,146929284,4,288,0,0,50#
26291,$JYJ,13331154854,20111101004616,116.380920,39.859646,429049583,146943751,13,346,1,1,50#
79030,$JYJ,13331194768,20111101004854,116.388214,39.855492,429076496,146928452,15,78,1,1,50#
89029,$JYJ,13301254029,20111101005424,116.380585,39.852875,429048340,146918798,0,160,0,0,50#
1929,$JYJ,13311487151,20111101005004,116.385979,39.859703,429068279,146943983,8,348,1,1,50#
52744,$JYJ,13321164442,20111101005238,116.387955,39.852329,429075548,146916804,8,176,0,0,50#
65087,$JYJ,13311022834,20111101005815,116.380730,39.851357,429048878,146913180,25,8,1,1,50#
76595,$JYJ,13311403527,20111101005846,116.386131,39.855877,429068826,146929858,47,270,0,0,50#
55363,$JYJ,13331194998,20111101005744,116.385132,39.859856,429065124,146944526,17,272,1,1,50#
24407,$JYJ,13381102724,20111101005612,116.380928,39.851265,429049629,146912867,0,0,0,0,50#
45564,$JYJ,13381102724,20111101005715,116.380928,39.851265,429049640,146912859,0,0,0,0,50#
64513,$JYJ,13301272059,20111101010820,116.381584,39.855888,429052066,146929903,10,270,0,0,50#
12326,$JYJ,13321174661,20111101010534,116.380768,39.852917,429049032,146918954,19,356,1,1,50#
6875,$JYJ,13381102724,20111101010519,116.388084,39.852547,429076015,146917595,0,0,0,0,50#
7893,$JYJ,13381102724,20111101010523,116.388084,39.852547,429076032,146917595,0,0,0,0,50#
60994,$JYJ,13381102724,20111101010812,116.388084,39.852547,429076027,146917602,0,0,0,0,50#
5454,$JYJ,13331194998,20111101011012,116.380653,39.851162,429048612,146912481,23,178,1,1,50#
80044,$JYJ,13311492175,20111101011907,116.380630,39.853180,429048548,146919922,26,358,1,1,50#
78130,$JYJ,13301214494,20111101012906,116.380714,39.856186,429048831,146931001,25,346,0,0,50#
25142,$JYJ,13311490959,20111101012620,116.388084,39.854069,429076044,146923219,12,0,1,1,50#
74489,$JYJ,13331184802,20111101012855,116.381149,39.850868,429050424,146911382,0,186,0,0,50#
52003,$JYJ,13311489452,20111101013749,116.386581,39.855991,429070501,146930291,0,280,0,0,50#
39430,$JYJ,13301214192,20111101015708,116.380600,39.851284,429048438,146912908,0,160,0,0,50#
1858,$JYJ,13301254135,20111101015459,116.384567,39.858246,429063052,146938582,13,250,0,0,50#
79477,$JYJ,13331154794,20111101015925,116.380714,39.851013,429048828,146911933,0,8,1,1,50#
75757,$JYJ,13301174954,20111101020408,116.383301,39.859295,429058368,146942462,0,120,2,0,50#
86683,$JYJ,13301214179,20111101020954,116.382927,39.852177,429056984,146916221,0,0,0,0,50#
16590,$JYJ,13311488241,20111101020550,116.385353,39.855816,429065962,146929631,2,124,1,1,50#
33,$JYJ,13301214179,20111101020958,116.382927,39.852177,429056996,146916226,0,0,0,0,50#
68799,$JYJ,13301254135,20111101021851,116.385864,39.855793,429067864,146929557,28,274,1,1,50#
26837,$JYJ,13321164520,20111101021629,116.387466,39.855854,429073762,146929781,25,262,1,1,50#
87338,$JYJ,13381153638,20111101021958,116.384064,39.855450,429061198,146928301,0,104,0,0,50#
12370,$JYJ,13301254527,20111101022043,116.380669,39.852066,429048662,146915817,41,358,0,0,50#
15168,$JYJ,13381068774,20111101022546,116.384232,39.851200,429061798,146912631,8,164,0,0,50#
17554,$JYJ,13301104030,20111101023601,116.384331,39.858829,429062169,146940749,0,270,0,0,50#
1567,$JYJ,13311403483,20111101023500,116.386047,39.859741,429068500,146944123,8,0,0,0,50#
25152,$JYJ,13311403483,20111101023623,116.385986,39.859638,429068291,146943738,13,174,1,1,50#
56185,$JYJ,13311403648,20111101030819,116.380364,39.854488,429047542,146924729,0,186,0,0,50#
67171,$JYJ,13311431188,20111101031355,116.380096,39.850094,429046537,146908533,15,148,1,1,50#
10668,$JYJ,13301214607,20111101032035,116.380714,39.859032,429048847,146941488,2,50,1,1,50#
79218,$JYJ,13321199438,20111101033949,116.384613,39.855850,429063221,146929772,34,268,1,1,50#
33249,$JYJ,13301272325,20111101042205,116.381035,39.859299,429050014,146942469,10,88,1,1,50#
69334,$JYJ,13311480768,20111101043925,116.381752,39.855469,429052669,146928367,12,84,1,1,50#
10655,$JYJ,13311453207,20111101045036,116.387131,39.855621,429072498,146928929,10,84,1,1,50#
52896,$JYJ,13331154779,20111101045319,116.388069,39.855556,429075990,146928686,21,96,0,0,50#
4809,$JYJ,13301156475,20111101050013,116.387932,39.851532,429075455,146913868,6,60,0,0,50#
78339,$JYJ,13311495132,20111101050446,116.388397,39.855457,429077201,146928335,4,88,1,1,50#
83172,$JYJ,13311486351,20111101051952,116.380669,39.855991,429048652,146930280,21,344,1,1,50#
80389,$JYJ,13301204933,20111101052438,116.380615,39.859344,429048489,146942649,10,132,0,0,50#
21341,$JYJ,13311489344,20111101052109,116.388733,39.852005,429078434,146915611,0,268,0,0,50#
25606,$JYJ,13331154706,20111101052124,116.380135,39.855900,429046713,146929920,13,4,0,0,50#
56115,$JYJ,13331154815,20111101052316,116.383736,39.859344,429060010,146942657,10,292,1,1,50#
25502,$JYJ,13301204933,20111101052626,116.380783,39.859467,429049096,146943071,13,292,1,1,50#
80224,$JYJ,13311486304,20111101052932,116.382080,39.855503,429053895,146928488,26,88,1,1,50#
45963,$JYJ,13331194905,20111101052734,116.384697,39.859569,429063540,146943481,2,326,1,1,50#
45572,$JYJ,13301214179,20111101053234,116.382927,39.852177,429057021,146916231,0,0,0,0,50#
89012,$JYJ,13311492071,20111101053955,116.380981,39.851528,429049844,146913822,25,0,1,1,50#
86121,$JYJ,13331156483,20111101053946,116.380615,39.851780,429048484,146914749,34,178,0,0,50#
1647,$JYJ,13331154815,20111101053959,116.380630,39.859749,429048536,146944142,12,336,1,1,50#
38432,$JYJ,13331156483,20111101054204,116.380684,39.858574,429048714,146939811,15,358,1,1,50#
86877,$JYJ,13311453384,20111101055434,116.380714,39.853890,429048858,146922516,15,356,1,1,50#
85505,$JYJ,13311489418,20111101055434,116.388084,39.857441,429076048,146935654,8,32,1,1,50#
57031,$JYJ,13311495245,20111101055303,116.385086,39.855927,429064992,146930063,8,266,0,0,50#
63946,$JYJ,13311495245,20111101055821,116.381500,39.855923,429051746,146930039,32,268,1,1,50#
9064,$JYJ,13301214654,20111101060529,116.380569,39.850986,429048326,146911828,23,350,1,1,50#
58863,$JYJ,13311021074,20111101060758,116.380630,39.858822,429048523,146940699,17,356,1,1,50#
68475,$JYJ,13311489358,20111101060835,116.389183,39.852520,429080106,146917505,17,268,1,1,50#
27179,$JYJ,13301214520,20111101061119,116.388115,39.852478,429076139,146917356,10,322,1,1,50#
48933,$JYJ,13311431069,20111101061227,116.380470,39.850788,429047958,146911078,4,352,1,1,50#
65253,$JYJ,13311489324,20111101061819,116.389504,39.855488,429081282,146928446,0,100,0,0,50#
70133,$JYJ,13311403178,20111101062328,116.380501,39.858990,429048066,146941311,19,180,1,1,50#
33035,$JYJ,13301214154,20111101062635,116.382713,39.859436,429056202,146942978,17,260,1,1,50#
90395,$JYJ,13311191409,20111101062924,116.387901,39.855507,429075357,146928492,15,94,1,1,50#
22264,$JYJ,13311495055,20111101062602,116.382713,39.855881,429056224,146929877,32,264,1,1,50#
16298,$JYJ,13311495198,20111101062546,116.385147,39.855434,429065202,146928218,13,76,1,1,50#
82203,$JYJ,13301214447,20111101063859,116.386764,39.859295,429071162,146942480,15,272,1,1,50#
69490,$JYJ,13311022064,20111101063822,116.381287,39.859501,429050968,146943223,28,268,1,1,50#
54743,$JYJ,13301156423,20111101064233,116.387352,39.855595,429073336,146928836,13,72,1,1,50#
33392,$JYJ,13301157448,20111101064130,116.381134,39.855469,429050377,146928350,17,80,1,1,50#
58793,$JYJ,13301254527,20111101064247,116.386299,39.859497,429069448,146943208,13,276,1,1,50#
15630,$JYJ,13311426299,20111101064040,116.380730,39.851151,429048901,146912412,8,352,1,1,50#
91975,$JYJ,13311426324,20111101064422,116.380753,39.859921,429049005,146944745,23,358,1,1,50#
66092,$JYJ,13311486407,20111101064301,116.380630,39.859665,429048516,146943815,0,4,1,1,50#
58398,$JYJ,13331194015,20111101064249,116.388115,39.852825,429076134,146918610,23,358,1,1,50#
64219,$JYJ,13311191408,20111101065805,116.380569,39.852779,429048289,146918448,6,186,0,0,50#
94282,$JYJ,13311487185,20111101065935,116.382118,39.859711,429054003,146943994,2,270,1,1,50#
28978,$JYJ,13301125406,20111101070118,116.380684,39.850105,429048708,146908590,0,156,1,1,50#
45143,$JYJ,13301125406,20111101070210,116.380714,39.850014,429048835,146908247,12,158,0,0,50#
74208,$JYJ,13301157468,20111101070331,116.386818,39.859451,429071369,146943034,25,88,1,1,50#
56326,$JYJ,13331194185,20111101070239,116.380714,39.859772,429048848,146944214,0,6,0,0,50#
73820,$JYJ,13331194185,20111101070330,116.380783,39.859806,429049114,146944350,0,6,1,1,50#
51511,$JYJ,13301272320,20111101070725,116.380569,39.850685,429048324,146910727,19,180,1,1,50#
100174,$JYJ,13311025845,20111101070947,116.380547,39.859779,429048241,146944253,12,14,1,1,50#
76518,$JYJ,13321164517,20111101070841,116.380569,39.852936,429048315,146919017,19,176,1,1,50#
36138,$JYJ,13321174718,20111101070642,116.380669,39.859684,429048657,146943880,19,356,1,1,50#
5895,$JYJ,13311021064,20111101071015,116.385658,39.859482,429067073,146943157,0,0,0,0,50#
20463,$JYJ,13311021064,20111101071058,116.385689,39.859478,429067183,146943154,6,78,1,1,50#
3707,$JYJ,13311431101,20111101071006,116.380531,39.854561,429048145,146924986,8,186,0,0,50#
50034,$JYJ,13311489470,20111101071218,116.387848,39.855476,429075155,146928385,10,86,1,1,50#
61133,$JYJ,13301155949,20111101071755,116.387863,39.852642,429075211,146917930,10,158,1,1,50#
68088,$JYJ,13311431101,20111101071814,116.380837,39.859367,429049306,146942715,2,352,1,1,50#
86043,$JYJ,13311579046,20111101071901,116.384369,39.853584,429062333,146921400,0,346,0,0,50#
6324,$JYJ,13301272320,20111101072014,116.388886,39.855526,429078967,146928585,12,82,0,0,50#
99965,$JYJ,13311486511,20111101072451,116.387436,39.855953,429073626,146930164,0,284,1,1,50#
100223,$JYJ,13301214624,20111101072947,116.380730,39.852951,429048895,146919077,17,340,1,1,50#
96018,$JYJ,13311581034,20111101072934,116.380730,39.859253,429048880,146942290,19,0,1,1,50#
31989,$JYJ,13331194377,20111101072631,116.381103,39.855450,429050294,146928293,4,110,0,0,50#
79736,$JYJ,13331194377,20111101072851,116.386032,39.855511,429068480,146928534,21,88,1,1,50#
88354,$JYJ,13301184008,20111101073415,116.381065,39.855469,429050158,146928355,0,82,0,0,50#
33875,$JYJ,13331093429,20111101073137,116.382935,39.859528,429057017,146943309,15,288,0,0,50#
49641,$JYJ,13331093429,20111101073222,116.381836,39.859516,429052976,146943282,28,268,1,1,50#
69915,$JYJ,13311431448,20111101073818,116.381485,39.859245,429051692,146942258,10,266,1,1,50#
56640,$JYJ,13311489677,20111101073738,116.380280,39.855484,429047220,146928415,6,106,2,0,50#
89708,$JYJ,13321174713,20111101073919,116.387787,39.855560,429074931,146928712,25,98,0,0,50#
56875,$JYJ,13311426388,20111101074241,116.387680,39.855850,429074532,146929759,21,250,1,1,50#
8552,$JYJ,13321174713,20111101074023,116.388550,39.855499,429077764,146928468,0,0,1,1,50#
91225,$JYJ,13331156488,20111101074423,116.381851,39.859665,429053047,146943809,0,92,1,1,50#
40381,$JYJ,13311577742,20111101074655,116.380119,39.855900,429046665,146929950,0,0,0,0,50#
41406,$JYJ,13311577742,20111101074701,116.380119,39.855900,429046638,146929921,0,0,1,1,50#
67418,$JYJ,13331194611,20111101074814,116.388947,39.855427,429079234,146928231,0,104,0,0,50#
34157,$JYJ,13381063245,20111101074637,116.387367,39.857693,429073409,146936551,0,186,0,0,50#
20151,$JYJ,13301254092,20111101075054,116.388084,39.856583,429076015,146932466,23,358,1,1,50#
31647,$JYJ,13311579046,20111101075127,116.388817,39.855980,429078748,146930246,0,232,1,1,50#
94191,$JYJ,13311487116,20111101080424,116.380600,39.859631,429048440,146943681,6,354,1,1,50#
22827,$JYJ,13321164498,20111101080101,116.383682,39.855534,429059803,146928607,38,92,1,1,50#
68580,$JYJ,13331194755,20111101080309,116.387299,39.855888,429073121,146929926,38,268,1,1,50#
81629,$JYJ,13331194611,20111101080935,116.382416,39.859543,429055108,146943386,0,318,1,1,50#
1706,$JYJ,13311403096,20111101080959,116.380684,39.859222,429048733,146942172,13,356,1,1,50#
34257,$JYJ,13311492294,20111101081138,116.380630,39.859844,429048554,146944479,26,2,1,1,50#
18216,$JYJ,13331194670,20111101081055,116.389565,39.852428,429081511,146917178,2,264,0,0,50#
34938,$JYJ,13311495174,20111101081709,116.380280,39.855137,429047219,146927134,17,170,1,1,50#
22156,$JYJ,13381069234,20111101081614,116.380753,39.853016,429048969,146919314,0,16,1,1,50#
77454,$JYJ,13301214607,20111101082430,116.382919,39.859543,429056977,146943389,2,294,1,1,50#
37569,$JYJ,13311191472,20111101082212,116.380501,39.853706,429048066,146921859,2,344,0,0,50#
69196,$JYJ,13321180414,20111101082407,116.386185,39.859242,429069009,146942263,30,146,1,1,50#
74350,$JYJ,13331194341,20111101082420,116.380699,39.859528,429048784,146943306,13,320,1,1,50#
79647,$JYJ,13311426406,20111101082916,116.380547,39.859070,429048214,146941608,13,206,1,1,50#
13981,$JYJ,13331156462,20111101083043,116.382240,39.855454,429054452,146928297,2,106,0,0,50#
36000,$JYJ,13311426369,20111101083659,116.383865,39.859436,429060470,146942988,4,254,1,1,50#
36316,$JYJ,13370122446,20111101083657,116.380516,39.856964,429048104,146933867,28,182,0,0,50#
58989,$JYJ,13331194057,20111101084315,116.380432,39.854729,429047813,146925627,41,178,0,0,50#
33535,$JYJ,13311488247,20111101084717,116.380661,39.850525,429048621,146910124,28,178,0,0,50#
66324,$JYJ,13311488247,20111101084908,116.380791,39.850681,429049119,146910714,13,356,1,1,50#
81142,$JYJ,13311567854,20111101084952,116.385963,39.859489,429068200,146943173,0,236,1,1,50#
20535,$JYJ,13311191425,20111101085108,116.387550,39.859302,429074049,146942497,15,296,1,1,50#
11243,$JYJ,13311489330,20111101085035,116.380585,39.856220,429048380,146931131,0,182,0,0,50#
78992,$JYJ,13311489646,20111101085421,116.388016,39.855545,429075788,146928656,0,104,1,1,50#
4819,$JYJ,13331194818,20111101085016,116.384735,39.855804,429063686,146929605,41,266,0,0,50#
28842,$JYJ,13301155340,20111101085636,116.380997,39.855934,429049876,146930051,0,270,0,0,50#
67509,$JYJ,13311403569,20111101085845,116.380615,39.852756,429048491,146918353,12,164,1,1,50#
66098,$JYJ,13381153621,20111101085842,116.380531,39.852917,429048147,146918940,8,176,1,1,50#
32772,$JYJ,13311403212,20111101090145,116.385719,39.859520,429067317,146943291,10,230,0,0,50#
33394,$JYJ,13311403212,20111101090152,116.385635,39.859524,429066994,146943298,10,242,1,1,50#
58234,$JYJ,13311492119,20111101090329,116.388535,39.855393,429077701,146928086,15,66,1,1,50#
52086,$JYJ,13301214044,20111101090758,116.380753,39.859371,429049004,146942733,2,86,0,0,50#
81580,$JYJ,13301214044,20111101090934,116.383285,39.859139,429058344,146941894,6,300,1,1,50#
70148,$JYJ,13311426444,20111101090902,116.380615,39.851013,429048471,146911935,17,178,0,0,50#
51444,$JYJ,13311486514,20111101090755,116.380486,39.851261,429047975,146912836,0,184,0,0,50#
25867,$JYJ,13331063492,20111101090625,116.380600,39.859829,429048414,146944406,0,204,0,0,50#
79521,$JYJ,13311495174,20111101091406,116.385384,39.855770,429066049,146929486,19,234,1,1,50#
85158,$JYJ,13331194469,20111101091420,116.388115,39.857532,429076134,146935973,0,354,1,1,50#
5331,$JYJ,13381068954,20111101091015,116.388168,39.855469,429076352,146928354,0,0,1,1,50#
70135,$JYJ,13381232417,20111101091338,116.388046,39.852688,429075902,146918100,10,346,1,1,50#
48142,$JYJ,13311486537,20111101091730,116.385750,39.859550,429067415,146943398,6,86,1,1,50#
33171,$JYJ,13311426231,20111101092153,116.380585,39.851223,429048381,146912693,17,180,0,0,50#
33543,$JYJ,13311492119,20111101092153,116.387749,39.855862,429074785,146929828,13,270,1,1,50#
77381,$JYJ,13321174718,20111101092417,116.385002,39.855465,429064673,146928330,0,140,0,0,50#
86030,$JYJ,13331154865,20111101092447,116.380768,39.851219,429049017,146912682,2,108,0,0,50#
37909,$JYJ,13301127400,20111101092705,116.388001,39.856270,429075732,146931314,12,184,1,1,50#
7412,$JYJ,13311431051,20111101092521,116.387581,39.855499,429074171,146928473,26,88,1,1,50#
87655,$JYJ,13301254265,20111101093438,116.387535,39.855854,429074016,146929782,28,270,1,1,50#
92891,$JYJ,13311492135,20111101093457,116.385666,39.855492,429067104,146928433,0,78,1,1,50#
45257,$JYJ,13311426406,20111101093732,116.380531,39.859940,429048173,146944816,0,184,1,1,50#
19080,$JYJ,13321164784,20111101094056,116.384033,39.855438,429061081,146928255,0,92,0,0,50#
39085,$JYJ,13331194612,20111101094209,116.388031,39.857143,429075845,146934553,8,358,1,1,50#
58479,$JYJ,13311403779,20111101094758,116.387985,39.854771,429075676,146925780,15,340,1,1,50#
54712,$JYJ,13331187108,20111101094751,116.380547,39.850643,429048229,146910543,4,184,0,0,50#
78921,$JYJ,13381100074,20111101094905,116.387604,39.855866,429074252,146929841,0,0,0,0,50#
80365,$JYJ,13381100074,20111101094909,116.387604,39.855866,429074270,146929846,0,0,0,0,50#
43963,$JYJ,13311403083,20111101095211,116.382667,39.859367,429056030,146942719,0,74,0,0,50#
24755,$JYJ,13311431497,20111101095111,116.386437,39.855881,429069938,146929876,30,268,1,1,50#
19212,$JYJ,13311489452,20111101095059,116.388016,39.857010,429075763,146934065,0,14,0,0,50#
78424,$JYJ,13311489452,20111101095358,116.381386,39.859619,429051325,146943641,8,264,1,1,50#
87636,$JYJ,13311495117,20111101095424,116.380569,39.859505,429048328,146943241,6,352,1,1,50#
33121,$JYJ,13311495166,20111101095138,116.380798,39.852825,429049136,146918590,0,356,0,0,50#
49272,$JYJ,13331184830,20111101095226,116.380669,39.850594,429048679,146910361,19,180,0,0,50#
72543,$JYJ,13301104069,20111101095843,116.380730,39.858925,429048888,146941100,0,18,0,0,50#
36498,$JYJ,13301174908,20111101095647,116.380600,39.859520,429048430,146943280,13,10,0,0,50#
14043,$JYJ,13311403083,20111101095540,116.385414,39.859287,429066191,146942433,23,270,1,1,50#
85976,$JYJ,13311489556,20111101095930,116.386551,39.856106,429070381,146930697,0,292,1,1,50#
55774,$JYJ,13321164520,20111101095753,116.380669,39.851025,429048664,146911950,0,166,0,0,50#
41464,$JYJ,13321164784,20111101095704,116.384804,39.859482,429063940,146943148,17,266,1,1,50#
13351,$JYJ,13381100074,20111101095542,116.387604,39.855866,429074271,146929844,0,0,0,0,50#
36253,$JYJ,13381100074,20111101095652,116.387451,39.855873,429073717,146929871,0,0,1,1,50#
38244,$JYJ,13311489671,20111101100158,116.388008,39.855934,429075748,146930080,17,0,1,1,50#
23318,$JYJ,13301174981,20111101100618,116.388451,39.855400,429077404,146928129,2,142,0,0,50#
17319,$JYJ,13301214249,20111101100600,116.387886,39.855846,429075291,146929771,8,268,1,1,50#
61528,$JYJ,13331194612,20111101100841,116.380653,39.859600,429048601,146943593,2,174,1,1,50#
293,$JYJ,13311431322,20111101100958,116.389954,39.857422,429082931,146935589,8,98,0,0,50#
20508,$JYJ,13311426491,20111101101602,116.382118,39.855431,429054026,146928221,0,108,0,0,50#
61583,$JYJ,13311486562,20111101101814,116.380470,39.852165,429047918,146916171,30,178,0,0,50#
35130,$JYJ,13301151546,20111101102646,116.382500,39.859371,429055433,146942756,0,116,0,0,50#
49714,$JYJ,13301151546,20111101102729,116.382446,39.859406,429055244,146942875,4,276,1,1,50#
88359,$JYJ,13311403246,20111101102929,116.389481,39.855606,429081184,146928867,34,90,0,0,50#
30514,$JYJ,13311453471,20111101102636,116.388031,39.855514,429075833,146928523,10,88,1,1,50#
13187,$JYJ,13331093423,20111101102542,116.382652,39.859337,429056007,146942609,0,0,0,0,50#
68575,$JYJ,13321164325,20111101103339,116.380066,39.855808,429046443,146929611,0,260,1,1,50#
63533,$JYJ,13301127412,20111101103824,116.389069,39.855915,429079684,146930002,10,260,1,1,50#
47602,$JYJ,13311431075,20111101103729,116.387520,39.859219,429073961,146942201,0,154,0,0,50#
71329,$JYJ,13311495232,20111101103852,116.388817,39.855476,429078745,146928406,26,90,1,1,50#
29008,$JYJ,13301155547,20111101104129,116.386665,39.855820,429070816,146929673,6,248,1,1,50#
92473,$JYJ,13311426304,20111101104447,116.386452,39.857754,429070021,146936774,0,172,0,0,50#
49557,$JYJ,13331194168,20111101104235,116.380501,39.859242,429048067,146942245,28,178,1,1,50#
33759,$JYJ,13301214530,20111101104641,116.387733,39.855549,429074741,146928669,13,92,1,1,50#
85855,$JYJ,13301272390,20111101104929,116.380653,39.858993,429048600,146941357,0,14,0,0,50#
56581,$JYJ,13311489556,20111101104757,116.387817,39.857098,429075042,146934361,2,180,1,1,50#
20274,$JYJ,13311563409,20111101104605,116.387337,39.859318,429073282,146942557,6,124,0,0,50#
46150,$JYJ,13381095543,20111101104723,116.380814,39.855457,429049210,146928292,12,88,0,0,50#
65386,$JYJ,13381095543,20111101104823,116.381798,39.855457,429052822,146928324,17,80,1,1,50#
86222,$JYJ,13381271945,20111101104928,116.388084,39.856613,429076049,146932603,0,170,1,1,50#
87875,$JYJ,13301104099,20111101105427,116.380547,39.859943,429048214,146944828,15,356,1,1,50#
10173,$JYJ,13311403184,20111101105030,116.383301,39.859402,429058391,146942856,12,94,0,0,50#
59746,$JYJ,13311403184,20111101105258,116.382820,39.859348,429056621,146942664,30,280,1,1,50#
68963,$JYJ,13311431401,20111101105333,116.388199,39.852478,429076450,146917345,0,314,1,1,50#
18200,$JYJ,13311492135,20111101105052,116.380531,39.854084,429048170,146923258,0,192,0,0,50#
46155,$JYJ,13311492135,20111101105219,116.380867,39.850319,429049398,146909366,0,208,1,1,50#
9610,$JYJ,13381100974,20111101105027,116.380783,39.851067,429049086,146912126,0,12,0,0,50#
83335,$JYJ,13311453479,20111101105931,116.387917,39.852654,429075415,146918003,21,356,1,1,50#
73612,$JYJ,13311489556,20111101105859,116.380714,39.851421,429048841,146913436,17,354,1,1,50#
73177,$JYJ,13301174959,20111101110852,116.380585,39.852642,429048346,146917938,19,182,1,1,50#
26250,$JYJ,13311020624,20111101110628,116.389198,39.855518,429080122,146928556,28,90,0,0,50#
21721,$JYJ,13311431430,20111101110611,116.387917,39.855866,429075399,146929823,4,262,1,1,50#
20909,$JYJ,13311495257,20111101110612,116.388130,39.852661,429076182,146918008,26,2,1,1,50#
44202,$JYJ,13331194769,20111101110721,116.383484,39.859337,429059047,146942600,12,250,1,1,50#
54751,$JYJ,13311403659,20111101111254,116.380783,39.851624,429049108,146914164,39,358,1,1,50#
40942,$JYJ,13331194754,20111101111213,116.385483,39.856052,429066440,146930522,0,264,0,0,50#
76100,$JYJ,13331194754,20111101111402,116.385132,39.856129,429065122,146930797,23,264,1,1,50#
62220,$JYJ,13311480715,20111101111829,116.380684,39.858822,429048742,146940706,28,356,0,0,50#
14303,$JYJ,13311489465,20111101111544,116.387802,39.855862,429074997,146929824,17,284,0,0,50#
29379,$JYJ,13370122429,20111101111631,116.386085,39.855591,429068654,146928802,0,106,0,0,50#
16768,$JYJ,13381096548,20111101111549,116.380684,39.852737,429048717,146918288,0,334,0,0,50#
77084,$JYJ,13311431503,20111101112415,116.388634,39.855492,429078039,146928453,0,106,1,1,50#
67489,$JYJ,13321164778,20111101112347,116.384148,39.859177,429061516,146942013,4,314,0,0,50#
4132,$JYJ,13370122429,20111101112009,116.388901,39.855602,429079027,146928877,0,76,1,1,50#
62482,$JYJ,13301155433,20111101112815,116.389633,39.852367,429081749,146916944,28,286,1,1,50#
78457,$JYJ,13321180414,20111101112906,116.380585,39.859932,429048360,146944814,32,358,1,1,50#
94888,$JYJ,13331194419,20111101113437,116.380852,39.852745,429049326,146918310,19,6,1,1,50#
72722,$JYJ,13331194562,20111101113332,116.380669,39.851959,429048684,146915425,17,178,0,0,50#
58339,$JYJ,13381068964,20111101113251,116.388619,39.855885,429077993,146929887,15,262,1,1,50#
73955,$JYJ,13301214017,20111101113836,116.388115,39.855915,429076151,146930022,0,6,0,0,50#
42755,$JYJ,13311453289,20111101113708,116.389320,39.857441,429080592,146935656,0,0,0,0,50#
11604,$JYJ,13331194622,20111101113536,116.380837,39.851013,429049274,146911906,13,356,1,1,50#
33913,$JYJ,13311426227,20111101114139,116.388130,39.852585,429076204,146917742,0,330,1,1,50#
15980,$JYJ,13311453289,20111101114050,116.381737,39.859657,429052636,146943793,10,270,1,1,50#
53216,$JYJ,13381063241,20111101114242,116.380730,39.853878,429048896,146922498,25,356,1,1,50#
30326,$JYJ,13301214807,20111101114631,116.380501,39.853855,429048052,146922413,13,182,0,0,50#
48405,$JYJ,13311431051,20111101114729,116.380447,39.856853,429047840,146933467,0,196,0,0,50#
16436,$JYJ,13311489321,20111101114553,116.388451,39.855820,429077400,146929668,25,268,0,0,50#
40338,$JYJ,13311489321,20111101114705,116.386719,39.855942,429071007,146930123,19,264,1,1,50#
64436,$JYJ,13321164417,20111101114812,116.384735,39.859066,429063694,146941637,0,164,0,0,50#
28760,$JYJ,13331184813,20111101114627,116.380547,39.852714,429048240,146918195,2,196,0,0,50#
56511,$JYJ,13331184813,20111101114749,116.380798,39.850235,429049140,146909049,0,134,1,1,50#
89623,$JYJ,13381100774,20111101114927,116.380714,39.850220,429048850,146909012,26,176,0,0,50#
74531,$JYJ,13301156480,20111101115342,116.385902,39.859757,429067991,146944173,0,14,1,1,50#
48261,$JYJ,13311403157,20111101115221,116.380531,39.853890,429048169,146922526,0,178,0,0,50#
57822,$JYJ,13311426189,20111101115251,116.388130,39.852623,429076210,146917880,8,306,1,1,50#
28616,$JYJ,13301254388,20111101115624,116.380630,39.855438,429048534,146928221,6,122,0,0,50#
48850,$JYJ,13301254388,20111101115724,116.381699,39.855450,429052454,146928281,13,88,1,1,50#
25866,$JYJ,13311191494,20111101115614,116.380531,39.852123,429048143,146916016,17,180,0,0,50#
85604,$JYJ,13311191494,20111101115914,116.380852,39.850922,429049345,146911596,25,160,1,1,50#
40935,$JYJ,13311403763,20111101115700,116.380516,39.855213,429048121,146927394,12,180,1,1,50#
34342,$JYJ,13311431100,20111101115638,116.380600,39.859928,429048412,146944780,0,152,0,0,50#
76407,$JYJ,13321164487,20111101120406,116.380501,39.853890,429048066,146922512,0,180,0,0,50#
42913,$JYJ,13331154772,20111101120209,116.386002,39.859261,429068332,146942352,10,246,1,1,50#
63092,$JYJ,13331194560,20111101120315,116.380669,39.851666,429048677,146914322,0,150,2,0,50#
1000,$JYJ,13311403155,20111101121500,116.384468,39.859322,429062699,146942571,15,254,1,1,50#
11118,$JYJ,13311480709,20111101121540,116.381615,39.855564,429052144,146928705,34,90,0,0,50#
47671,$JYJ,13311492304,20111101121811,116.381599,39.855598,429052120,146928829,2,108,0,0,50#
15164,$JYJ,13301157432,20111101122051,116.386597,39.855991,429070528,146930289,15,270,1,1,50#
46184,$JYJ,13311191412,20111101122252,116.388001,39.855427,429075722,146928203,0,94,1,1,50#
66399,$JYJ,13321189884,20111101122414,116.384216,39.855518,429061767,146928556,0,276,0,0,50#
29403,$JYJ,13381066645,20111101122149,116.388046,39.857586,429075885,146936187,28,180,1,1,50#
63495,$JYJ,13311495320,20111101123430,116.382881,39.859402,429056836,146942838,4,296,1,1,50#
58265,$JYJ,13301254185,20111101123830,116.380814,39.851227,429049199,146912717,19,2,1,1,50#
734,$JYJ,13311426239,20111101123459,116.380684,39.853092,429048711,146919599,0,198,0,0,50#
33610,$JYJ,13331194953,20111101123659,116.388046,39.852665,429075871,146918024,13,184,0,0,50#
47710,$JYJ,13331194953,20111101123745,116.388031,39.852871,429075855,146918793,0,342,1,1,50#
13711,$JYJ,13301174904,20111101124541,116.388313,39.855885,429076896,146929916,23,270,0,0,50#
36461,$JYJ,13301208453,20111101125203,116.388916,39.855492,429079108,146928462,0,68,0,0,50#
55936,$JYJ,13301214880,20111101125308,116.388100,39.857613,429076103,146936283,0,354,1,1,50#
36285,$JYJ,13311001143,20111101125207,116.389297,39.850182,429080513,146908878,78,314,0,0,50#
14376,$JYJ,13311486498,20111101125545,116.380630,39.857079,429048542,146934290,28,358,0,0,50#
57600,$JYJ,13331156453,20111101125814,116.386284,39.856022,429069377,146930398,0,300,1,1,50#
28711,$JYJ,13301174972,20111101130131,116.387787,39.855480,429074952,146928394,12,86,1,1,50#
1420,$JYJ,13311489556,20111101130002,116.388496,39.855496,429077563,146928458,26,78,1,1,50#
15216,$JYJ,13331063441,20111101130050,116.380714,39.856663,429048835,146932734,30,350,1,1,50#
88315,$JYJ,13301214187,20111101130943,116.382233,39.859207,429054458,146942137,0,0,1,1,50#
41627,$JYJ,13301214280,20111101130715,116.380630,39.853439,429048529,146920877,32,182,1,1,50#
56915,$JYJ,13311489300,20111101130802,116.388351,39.855885,429076998,146929904,0,262,0,0,50#
71662,$JYJ,13311489300,20111101130848,116.387649,39.855995,429074413,146930306,6,280,1,1,50#
52476,$JYJ,13311585754,20111101130752,116.389534,39.855446,429081387,146928302,0,96,0,0,50#
5418,$JYJ,13331194834,20111101130516,116.380669,39.852600,429048692,146917761,30,172,1,1,50#
16676,$JYJ,13301155458,20111101131047,116.388130,39.858688,429076194,146940243,0,76,0,0,50#
49390,$JYJ,13301155458,20111101131227,116.387337,39.859310,429073276,146942522,13,282,1,1,50#
37110,$JYJ,13311426078,20111101131151,116.384003,39.855667,429060978,146929074,4,98,0,0,50#
28205,$JYJ,13311453327,20111101131126,116.388344,39.855492,429076976,146928456,19,102,0,0,50#
39287,$JYJ,13311480709,20111101131157,116.389084,39.855969,429079737,146930227,0,232,1,1,50#
71813,$JYJ,13311495007,20111101131342,116.387970,39.858677,429075630,146940197,10,358,0,0,50#
79645,$JYJ,13311495007,20111101131408,116.387520,39.859253,429073954,146942333,2,326,1,1,50#
80387,$JYJ,13301204927,20111101132907,116.388016,39.853458,429075781,146920960,10,8,1,1,50#
30424,$JYJ,13311470371,20111101132637,116.380852,39.857288,429049331,146935048,26,6,0,0,50#
60176,$JYJ,13311470371,20111101132805,116.380669,39.858997,429048668,146941370,0,356,1,1,50#
89770,$JYJ,13381095543,20111101132936,116.387619,39.855793,429074329,146929564,10,274,1,1,50#
32413,$JYJ,13311191493,20111101133137,116.387680,39.855629,429074541,146928957,0,64,1,1,50#
51199,$JYJ,13311577450,20111101133231,116.388069,39.856716,429075958,146932970,6,346,0,0,50#
94250,$JYJ,13331194220,20111101133446,116.382065,39.855911,429053829,146929967,19,272,0,0,50#
38104,$JYJ,13331194647,20111101133153,116.380936,39.855984,429049653,146930261,4,246,0,0,50#
96532,$JYJ,13331194817,20111101133458,116.387947,39.853062,429075543,146919481,10,354,1,1,50#
40036,$JYJ,13331194009,20111101133707,116.382469,39.855454,429055318,146928287,8,84,1,1,50#
23857,$JYJ,13311426136,20111101134109,116.388100,39.853794,429076074,146922198,15,176,0,0,50#
2198,$JYJ,13331194220,20111101134004,116.388351,39.852222,429077029,146916402,10,108,1,1,50#
57484,$JYJ,13301184058,20111101134759,116.380684,39.851135,429048718,146912383,0,194,0,0,50#
20630,$JYJ,13301204886,20111101134604,116.388199,39.855640,429076463,146929000,0,56,1,1,50#
42440,$JYJ,13301214494,20111101134710,116.387131,39.855877,429072494,146929861,15,270,1,1,50#
63091,$JYJ,13311403053,20111101134815,116.386498,39.855633,429070173,146928953,12,80,1,1,50#
27465,$JYJ,13311576734,20111101134621,116.383034,39.859177,429057406,146942010,12,270,0,0,50#
26005,$JYJ,13311431577,20111101135122,116.382301,39.855942,429054702,146930080,23,274,1,1,50#
81873,$JYJ,13311453336,20111101135427,116.380585,39.851608,429048372,146914099,23,180,0,0,50#
41745,$JYJ,13381063243,20111101135211,116.380768,39.858620,429049026,146939977,34,174,1,1,50#
66226,$JYJ,13301254519,20111101135839,116.380135,39.855934,429046714,146930062,13,258,1,1,50#
13095,$JYJ,13311577784,20111101135545,116.383247,39.859249,429058185,146942288,21,254,1,1,50#
24629,$JYJ,13311487228,20111101140120,116.388718,39.855820,429078383,146929672,0,272,1,1,50#
17869,$JYJ,13321174871,20111101140058,116.380417,39.853222,429047743,146920066,2,146,0,0,50#
46747,$JYJ,13321174871,20111101140230,116.380615,39.850357,429048483,146909511,12,178,1,1,50#
3308,$JYJ,13301155458,20111101140507,116.380714,39.859436,429048854,146942988,0,180,0,0,50#
36807,$JYJ,13301155458,20111101140706,116.381332,39.855427,429051143,146928184,23,82,1,1,50#
18319,$JYJ,13301184080,20111101141103,116.380684,39.858799,429048733,146940611,10,194,0,0,50#
51184,$JYJ,13311492224,20111101141244,116.388031,39.853031,429075841,146919368,19,356,0,0,50#
21465,$JYJ,13331187098,20111101141113,116.388100,39.852737,429076078,146918288,15,348,1,1,50#
3837,$JYJ,13301209584,20111101141509,116.380364,39.852306,429047529,146916672,0,174,0,0,50#
37879,$JYJ,13301155472,20111101142148,116.381134,39.855385,429050399,146928036,0,96,0,0,50#
6010,$JYJ,13311453397,20111101142014,116.380684,39.859139,429048730,146941875,6,192,1,1,50#
31081,$JYJ,13381232468,20111101142128,116.380447,39.852856,429047849,146918724,0,184,0,0,50#
43619,$JYJ,13381232468,20111101142209,116.380501,39.852619,429048040,146917842,19,164,1,1,50#
24941,$JYJ,13311403768,20111101142612,116.389717,39.852337,429082073,146916828,12,270,1,1,50#
19362,$JYJ,13311453397,20111101142600,116.382736,39.853767,429056285,146922076,8,312,0,0,50#
8826,$JYJ,13321164483,20111101142522,116.384682,39.851555,429063464,146913925,4,156,0,0,50#
105491,$JYJ,13331194059,20111101142949,116.380867,39.851723,429049391,146914534,2,188,0,0,50#
9514,$JYJ,13331194721,20111101142528,116.380852,39.850971,429049337,146911779,0,356,0,0,50#
61478,$JYJ,13331194721,20111101142801,116.380699,39.851181,429048793,146912556,13,46,1,1,50#
2941,$JYJ,13381066824,20111101142510,116.380531,39.859329,429048158,146942565,0,4,1,1,50#
22030,$JYJ,13301184063,20111101143047,116.388649,39.852337,429078134,146916814,0,264,0,0,50#
90198,$JYJ,13321180467,20111101143342,116.381218,39.855972,429050702,146930222,0,0,1,1,50#
97720,$JYJ,13331154799,20111101143405,116.380753,39.854752,429048987,146925695,4,186,0,0,50#
105952,$JYJ,13331194059,20111101143422,116.381386,39.855320,429051311,146927809,19,78,1,1,50#
108721,$JYJ,13301125487,20111101143931,116.385750,39.855469,429067401,146928362,19,98,0,0,50#
56490,$JYJ,13301214159,20111101143724,116.380837,39.852802,429049278,146918519,13,358,1,1,50#
49236,$JYJ,13301174972,20111101144203,116.388069,39.858307,429075971,146938839,0,342,0,0,50#
21032,$JYJ,13301272058,20111101144052,116.386131,39.859440,429068825,146942986,6,282,0,0,50#
98376,$JYJ,13311487239,20111101144405,116.387436,39.859257,429073627,146942325,0,112,0,0,50#
83499,$JYJ,13331154799,20111101144123,116.388718,39.857372,429078366,146935391,10,80,0,0,50#
10940,$JYJ,13321180419,20111101144525,116.386383,39.859440,429069757,146943018,0,276,0,0,50#
114014,$JYJ,13331189074,20111101144948,116.380730,39.851253,429048890,146912821,15,332,0,0,50#
6455,$JYJ,13311486422,20111101145011,116.388397,39.852600,429077193,146917800,21,270,1,1,50#
80449,$JYJ,13321174978,20111101145825,116.388130,39.852970,429076183,146919147,0,174,0,0,50#
117571,$JYJ,13321174978,20111101145953,116.388069,39.853786,429075971,146922172,25,356,1,1,50#
43618,$JYJ,13301214849,20111101150148,116.380569,39.858448,429048301,146939315,21,184,1,1,50#
23400,$JYJ,13311022044,20111101150055,116.388069,39.852547,429075982,146917588,15,334,0,0,50#
99331,$JYJ,13311470315,20111101150413,116.383766,39.859642,429060109,146943746,0,316,0,0,50#
89391,$JYJ,13321174691,20111101150347,116.380951,39.859528,429049736,146943306,2,320,1,1,50#
18142,$JYJ,13311431504,20111101150548,116.388267,39.855881,429076726,146929875,0,284,1,1,50#
9676,$JYJ,13311470315,20111101150528,116.381264,39.859276,429050874,146942394,21,268,1,1,50#
96109,$JYJ,13311486230,20111101150905,116.380531,39.852097,429048169,146915905,26,358,0,0,50#
104012,$JYJ,13311486230,20111101150925,116.380432,39.853832,429047787,146922328,17,348,1,1,50#
65167,$JYJ,13311487182,20111101150745,116.380547,39.850617,429048218,146910457,17,164,1,1,50#
94350,$JYJ,13311489556,20111101150857,116.380630,39.853218,429048530,146920065,49,350,0,0,50#
80344,$JYJ,13301214526,20111101151347,116.383049,39.859440,429057477,146943009,13,260,1,1,50#
71049,$JYJ,13311489556,20111101151318,116.380096,39.856506,429046575,146932185,17,270,1,1,50#
95310,$JYJ,13311577743,20111101151427,116.380684,39.853073,429048746,146919531,13,352,1,1,50#
65982,$JYJ,13311426168,20111101151748,116.380898,39.859478,429049525,146943115,10,282,1,1,50#
2289,$JYJ,13311431027,20111101151504,116.386353,39.859436,429069650,146942990,0,112,0,0,50#
63588,$JYJ,13311431027,20111101151739,116.387016,39.855915,429072100,146930018,0,280,1,1,50#
114272,$JYJ,13321199546,20111101151957,116.382164,39.855904,429054190,146929971,17,280,0,0,50#
81682,$JYJ,13331187120,20111101152336,116.380783,39.859009,429049093,146941383,21,6,1,1,50#
19961,$JYJ,13370126466,20111101152555,116.380585,39.859642,429048382,146943747,0,176,1,1,50#
35307,$JYJ,13311403076,20111101153130,116.380653,39.859654,429048609,146943760,4,170,0,0,50#
22902,$JYJ,13321164898,20111101153058,116.381782,39.859497,429052787,146943218,0,268,0,0,50#
53398,$JYJ,13331093469,20111101153221,116.384216,39.859573,429061770,146943499,25,278,1,1,50#
15485,$JYJ,13311431197,20111101153540,116.380547,39.859467,429048221,146943097,12,182,1,1,50#
78298,$JYJ,13331154738,20111101153823,116.382919,39.855888,429056987,146929900,51,270,0,0,50#
112076,$JYJ,13311431236,20111101154446,116.383499,39.858692,429059128,146940225,6,4,1,1,50#
62178,$JYJ,13311489435,20111101154239,116.380867,39.850182,429049383,146908848,2,144,0,0,50#
73494,$JYJ,13311489435,20111101154307,116.380867,39.850170,429049397,146908824,0,132,1,1,50#
94038,$JYJ,13311489435,20111101154401,116.380852,39.850159,429049333,146908773,0,132,0,0,50#
30749,$JYJ,13311453371,20111101154614,116.380630,39.859497,429048537,146943184,0,182,0,0,50#
41631,$JYJ,13311489435,20111101154646,116.380814,39.850117,429049204,146908629,0,132,1,1,50#
16752,$JYJ,13311495336,20111101154538,116.389435,39.852596,429081026,146917792,19,270,0,0,50#
52393,$JYJ,13311495336,20111101154708,116.388016,39.852768,429075771,146918400,8,0,1,1,50#
20289,$JYJ,13301214269,20111101155048,116.380798,39.850834,429049159,146911257,19,352,1,1,50#
67649,$JYJ,13311431400,20111101155247,116.387680,39.855987,429074521,146930283,10,266,1,1,50#
82317,$JYJ,13321164419,20111101155327,116.380432,39.852798,429047781,146918489,12,186,0,0,50#
12358,$JYJ,13321174855,20111101155030,116.386620,39.855629,429070644,146928942,0,104,0,0,50#
102186,$JYJ,13331194003,20111101155417,116.380699,39.852879,429048785,146918801,19,0,1,1,50#
102162,$JYJ,13311026488,20111101155914,116.380783,39.850609,429049082,146910421,2,172,0,0,50#
78174,$JYJ,13311403687,20111101155816,116.380531,39.859089,429048158,146941681,12,198,1,1,50#
76608,$JYJ,13311492203,20111101155812,116.380714,39.853954,429048823,146922757,0,354,0,0,50#
72932,$JYJ,13321164610,20111101155803,116.380600,39.853493,429048397,146921057,34,188,0,0,50#
82231,$JYJ,13321164610,20111101155829,116.380585,39.853142,429048366,146919774,8,168,1,1,50#
74421,$JYJ,13381232421,20111101155810,116.384781,39.855911,429063853,146930007,13,268,1,1,50#
116343,$JYJ,13301204905,20111101160454,116.382118,39.859146,429054023,146941921,0,40,1,1,50#
369,$JYJ,13370126489,20111101155959,116.387566,39.859314,429074117,146942546,19,162,1,1,50#
16916,$JYJ,13381096884,20111101160043,116.380699,39.853008,429048780,146919280,4,198,0,0,50#
923,$JYJ,13301164944,20111101160459,116.380966,39.855564,429049762,146928701,10,84,1,1,50#
6017,$JYJ,13311026496,20111101160516,116.382385,39.859467,429055006,146943075,21,278,1,1,50#
6169,$JYJ,13311492215,20111101160514,116.388046,39.858025,429075878,146937800,17,352,1,1,50#
7820,$JYJ,13321199964,20111101160521,116.380600,39.852306,429048401,146916683,23,180,0,0,50#
68347,$JYJ,13331194749,20111101160751,116.387749,39.855602,429074805,146928871,0,88,1,1,50#
76476,$JYJ,13331194922,20111101160812,116.380730,39.854946,429048898,146926422,6,334,1,1,50#
52745,$JYJ,13301164952,20111101161717,116.387932,39.855454,429075477,146928297,0,98,1,1,50#
21798,$JYJ,13301272837,20111101161556,116.381798,39.855442,429052851,146928253,10,80,1,1,50#
43617,$JYJ,13311403303,20111101161652,116.382950,39.855591,429057095,146928795,30,88,1,1,50#
39534,$JYJ,13311426452,20111101161645,116.386887,39.855946,429071634,146930113,19,268,1,1,50#
107486,$JYJ,13311495363,20111101161941,116.380569,39.851009,429048309,146911914,0,178,0,0,50#
113305,$JYJ,13321174597,20111101161954,116.384972,39.857960,429064560,146937546,0,0,0,0,50#
105942,$JYJ,13301214460,20111101162431,116.381653,39.859451,429052295,146943022,15,272,1,1,50#
80741,$JYJ,13301272873,20111101162327,116.380501,39.851242,429048052,146912767,0,200,0,0,50#
90919,$JYJ,13311403748,20111101162353,116.380714,39.857830,429048851,146937040,13,316,1,1,50#
80095,$JYJ,13311426377,20111101162325,116.387970,39.852902,429075590,146918898,2,178,0,0,50#
54529,$JYJ,13311495279,20111101162219,116.382034,39.855511,429053723,146928514,41,88,0,0,50#
112054,$JYJ,13331194377,20111101162450,116.382713,39.859642,429056236,146943746,4,96,0,0,50#
6685,$JYJ,13301214141,20111101162517,116.380951,39.855915,429049732,146930007,0,268,0,0,50#
11303,$JYJ,13301272873,20111101162526,116.380730,39.854282,429048904,146923968,12,2,1,1,50#
68825,$JYJ,13331194377,20111101162801,116.387680,39.856312,429074521,146931474,17,304,1,1,50#
34726,$JYJ,13311426008,20111101163133,116.384903,39.858322,429064291,146938866,8,166,0,0,50#
92635,$JYJ,13311426008,20111101163401,116.381767,39.859436,429052712,146942973,10,250,1,1,50#
37898,$JYJ,13301214043,20111101163723,116.386398,39.855862,429069806,146929814,15,266,1,1,50#
51631,$JYJ,13311431579,20111101163801,116.387985,39.852413,429075675,146917090,0,130,0,0,50#
16338,$JYJ,13321164610,20111101163559,116.380486,39.857090,429047986,146934313,21,178,0,0,50#
111633,$JYJ,13381102554,20111101164444,116.380096,39.857704,429046556,146936594,4,138,1,1,50#
84203,$JYJ,13301157479,20111101164840,116.386032,39.855545,429068448,146928629,19,244,1,1,50#
6074,$JYJ,13301184093,20111101164513,116.385864,39.859821,429067856,146944420,2,0,0,0,50#
81094,$JYJ,13301184093,20111101164826,116.386864,39.855679,429071524,146929125,17,248,1,1,50#
28116,$JYJ,13311426351,20111101164610,116.380569,39.853165,429048295,146919864,21,180,0,0,50#
37721,$JYJ,13311426351,20111101164641,116.380531,39.853039,429048164,146919378,0,194,1,1,50#
9422,$JYJ,13311453303,20111101164522,116.381401,39.853790,429051355,146922172,0,8,0,0,50#
72226,$JYJ,13321164415,20111101164808,116.382233,39.855457,429054435,146928306,0,82,0,0,50#
73357,$JYJ,13381068964,20111101164802,116.384453,39.857643,429062626,146936386,8,270,0,0,50#
80848,$JYJ,13381068964,20111101164828,116.384033,39.856949,429061077,146933818,25,178,1,1,50#
93265,$JYJ,13311470328,20111101165358,116.385300,39.855556,429065761,146928691,15,88,1,1,50#
20646,$JYJ,13311487262,20111101165056,116.387314,39.855419,429073170,146928186,19,96,1,1,50#
41165,$JYJ,13311495228,20111101165148,116.388298,39.855503,429076829,146928501,15,266,1,1,50#
48093,$JYJ,13381102554,20111101165205,116.380966,39.850426,429049776,146909746,0,194,0,0,50#
85951,$JYJ,13311489565,20111101165854,116.380997,39.855572,429049874,146928741,6,124,0,0,50#
25697,$JYJ,13370129540,20111101165603,116.380867,39.859356,429049419,146942666,6,4,1,1,50#
89986,$JYJ,13381102554,20111101165908,116.380920,39.859802,429049607,146944310,30,12,1,1,50#
46477,$JYJ,13331154907,20111101170225,116.385834,39.855438,429067727,146928258,25,108,0,0,50#
89080,$JYJ,13301251402,20111101171343,116.381950,39.855465,429053397,146928334,13,86,1,1,50#
2728,$JYJ,13311453397,20111101171005,116.387352,39.855465,429073322,146928340,4,92,1,1,50#
82092,$JYJ,13311480700,20111101171325,116.380783,39.856186,429049097,146930978,2,0,1,1,50#
9738,$JYJ,13311001140,20111101171522,116.380585,39.851185,429048370,146912562,0,190,0,0,50#
16971,$JYJ,13311191431,20111101171542,116.380669,39.859608,429048685,146943607,0,156,1,1,50#
108656,$JYJ,13311426456,20111101171929,116.387550,39.855862,429074044,146929821,0,282,1,1,50#
87787,$JYJ,13311403184,20111101172335,116.384018,39.859413,429061042,146942890,0,352,0,0,50#
41837,$JYJ,13311453361,20111101172145,116.380699,39.850700,429048763,146910778,0,354,0,0,50#
57953,$JYJ,13321174803,20111101172221,116.380936,39.850773,429049645,146911051,17,0,1,1,50#
88635,$JYJ,13321199480,20111101172336,116.380936,39.850601,429049636,146910404,6,16,0,0,50#
42597,$JYJ,13311495111,20111101172647,116.383636,39.859325,429059620,146942580,0,114,0,0,50#
19011,$JYJ,13321199480,20111101172549,116.381248,39.855484,429050793,146928406,13,84,1,1,50#
48182,$JYJ,13331159456,20111101172656,116.384064,39.859451,429061222,146943037,0,72,0,0,50#
103977,$JYJ,13331159456,20111101172916,116.388046,39.856735,429075905,146933039,17,172,1,1,50#
80175,$JYJ,13311426499,20111101173317,116.384949,39.855308,429064451,146927764,12,98,1,1,50#
88434,$JYJ,13311488102,20111101173339,116.380569,39.859680,429048310,146943883,0,180,1,1,50#
114162,$JYJ,13311577043,20111101173446,116.380730,39.859489,429048895,146943173,10,6,1,1,50#
54762,$JYJ,13311403643,20111101173715,116.380699,39.858040,429048806,146937835,0,348,0,0,50#
33680,$JYJ,13311492247,20111101173627,116.387970,39.851147,429075612,146912440,6,184,0,0,50#
79069,$JYJ,13331185124,20111101173815,116.388069,39.853790,429075986,146922174,0,178,0,0,50#
46668,$JYJ,13331194823,20111101173657,116.389168,39.855888,429080024,146929911,2,260,1,1,50#
115413,$JYJ,13301254339,20111101174442,116.387520,39.855892,429073955,146929932,0,290,0,0,50#
80226,$JYJ,13311426271,20111101174315,116.380684,39.859383,429048751,146942773,10,8,1,1,50#
11923,$JYJ,13331185124,20111101174027,116.387802,39.853378,429075000,146920651,17,6,1,1,50#
20014,$JYJ,13381153612,20111101174049,116.380798,39.858475,429049134,146939428,2,24,0,0,50#
39061,$JYJ,13301254339,20111101174640,116.385635,39.855987,429066994,146930289,17,282,1,1,50#
83278,$JYJ,13311492247,20111101174831,116.386482,39.859337,429070118,146942609,0,284,1,1,50#
84362,$JYJ,13331194823,20111101174829,116.387932,39.853531,429075474,146921230,0,192,0,0,50#
98169,$JYJ,13331194922,20111101174904,116.380753,39.850750,429048961,146910954,4,346,1,1,50#
25234,$JYJ,13381235499,20111101174602,116.382782,39.859386,429056466,146942805,0,0,0,0,50#
38867,$JYJ,13381235499,20111101174639,116.382370,39.859379,429054961,146942757,10,270,1,1,50#
56668,$JYJ,13301204891,20111101175220,116.382797,39.859516,429056511,146943274,8,50,0,0,50#
66470,$JYJ,13331037124,20111101175245,116.384399,39.850910,429062443,146911553,17,170,0,0,50#
54593,$JYJ,13331186409,20111101175216,116.389198,39.852352,429080152,146916884,12,254,1,1,50#
17029,$JYJ,13381153612,20111101175043,116.380486,39.856274,429048014,146931330,8,190,1,1,50#
57439,$JYJ,13311403227,20111101175719,116.389381,39.855793,429080811,146929553,4,278,0,0,50#
46389,$JYJ,13311492070,20111101175651,116.384735,39.855969,429063672,146930186,19,254,1,1,50#
92678,$JYJ,13331194819,20111101175852,116.380882,39.854195,429049472,146923640,15,178,0,0,50#
9504,$JYJ,13311026462,20111101180022,116.385765,39.859451,429067486,146943052,12,266,1,1,50#
78361,$JYJ,13311480780,20111101180313,116.380966,39.854885,429049779,146926200,0,116,0,0,50#
98210,$JYJ,13311480780,20111101180359,116.381081,39.854908,429050197,146926287,10,90,1,1,50#
53070,$JYJ,13311487227,20111101180209,116.385552,39.855530,429066700,146928595,30,86,0,0,50#
63306,$JYJ,13331194819,20111101180235,116.380653,39.851444,429048623,146913499,30,0,1,1,50#
49473,$JYJ,13321164301,20111101180701,116.381103,39.859379,429050299,146942757,2,142,0,0,50#
52531,$JYJ,13321164361,20111101180708,116.380814,39.850452,429049187,146909853,0,0,0,0,50#
41756,$JYJ,13321164455,20111101180642,116.380669,39.850468,429048679,146909899,4,14,0,0,50#
98079,$JYJ,13331154782,20111101180905,116.380630,39.859757,429048528,146944148,12,0,1,1,50#
87375,$JYJ,13331159482,20111101180836,116.387833,39.851162,429075097,146912503,8,326,0,0,50#
105325,$JYJ,13331194091,20111101180920,116.380516,39.855091,429048115,146926947,0,160,0,0,50#
46287,$JYJ,13331194823,20111101180657,116.388367,39.855858,429077056,146929816,12,276,1,1,50#
49082,$JYJ,13331194930,20111101180701,116.380547,39.851437,429048221,146913476,17,178,0,0,50#
86412,$JYJ,13381100074,20111101180837,116.386009,39.859955,429068391,146944905,0,0,0,0,50#
31458,$JYJ,13301104037,20111101181118,116.388199,39.855900,429076437,146929961,12,354,1,1,50#
115522,$JYJ,13311426477,20111101181449,116.388466,39.855553,429077458,146928691,2,20,0,0,50#
26926,$JYJ,13331159482,20111101181106,116.387985,39.854912,429075668,146926315,12,350,1,1,50#
73168,$JYJ,13301157549,20111101181807,116.383064,39.859440,429057508,146942999,0,254,0,0,50#
88993,$JYJ,13301157549,20111101181842,116.383003,39.859451,429057295,146943052,12,274,1,1,50#
55492,$JYJ,13301204905,20111101181719,116.380302,39.850777,429047336,146911065,8,350,0,0,50#
109983,$JYJ,13301214559,20111101181935,116.386452,39.855892,429070015,146929931,38,270,1,1,50#
68252,$JYJ,13301214856,20111101181755,116.380364,39.853687,429047527,146921791,26,186,0,0,50#
61404,$JYJ,13311480690,20111101181733,116.387985,39.855927,429075675,146930044,10,268,1,1,50#
41811,$JYJ,13311487160,20111101181648,116.387398,39.859276,429073491,146942416,0,158,0,0,50#
87016,$JYJ,13311487160,20111101181842,116.386215,39.859413,429069131,146942894,0,256,1,1,50#
8175,$JYJ,13311488233,20111101181518,116.387848,39.855835,429075158,146929726,6,276,2,0,50#
88343,$JYJ,13321164361,20111101181845,116.380386,39.859749,429047613,146944118,12,348,1,1,50#
100194,$JYJ,13370126475,20111101181909,116.380447,39.854656,429047857,146925345,4,184,0,0,50#
62370,$JYJ,13381095994,20111101181737,116.380630,39.853779,429048552,146922110,13,344,1,1,50#
73969,$JYJ,13301174908,20111101182303,116.380501,39.859692,429048036,146943918,15,6,0,0,50#
67445,$JYJ,13311486431,20111101182250,116.380569,39.858151,429048325,146938250,43,358,0,0,50#
96002,$JYJ,13311486431,20111101182400,116.382835,39.859383,429056671,146942786,21,262,1,1,50#
25620,$JYJ,13311486555,20111101182107,116.384514,39.855419,429062863,146928179,2,116,0,0,50#
74514,$JYJ,13311486555,20111101182307,116.387268,39.855484,429073038,146928429,4,86,1,1,50#
14693,$JYJ,13321189848,20111101182041,116.383553,39.855770,429059309,146929477,6,260,1,1,50#
85162,$JYJ,13301214856,20111101182832,116.380386,39.854046,429047628,146923114,6,186,0,0,50#
115509,$JYJ,13301277596,20111101182944,116.380569,39.852848,429048312,146918686,8,358,0,0,50#
94958,$JYJ,13311403703,20111101182855,116.387550,39.855835,429074052,146929731,0,274,0,0,50#
49413,$JYJ,13321164543,20111101182659,116.387970,39.851467,429075595,146913610,2,180,1,1,50#
83238,$JYJ,13321164872,20111101182829,116.384682,39.855507,429063499,146928514,13,90,0,0,50#
66082,$JYJ,13331194899,20111101182743,116.380470,39.855911,429047931,146929963,10,272,1,1,50#
73143,$JYJ,13381100774,20111101182803,116.387970,39.856735,429075593,146933038,0,76,0,0,50#
70477,$JYJ,13301214159,20111101183258,116.380478,39.855015,429047960,146926674,17,180,0,0,50#
17050,$JYJ,13301277596,20111101183040,116.380585,39.853207,429048365,146919992,26,356,1,1,50#
69366,$JYJ,13311426351,20111101183252,116.382080,39.851276,429053862,146912883,4,66,0,0,50#
21250,$JYJ,13311488102,20111101183051,116.380630,39.853149,429048544,146919804,36,0,0,0,50#
33600,$JYJ,13311489359,20111101183125,116.380524,39.855160,429048137,146927207,17,166,1,1,50#
1176,$JYJ,13321164872,20111101183004,116.387436,39.855358,429073639,146927970,0,44,1,1,50#
19037,$JYJ,13331154868,20111101183050,116.380264,39.854153,429047158,146923504,26,190,0,0,50#
35548,$JYJ,13311022674,20111101183627,116.380569,39.851688,429048285,146914397,0,0,0,0,50#
76967,$JYJ,13301204850,20111101184308,116.380417,39.856739,429047736,146933014,8,182,0,0,50#
35114,$JYJ,13311431191,20111101184127,116.381149,39.859505,429050450,146943215,0,272,0,0,50#
32000,$JYJ,13301254087,20111101184617,116.386749,39.859337,429071090,146942628,0,314,0,0,50#
86409,$JYJ,13301254087,20111101184831,116.388031,39.857578,429075820,146936144,4,148,1,1,50#
19632,$JYJ,13311431424,20111101184547,116.381630,39.855873,429052208,146929851,0,264,0,0,50#
81959,$JYJ,13321174975,20111101184819,116.385033,39.857571,429064761,146936102,2,46,0,0,50#
30711,$JYJ,13321180394,20111101184615,116.382698,39.855740,429056145,146929346,43,270,0,0,50#
31977,$JYJ,13331188543,20111101184621,116.389404,39.852467,429080896,146917316,21,268,1,1,50#
22801,$JYJ,13331194892,20111101184553,116.382599,39.855877,429055808,146929853,45,270,0,0,50#
98815,$JYJ,13331194892,20111101184905,116.385986,39.859718,429068315,146944044,2,76,1,1,50#
100085,$JYJ,13311403546,20111101185405,116.384613,39.855843,429063211,146929752,0,228,0,0,50#
48935,$JYJ,13311495252,20111101185159,116.387917,39.857330,429075399,146935247,28,0,0,0,50#
37895,$JYJ,13321180438,20111101185136,116.380691,39.858486,429048751,146939479,2,0,0,0,50#
66655,$JYJ,13321180438,20111101185248,116.380966,39.859428,429049761,146942960,19,264,1,1,50#
108311,$JYJ,13331194042,20111101185425,116.387680,39.855873,429074559,146929873,0,30,0,0,50#
115774,$JYJ,13311191443,20111101185947,116.384750,39.855873,429063712,146929860,30,270,0,0,50#
70672,$JYJ,13321183496,20111101185758,116.385353,39.859528,429065976,146943341,21,104,0,0,50#
117620,$JYJ,13321183496,20111101185955,116.387947,39.856079,429075547,146930603,2,198,1,1,50#
21909,$JYJ,13311490937,20111101190059,116.388496,39.852413,429077547,146917112,0,100,0,0,50#
31150,$JYJ,13301214890,20111101190617,116.380547,39.854935,429048229,146926382,10,342,1,1,50#
76617,$JYJ,13301254230,20111101190810,116.381081,39.859375,429050173,146942754,0,86,0,0,50#
60968,$JYJ,13311426019,20111101190734,116.380669,39.858971,429048694,146941244,0,4,0,0,50#
58763,$JYJ,13311431289,20111101190729,116.380814,39.850113,429049215,146908602,4,356,0,0,50#
48940,$JYJ,13311431552,20111101190701,116.380714,39.853088,429048852,146919562,28,0,1,1,50#
8723,$JYJ,13331093497,20111101190524,116.380837,39.851391,429049301,146913316,13,0,1,1,50#
24925,$JYJ,13381078294,20111101190602,116.380684,39.851055,429048705,146912080,0,172,0,0,50#
37172,$JYJ,13311453377,20111101191137,116.380547,39.854805,429048233,146925914,30,176,0,0,50#
77178,$JYJ,13311453377,20111101191317,116.380608,39.853779,429048447,146922112,17,176,1,1,50#
64549,$JYJ,13331194863,20111101191246,116.388016,39.856224,429075793,146931166,21,174,0,0,50#
120119,$JYJ,13301164958,20111101191953,116.380051,39.854984,429046370,146926570,0,182,1,1,50#
74150,$JYJ,13311191452,20111101191806,116.380623,39.859520,429048527,146943271,13,348,0,0,50#
99599,$JYJ,13311453222,20111101191904,116.380684,39.850807,429048739,146911173,28,180,1,1,50#
68005,$JYJ,13321183458,20111101191748,116.381302,39.859569,429051011,146943452,0,236,0,0,50#
75552,$JYJ,13311495128,20111101192309,116.380837,39.850685,429049302,146910713,6,358,1,1,50#
111471,$JYJ,13311495379,20111101192936,116.381584,39.855869,429052049,146929838,12,90,0,0,50#
36209,$JYJ,13311001146,20111101193131,116.380615,39.852978,429048491,146919167,13,174,0,0,50#
44326,$JYJ,13311431244,20111101193151,116.380684,39.859642,429048741,146943749,25,358,0,0,50#
16396,$JYJ,13311495379,20111101193040,116.382034,39.855728,429053721,146929312,19,84,1,1,50#
3125,$JYJ,13311570423,20111101193005,116.383270,39.859589,429058277,146943529,32,92,0,0,50#
11743,$JYJ,13301157452,20111101193528,116.380798,39.854610,429049140,146925187,19,356,1,1,50#
3990,$JYJ,13311025840,20111101193508,116.385185,39.855480,429065347,146928389,0,86,0,0,50#
53141,$JYJ,13311495306,20111101193709,116.383934,39.858929,429060730,146941120,39,176,1,1,50#
54001,$JYJ,13331156458,20111101193712,116.380837,39.850464,429049293,146909907,2,336,0,0,50#
39415,$JYJ,13301214607,20111101194143,116.380165,39.852406,429046796,146917065,17,276,0,0,50#
49101,$JYJ,13311426330,20111101194202,116.380753,39.854217,429048992,146923743,0,150,0,0,50#
113572,$JYJ,13311486404,20111101194447,116.381882,39.855644,429053150,146928992,15,96,1,1,50#
103000,$JYJ,13331063481,20111101194419,116.382446,39.859459,429055253,146943077,8,266,1,1,50#
113801,$JYJ,13331192024,20111101194444,116.386002,39.855591,429068331,146928813,10,84,1,1,50#
32947,$JYJ,13331194488,20111101194127,116.388351,39.857384,429076999,146935432,15,62,1,1,50#
21782,$JYJ,13331194612,20111101194054,116.389397,39.857430,429080894,146935614,0,94,0,0,50#
83849,$JYJ,13331194612,20111101194334,116.388153,39.856495,429076298,146932163,25,356,1,1,50#
32524,$JYJ,13331194792,20111101194126,116.385017,39.856194,429064702,146931047,0,332,1,1,50#
39053,$JYJ,13301155479,20111101194635,116.381798,39.855606,429052826,146928871,17,84,1,1,50#
111762,$JYJ,13301157498,20111101194936,116.389252,39.857525,429080346,146935937,0,78,0,0,50#
43594,$JYJ,13301214872,20111101194645,116.387581,39.859341,429074159,146942633,4,14,0,0,50#
78057,$JYJ,13311431132,20111101194813,116.380684,39.853195,429048729,146919968,26,0,1,1,50#
39854,$JYJ,13311480690,20111101194638,116.384880,39.855991,429064217,146930290,15,270,1,1,50#
95487,$JYJ,13311492339,20111101194853,116.381416,39.859085,429051438,146941687,2,98,0,0,50#
98493,$JYJ,13331187068,20111101194907,116.380493,39.851208,429048028,146912633,0,0,0,0,50#
94089,$JYJ,13331194728,20111101194852,116.380630,39.854233,429048534,146923807,0,154,0,0,50#
52827,$JYJ,13311025840,20111101195210,116.385864,39.859444,429067830,146943029,4,270,1,1,50#
51314,$JYJ,13321164304,20111101195209,116.380470,39.858356,429047953,146938978,2,58,0,0,50#
8597,$JYJ,13301272392,20111101195520,116.380653,39.851280,429048596,146912902,0,178,0,0,50#
29464,$JYJ,13311453237,20111101195615,116.381165,39.851734,429050492,146914593,19,358,0,0,50#
104236,$JYJ,13311495361,20111101195956,116.380615,39.854309,429048489,146924079,30,180,0,0,50#
23934,$JYJ,13321174688,20111101195604,116.387749,39.853359,429074798,146920574,2,258,0,0,50#
110311,$JYJ,13301156748,20111101200441,116.380699,39.851463,429048789,146913573,0,170,0,0,50#
46777,$JYJ,13311426425,20111101200201,116.382950,39.855553,429057081,146928677,38,92,0,0,50#
30691,$JYJ,13311492081,20111101200120,116.380600,39.853245,429048430,146920159,0,192,0,0,50#
22975,$JYJ,13311495361,20111101200056,116.380669,39.853172,429048655,146919876,0,174,1,1,50#
49969,$JYJ,13321190147,20111101200205,116.380653,39.856628,429048597,146932622,6,354,1,1,50#
98480,$JYJ,13331159479,20111101200412,116.380714,39.851585,429048820,146914017,36,358,0,0,50#
77643,$JYJ,13331184844,20111101200320,116.380501,39.858673,429048039,146940154,6,192,1,1,50#
88908,$JYJ,13301156748,20111101200845,116.382446,39.855537,429055213,146928608,19,82,1,1,50#
88916,$JYJ,13311453484,20111101200844,116.386269,39.855869,429069330,146929855,25,262,1,1,50#
42612,$JYJ,13331194612,20111101200647,116.382820,39.859390,429056606,146942800,12,230,0,0,50#
107428,$JYJ,13381083493,20111101200934,116.388084,39.852619,429076051,146917877,17,358,1,1,50#
94663,$JYJ,13321174827,20111101201353,116.385017,39.853626,429064703,146921560,0,190,0,0,50#
14906,$JYJ,13331093496,20111101201033,116.388283,39.852459,429076777,146917288,6,256,1,1,50#
1618,$JYJ,13301214757,20111101201502,116.381683,39.855457,429052399,146928309,19,94,1,1,50#
75640,$JYJ,13311403651,20111101201805,116.388069,39.856331,429075973,146931530,8,204,0,0,50#
100179,$JYJ,13311403651,20111101201906,116.387619,39.855904,429074308,146929956,8,272,1,1,50#
113815,$JYJ,13311489398,20111101201941,116.380081,39.856003,429046499,146930324,15,262,1,1,50#
87564,$JYJ,13331187063,20111101201833,116.388016,39.856381,429075776,146931713,13,192,0,0,50#
2755,$JYJ,13331187063,20111101202005,116.387718,39.855888,429074692,146929917,4,282,1,1,50#
57420,$JYJ,13381068904,20111101202224,116.381653,39.859459,429052318,146943051,8,268,1,1,50#
62900,$JYJ,13301157445,20111101202733,116.383247,39.859398,429058174,146942834,19,268,1,1,50#
69185,$JYJ,13301254075,20111101202749,116.380768,39.852985,429049028,146919187,0,2,0,0,50#
103933,$JYJ,13311403682,20111101202916,116.382034,39.859455,429053733,146943062,17,272,1,1,50#
22833,$JYJ,13311453365,20111101202556,116.382401,39.855545,429055053,146928638,0,94,1,1,50#
15223,$JYJ,13311480682,20111101202536,116.380753,39.850937,429048972,146911651,23,180,0,0,50#
33652,$JYJ,13311492093,20111101202621,116.385635,39.855713,429067000,146929253,34,270,1,1,50#
48512,$JYJ,13331194728,20111101202657,116.387169,39.859459,429072663,146943084,0,116,0,0,50#
102172,$JYJ,13301156934,20111101203413,116.380951,39.855923,429049720,146930027,17,268,1,1,50#
73859,$JYJ,13301164954,20111101203301,116.387733,39.855919,429074746,146930020,10,256,1,1,50#
76265,$JYJ,13311431504,20111101203314,116.380600,39.854523,429048403,146924870,0,142,1,1,50#
110725,$JYJ,13311489591,20111101203435,116.386719,39.855896,429071001,146929935,17,266,1,1,50#
27249,$JYJ,13311492119,20111101203106,116.380714,39.856453,429048836,146931989,30,182,0,0,50#
51743,$JYJ,13331154907,20111101203208,116.380699,39.851555,429048762,146913932,0,132,0,0,50#
43557,$JYJ,13331184959,20111101203148,116.385887,39.859966,429067914,146944957,0,2,0,0,50#
73007,$JYJ,13331184959,20111101203301,116.385902,39.859974,429068005,146944985,0,232,1,1,50#
27149,$JYJ,13331194463,20111101203106,116.382652,39.859089,429055993,146941716,6,2,0,0,50#
96469,$JYJ,13381232437,20111101203359,116.380814,39.856148,429049211,146930837,6,340,1,1,50#
6807,$JYJ,13311495339,20111101203514,116.385498,39.855953,429066476,146930161,17,240,1,1,50#
85559,$JYJ,13321183463,20111101203833,116.384949,39.855507,429064472,146928497,2,126,0,0,50#
55350,$JYJ,13381063104,20111101203718,116.384552,39.857594,429062988,146936204,0,258,0,0,50#
29070,$JYJ,13301214160,20111101204131,116.381157,39.855480,429050465,146928385,10,100,0,0,50#
9780,$JYJ,13301214475,20111101204527,116.380699,39.853458,429048778,146920926,10,172,0,0,50#
3530,$JYJ,13311403721,20111101204510,116.387917,39.853016,429075422,146919332,4,356,1,1,50#
7102,$JYJ,13311492176,20111101204520,116.386017,39.859592,429068407,146943550,8,342,0,0,50#
47896,$JYJ,13311492176,20111101204659,116.385986,39.859623,429068284,146943688,0,118,1,1,50#
43417,$JYJ,13321164359,20111101204650,116.380684,39.859592,429048726,146943533,8,356,1,1,50#
76429,$JYJ,13331111430,20111101204812,116.387917,39.856419,429075408,146931856,13,186,0,0,50#
45803,$JYJ,13331194043,20111101204658,116.385735,39.859402,429067373,146942871,13,254,1,1,50#
74288,$JYJ,13331194792,20111101204810,116.384552,39.851009,429062978,146911923,0,122,0,0,50#
12231,$JYJ,13301214475,20111101205031,116.380882,39.859963,429049443,146944918,25,356,1,1,50#
24641,$JYJ,13311020694,20111101205059,116.388184,39.855541,429076381,146928637,0,0,1,1,50#
94649,$JYJ,13311453395,20111101205401,116.380890,39.851021,429049478,146911962,0,0,1,1,50#
95726,$JYJ,13311492259,20111101205405,116.386002,39.859932,429068340,146944826,8,356,0,0,50#
68516,$JYJ,13311581455,20111101205252,116.384514,39.859394,429062882,146942838,17,76,1,1,50#
89064,$JYJ,13381083409,20111101205345,116.380531,39.854038,429048184,146923087,0,184,0,0,50#
112635,$JYJ,13381083493,20111101205443,116.387863,39.855679,429075209,146929142,17,88,1,1,50#
25580,$JYJ,13331194792,20111101205607,116.380814,39.856113,429049225,146930739,2,356,1,1,50#
23968,$JYJ,13381083409,20111101205605,116.380699,39.850571,429048797,146910299,0,180,1,1,50#
25074,$JYJ,13311403642,20111101210104,116.386642,39.855927,429070732,146930069,8,262,1,1,50#
61832,$JYJ,13311486354,20111101210236,116.387932,39.853195,429075466,146919970,19,10,1,1,50#
102955,$JYJ,13311489543,20111101210418,116.387817,39.853867,429075059,146922475,6,4,1,1,50#
8703,$JYJ,13311492176,20111101210021,116.386085,39.859516,429068676,146943301,15,302,1,1,50#
8184,$JYJ,13311495066,20111101210015,116.386414,39.855873,429069868,146929865,32,272,1,1,50#
52648,$JYJ,13301128406,20111101210709,116.380630,39.852009,429048531,146915583,10,184,0,0,50#
65695,$JYJ,13301156240,20111101210743,116.380630,39.854568,429048526,146925034,30,0,1,1,50#
45645,$JYJ,13301214869,20111101210653,116.388649,39.855228,429078130,146927487,17,98,0,0,50#
68562,$JYJ,13301214869,20111101210750,116.388817,39.855228,429078725,146927487,6,76,1,1,50#
58686,$JYJ,13311426384,20111101210725,116.380333,39.853966,429047440,146922821,17,168,0,0,50#
66654,$JYJ,13311486431,20111101210748,116.385315,39.855728,429065823,146929333,28,82,1,1,50#
44177,$JYJ,13311581455,20111101210650,116.386566,39.855896,429070427,146929947,8,262,1,1,50#
52540,$JYJ,13331154817,20111101210710,116.380730,39.859417,429048878,146942907,13,6,1,1,50#
92881,$JYJ,13331159410,20111101210854,116.387932,39.851318,429075456,146913055,0,148,0,0,50#
12940,$JYJ,13331194973,20111101210535,116.380547,39.859268,429048218,146942364,6,176,1,1,50#
89540,$JYJ,13381096549,20111101210845,116.388802,39.853073,429078673,146919551,17,274,1,1,50#
59370,$JYJ,13301254267,20111101211230,116.380547,39.852436,429048204,146917161,13,178,0,0,50#
55127,$JYJ,13311431104,20111101211214,116.385666,39.859978,429067099,146944979,0,2,0,0,50#
16069,$JYJ,13311431305,20111101211041,116.388184,39.852406,429076414,146917067,4,246,0,0,50#
31998,$JYJ,13311431546,20111101211118,116.384399,39.850815,429062435,146911186,0,164,0,0,50#
81839,$JYJ,13311581074,20111101211322,116.385536,39.851269,429066623,146912879,0,0,0,0,50#
3001,$JYJ,13321199457,20111101211006,116.380486,39.859959,429048000,146944902,15,318,1,1,50#
38509,$JYJ,13331156449,20111101211135,116.388046,39.856338,429075872,146931569,0,234,0,0,50#
33181,$JYJ,13381069142,20111101211123,116.388313,39.856468,429076876,146932064,2,22,0,0,50#
33814,$JYJ,13301155490,20111101211623,116.380615,39.852234,429048488,146916413,30,178,0,0,50#
76484,$JYJ,13311486435,20111101211805,116.380837,39.851513,429049289,146913776,12,354,0,0,50#
58258,$JYJ,13311581074,20111101211725,116.387901,39.855579,429075371,146928767,6,106,1,1,50#
98441,$JYJ,13301127453,20111101212358,116.382065,39.855522,429053838,146928558,0,94,0,0,50#
25386,$JYJ,13301204967,20111101212102,116.388267,39.855892,429076700,146929915,0,286,0,0,50#
4286,$JYJ,13301251497,20111101212009,116.380135,39.855496,429046700,146928437,0,92,0,0,50#
35963,$JYJ,13311020694,20111101212124,116.380585,39.852959,429048360,146919084,0,0,0,0,50#
102751,$JYJ,13321164532,20111101212407,116.387833,39.855854,429075122,146929793,0,258,0,0,50#
81842,$JYJ,13331154890,20111101212316,116.381851,39.855461,429053020,146928322,0,94,0,0,50#
86877,$JYJ,13331194362,20111101212324,116.380585,39.851833,429048360,146914929,0,178,0,0,50#
104350,$JYJ,13331154882,20111101212914,116.380501,39.854969,429048047,146926494,2,168,0,0,50#
28803,$JYJ,13370126412,20111101212609,116.380516,39.850986,429048114,146911809,0,182,0,0,50#
105427,$JYJ,13370126412,20111101212918,116.380730,39.851257,429048889,146912806,12,346,1,1,50#
122635,$JYJ,13301214626,20111101213457,116.389053,39.852585,429079619,146917740,12,88,1,1,50#
33696,$JYJ,13311024074,20111101213121,116.380516,39.853127,429048126,146919714,0,0,0,0,50#
61877,$JYJ,13311426491,20111101213229,116.387154,39.859337,429072597,146942640,0,58,0,0,50#
105245,$JYJ,13311470325,20111101213418,116.385849,39.859688,429067793,146943923,0,354,0,0,50#
53323,$JYJ,13311489317,20111101213208,116.380753,39.852898,429048959,146918885,28,342,0,0,50#
107345,$JYJ,13311489317,20111101213423,116.380768,39.853668,429049046,146921698,0,348,1,1,50#
3426,$JYJ,13311492190,20111101213008,116.380547,39.854443,429048231,146924575,17,192,0,0,50#
111987,$JYJ,13311563794,20111101213434,116.381401,39.859467,429051357,146943091,8,212,1,1,50#
69561,$JYJ,13331154882,20111101213252,116.380714,39.853008,429048824,146919271,25,358,1,1,50#
17800,$JYJ,13381101584,20111101213044,116.384964,39.853611,429064520,146921510,0,172,0,0,50#
76220,$JYJ,13311403721,20111101213810,116.388451,39.859299,429077395,146942479,0,354,1,1,50#
88756,$JYJ,13331093434,20111101213841,116.388001,39.855823,429075734,146929684,23,266,0,0,50#
58573,$JYJ,13311300594,20111101214229,116.380745,39.852837,429048964,146918655,0,12,0,0,50#
105397,$JYJ,13311300594,20111101214426,116.387718,39.855446,429074691,146928298,17,86,1,1,50#
77065,$JYJ,13331156458,20111101214310,116.385719,39.855354,429067301,146927948,4,226,0,0,50#
113962,$JYJ,13331156458,20111101214444,116.388802,39.855415,429078690,146928187,0,82,1,1,50#
39894,$JYJ,13331194379,20111101214137,116.386002,39.855866,429068342,146929837,25,268,0,0,50#
4548,$JYJ,13301214184,20111101214510,116.380730,39.852215,429048909,146916347,38,358,1,1,50#
27176,$JYJ,13311495297,20111101214612,116.388130,39.856358,429076218,146931651,0,238,0,0,50#
26468,$JYJ,13301156794,20111101215104,116.380730,39.853210,429048886,146920025,15,356,1,1,50#
12815,$JYJ,13301214607,20111101215029,116.389633,39.852520,429081724,146917499,2,142,0,0,50#
111934,$JYJ,13381068784,20111101215437,116.381035,39.859276,429050017,146942372,4,98,0,0,50#
17293,$JYJ,13301214869,20111101215543,116.380600,39.852798,429048401,146918487,12,190,0,0,50#
49275,$JYJ,13311431305,20111101215701,116.387466,39.855972,429073760,146930226,28,268,1,1,50#
57969,$JYJ,13311486535,20111101215729,116.380730,39.852997,429048910,146919250,13,354,1,1,50#
36546,$JYJ,13321174623,20111101215630,116.380585,39.859558,429048366,146943432,6,178,1,1,50#
82681,$JYJ,13331154915,20111101215827,116.380699,39.859795,429048805,146944281,2,354,0,0,50#
73644,$JYJ,13331156499,20111101215805,116.381630,39.855461,429052228,146928310,12,82,1,1,50#
38940,$JYJ,13311426349,20111101220140,116.387962,39.852348,429075603,146916869,6,180,0,0,50#
75071,$JYJ,13311426349,20111101220308,116.388130,39.853775,429076204,146922110,19,0,1,1,50#
41145,$JYJ,13331194247,20111101220146,116.381348,39.859436,429051171,146942987,12,272,1,1,50#
73748,$JYJ,13311431176,20111101220802,116.382317,39.851391,429054759,146913313,0,110,0,0,50#
101989,$JYJ,13301157476,20111101221415,116.380600,39.854328,429048429,146924153,28,182,1,1,50#
86044,$JYJ,13301214650,20111101221335,116.383118,39.855522,429057689,146928566,34,90,0,0,50#
39806,$JYJ,13311453377,20111101221142,116.381592,39.855488,429052072,146928429,25,84,1,1,50#
61331,$JYJ,13301272172,20111101221730,116.381416,39.859440,429051447,146942974,15,264,1,1,50#
96784,$JYJ,13301277580,20111101222400,116.386017,39.855839,429068409,146929714,0,278,1,1,50#
71222,$JYJ,13311403248,20111101222253,116.387604,39.855900,429074245,146929970,17,264,1,1,50#
54374,$JYJ,13311453365,20111101222210,116.384430,39.850777,429062560,146911057,0,176,0,0,50#
6572,$JYJ,13311570984,20111101222013,116.380585,39.852539,429048374,146917539,28,170,1,1,50#
26739,$JYJ,13321164515,20111101222104,116.380600,39.853432,429048430,146920828,34,180,0,0,50#
71475,$JYJ,13321164515,20111101222254,116.380753,39.852951,429048979,146919076,15,354,1,1,50#
7809,$JYJ,13321164520,20111101222017,116.380768,39.854805,429049034,146925904,0,2,0,0,50#
16099,$JYJ,13331188543,20111101222042,116.380722,39.859181,429048883,146942018,0,0,0,0,50#
25962,$JYJ,13381068142,20111101222100,116.386482,39.855919,429070127,146930007,19,264,1,1,50#
92134,$JYJ,13311487101,20111101222850,116.381020,39.855892,429049953,146929914,13,270,1,1,50#
104818,$JYJ,13321199684,20111101222920,116.385582,39.858894,429066817,146940977,6,178,1,1,50#
93787,$JYJ,13331156447,20111101222848,116.388184,39.856911,429076393,146933673,43,0,0,0,50#
51275,$JYJ,13311453232,20111101223209,116.387901,39.853016,429075341,146919338,21,358,1,1,50#
73302,$JYJ,13331154923,20111101223132,116.380470,39.853298,429047958,146920335,10,226,0,0,50#
81890,$JYJ,13301214552,20111101223824,116.384102,39.855129,429061322,146927098,0,68,0,0,50#
81665,$JYJ,13311453344,20111101223827,116.385872,39.855442,429067866,146928258,10,100,0,0,50#
27800,$JYJ,13311453469,20111101223613,116.380623,39.854103,429048515,146923314,21,186,1,1,50#
85024,$JYJ,13331154797,20111101223831,116.388046,39.858395,429075878,146939151,0,0,1,1,50#
97192,$JYJ,13331194328,20111101223905,116.380516,39.855259,429048127,146927586,19,174,1,1,50#
102490,$JYJ,13311191408,20111101224412,116.386055,39.859966,429068569,146944942,2,6,1,1,50#
12249,$JYJ,13321164800,20111101224031,116.388001,39.855187,429075705,146927328,21,188,0,0,50#
53768,$JYJ,13331156495,20111101224209,116.385284,39.855701,429065715,146929203,0,74,0,0,50#
63144,$JYJ,13331156495,20111101224233,116.385620,39.855679,429066949,146929131,13,106,1,1,50#
4528,$JYJ,13381068143,20111101224010,116.387886,39.858566,429075321,146939795,0,186,0,0,50#
87778,$JYJ,13381068143,20111101224337,116.382667,39.859501,429056059,146943229,0,326,1,1,50#
43351,$JYJ,13301214148,20111101224648,116.381027,39.855473,429049985,146928351,6,122,0,0,50#
102026,$JYJ,13301214285,20111101224908,116.380783,39.851181,429049077,146912537,36,356,1,1,50#
115532,$JYJ,13311431453,20111101224944,116.385635,39.855888,429067012,146929917,19,262,1,1,50#
97383,$JYJ,13311453365,20111101224857,116.380768,39.852032,429049030,146915663,4,32,0,0,50#
22954,$JYJ,13311495272,20111101224556,116.380653,39.852539,429048606,146917543,26,182,1,1,50#
114559,$JYJ,13311495328,20111101224938,116.380386,39.852661,429047630,146917995,12,0,0,0,50#
111083,$JYJ,13321164800,20111101224929,116.380898,39.859386,429049531,146942801,0,0,1,1,50#
10347,$JYJ,13321174657,20111101224526,116.386025,39.853451,429068451,146920936,10,184,0,0,50#
69739,$JYJ,13301214861,20111101225255,116.387955,39.854672,429075545,146925417,0,0,0,0,50#
40149,$JYJ,13311426041,20111101225138,116.380516,39.859718,429048104,146943998,25,6,1,1,50#
11120,$JYJ,13311453472,20111101225024,116.380798,39.851120,429049165,146912303,13,342,1,1,50#
50330,$JYJ,13321164415,20111101225207,116.380188,39.855919,429046913,146930014,0,0,0,0,50#
87708,$JYJ,13331156499,20111101225334,116.382515,39.859299,429055472,146942486,0,110,0,0,50#
24415,$JYJ,13331194412,20111101225100,116.384033,39.855465,429061103,146928350,0,92,0,0,50#
322,$JYJ,13301155470,20111101225503,116.384468,39.859512,429062696,146943261,26,270,1,1,50#
88919,$JYJ,13301254207,20111101225845,116.380669,39.855236,429048657,146927482,0,18,0,0,50#
816,$JYJ,13381095174,20111101225501,116.381180,39.855259,429050556,146927583,13,84,1,1,50#
7371,$JYJ,13311426333,20111101230016,116.385117,39.859463,429065101,146943076,13,266,1,1,50#
68782,$JYJ,13331184785,20111101230247,116.380615,39.859444,429048456,146943005,10,18,1,1,50#
26238,$JYJ,13331194772,20111101230104,116.387970,39.851879,429075618,146915138,0,202,0,0,50#
26459,$JYJ,13301204872,20111101230605,116.380547,39.859757,429048215,146944159,19,356,0,0,50#
33905,$JYJ,13311470433,20111101230627,116.380699,39.859879,429048799,146944605,26,356,1,1,50#
50596,$JYJ,13311489345,20111101230706,116.388969,39.855987,429079305,146930276,13,264,1,1,50#
51299,$JYJ,13331194772,20111101230707,116.381165,39.859406,429050507,146942878,25,288,1,1,50#
98360,$JYJ,13301214148,20111101231404,116.388413,39.855877,429077264,146929868,15,266,1,1,50#
51254,$JYJ,13311162459,20111101231206,116.380653,39.852489,429048634,146917380,34,178,1,1,50#
9593,$JYJ,13311487165,20111101231023,116.384453,39.859455,429062650,146943051,21,250,1,1,50#
74485,$JYJ,13331188544,20111101231302,116.380569,39.852898,429048299,146918876,4,178,0,0,50#
39644,$JYJ,13311453241,20111101231642,116.388382,39.855503,429077151,146928510,0,0,0,0,50#
103417,$JYJ,13311495131,20111101231920,116.387253,39.859451,429072956,146943058,19,94,0,0,50#
104190,$JYJ,13311495131,20111101232418,116.380730,39.859787,429048911,146944257,6,0,1,1,50#
70329,$JYJ,13321174643,20111101232253,116.384934,39.854408,429064408,146924456,32,178,0,0,50#
119896,$JYJ,13331063483,20111101232501,116.387802,39.851841,429074991,146914996,0,220,0,0,50#
34436,$JYJ,13301164973,20111101233128,116.386665,39.855583,429070789,146928791,0,96,0,0,50#
56467,$JYJ,13311487119,20111101233220,116.384064,39.855862,429061207,146929814,4,352,0,0,50#
43814,$JYJ,13331194239,20111101233151,116.383499,39.855900,429059122,146929929,0,272,0,0,50#
108948,$JYJ,13381153638,20111101233437,116.386681,39.855823,429070862,146929687,13,256,1,1,50#
21315,$JYJ,13311486531,20111101233555,116.385536,39.855911,429066621,146930003,2,278,0,0,50#
107548,$JYJ,13321164434,20111101233935,116.380493,39.855030,429048009,146926723,32,178,0,0,50#
66989,$JYJ,13301164951,20111101234249,116.380531,39.856426,429048150,146931871,13,178,0,0,50#
51378,$JYJ,13311403138,20111101234208,116.380531,39.851269,429048175,146912877,0,168,0,0,50#
116923,$JYJ,13311453472,20111101234455,116.384018,39.859600,429061040,146943595,15,256,0,0,50#
106750,$JYJ,13311489619,20111101234432,116.388252,39.852486,429076669,146917386,0,54,0,0,50#
86538,$JYJ,13331154803,20111101234338,116.380516,39.857590,429048124,146936175,19,178,1,1,50#
69652,$JYJ,13331194883,20111101234255,116.381432,39.855354,429051493,146927921,8,116,1,1,50#
19470,$JYJ,13311453472,20111101234550,116.381348,39.859634,429051159,146943698,8,268,1,1,50#
110598,$JYJ,13311489619,20111101234947,116.385803,39.859425,429067616,146942930,13,270,1,1,50#
1390,$JYJ,13331188754,20111101234503,116.388931,39.855503,429079151,146928483,12,100,0,0,50#
93756,$JYJ,13311300594,20111101235402,116.380554,39.859215,429048259,146942153,8,178,1,1,50#
77463,$JYJ,13301214254,20111101235818,116.385834,39.859486,429067752,146943187,8,272,1,1,50#
17465,$JYJ,13331184799,20111101235548,116.389702,39.851410,429081987,146913412,10,48,0,0,50#
41226,$JYJ,13331184802,20111101235645,116.380547,39.859520,429048217,146943296,2,182,1,1,50#
93708,$JYJ,13381232463,20111101235859,116.380753,39.851002,429048981,146911880,0,0,0,0,50#
