26632,$JYJ,13321174747,20111101000116,116.414902,39.914307,429174901,147145276,4,86,1,1,50#
26573,$JYJ,13381235459,20111101000119,116.414284,39.911533,429172630,147135045,0,290,0,0,50#
13133,$JYJ,13331063440,20111101000547,116.418877,39.914101,429189553,147144527,13,90,1,1,50#
20068,$JYJ,13311191468,20111101001054,116.412537,39.914127,429166197,147144612,2,40,0,0,50#
57857,$JYJ,13381095554,20111101001252,116.418465,39.914162,429188035,147144747,0,210,1,1,50#
42385,$JYJ,13311021074,20111101001712,116.411819,39.914814,429163574,147147143,10,188,1,1,50#
91436,$JYJ,13311426495,20111101002444,116.414650,39.911381,429173986,147134505,0,102,0,0,50#
86178,$JYJ,13311453263,20111101002428,116.418663,39.914276,429188776,147145152,12,270,1,1,50#
20477,$JYJ,13311453216,20111101003101,116.410332,39.917954,429158066,147158750,2,4,0,0,50#
60074,$JYJ,13311480768,20111101003305,116.412170,39.911304,429164836,147134220,32,178,0,0,50#
73663,$JYJ,13331184793,20111101003328,116.417748,39.915707,429185421,147150425,0,274,0,0,50#
6213,$JYJ,13301164961,20111101003518,116.413483,39.915653,429169691,147150254,0,92,0,0,50#
58379,$JYJ,13381069149,20111101003751,116.410004,39.913975,429156878,147144075,4,348,1,1,50#
44997,$JYJ,13381083469,20111101004208,116.410263,39.914242,429157836,147145039,0,86,1,1,50#
78464,$JYJ,13311431504,20111101004851,116.411530,39.915173,429162500,147148482,2,340,0,0,50#
11731,$JYJ,13381077412,20111101004532,116.410698,39.914135,429159437,147144667,10,90,1,1,50#
34730,$JYJ,13331184793,20111101005139,116.416985,39.914543,429182579,147146164,2,32,0,0,50#
22277,$JYJ,13311470388,20111101010107,116.411346,39.911537,429161824,147135082,8,268,1,1,50#
38214,$JYJ,13311453223,20111101011153,116.411850,39.911404,429163692,147134574,17,164,1,1,50#
91342,$JYJ,13311488119,20111101011440,116.419266,39.914162,429190988,147144733,21,102,1,1,50#
88202,$JYJ,13331188643,20111101011939,116.411423,39.916542,429162096,147153537,0,0,0,0,50#
52802,$JYJ,13311431081,20111101012244,116.417633,39.915707,429184984,147150421,2,306,0,0,50#
34943,$JYJ,13321164791,20111101012147,116.418701,39.914631,429188929,147146483,6,96,1,1,50#
79194,$JYJ,13311480698,20111101012908,116.413300,39.915268,429169010,147148816,0,284,0,0,50#
2770,$JYJ,13381102684,20111101012503,116.419251,39.914166,429190924,147144766,0,112,1,1,50#
3055,$JYJ,13311470341,20111101013009,116.410332,39.914253,429158083,147145107,13,290,0,0,50#
30806,$JYJ,13311453429,20111101013631,116.411636,39.914387,429162903,147145575,17,356,1,1,50#
34652,$JYJ,13301214852,20111101014149,116.413231,39.914467,429168756,147145861,10,280,1,1,50#
61473,$JYJ,13311453268,20111101014308,116.413498,39.914303,429169754,147145260,6,94,1,1,50#
56428,$JYJ,13311453315,20111101014259,116.413666,39.914337,429170369,147145403,0,92,1,1,50#
57847,$JYJ,13311492174,20111101014307,116.413574,39.914379,429170032,147145568,0,0,1,1,50#
41394,$JYJ,13311431073,20111101014713,116.411530,39.914841,429162483,147147258,23,172,1,1,50#
36331,$JYJ,13331184821,20111101015157,116.418266,39.913601,429187317,147142685,0,0,3,0,50#
18205,$JYJ,13301157431,20111101015557,116.413315,39.914268,429169056,147145139,8,274,1,1,50#
70866,$JYJ,13311453307,20111101015859,116.412216,39.913784,429165031,147143347,17,316,0,0,50#
74471,$JYJ,13311162438,20111101021914,116.411484,39.911358,429162324,147134432,12,282,1,1,50#
16595,$JYJ,13331156477,20111101021550,116.411766,39.914024,429163359,147144234,13,118,1,1,50#
55397,$JYJ,13331194309,20111101021801,116.411514,39.914200,429162445,147144900,30,356,1,1,50#
57420,$JYJ,13311453263,20111101025319,116.413734,39.914352,429170617,147145468,0,0,1,1,50#
26299,$JYJ,13331194607,20111101030132,116.418930,39.914211,429189771,147144909,32,266,1,1,50#
44082,$JYJ,13301125489,20111101034238,116.412384,39.911236,429165622,147133976,0,274,0,0,50#
41658,$JYJ,13311020741,20111101040231,116.411316,39.916386,429161704,147152946,2,302,0,0,50#
54194,$JYJ,13331194169,20111101040320,116.419487,39.911343,429191809,147134360,2,280,0,0,50#
45955,$JYJ,13301204907,20111101041756,116.411530,39.910973,429162492,147132996,0,186,0,0,50#
15073,$JYJ,13321164595,20111101043557,116.410652,39.914532,429159267,147146125,2,258,0,0,50#
28141,$JYJ,13321164595,20111101043648,116.410584,39.914440,429158993,147145795,10,262,1,1,50#
49115,$JYJ,13321199445,20111101043808,116.411720,39.910664,429163211,147131864,0,180,0,0,50#
16804,$JYJ,13381066854,20111101043600,116.411736,39.910839,429163242,147132490,17,356,0,0,50#
17808,$JYJ,13321180454,20111101044102,116.412018,39.910267,429164291,147130406,2,348,0,0,50#
68939,$JYJ,13331184802,20111101045912,116.417534,39.918659,429184623,147161309,8,132,0,0,50#
70462,$JYJ,13331154838,20111101051405,116.411636,39.910686,429162889,147131956,0,172,0,0,50#
42216,$JYJ,13331194141,20111101051725,116.411720,39.910561,429163178,147131493,0,6,0,0,50#
60575,$JYJ,13311403482,20111101052330,116.411491,39.918831,429162344,147161968,8,354,1,1,50#
1630,$JYJ,13331154838,20111101052005,116.411682,39.911362,429163069,147134441,0,0,0,0,50#
59306,$JYJ,13301184068,20111101052820,116.412216,39.910728,429165007,147132110,21,94,0,0,50#
12076,$JYJ,13301272312,20111101052536,116.417183,39.910732,429183328,147132086,36,88,0,0,50#
10616,$JYJ,13311453492,20111101054532,116.411682,39.911121,429163064,147133531,26,180,0,0,50#
44657,$JYJ,13311453492,20111101054718,116.411720,39.910832,429163200,147132464,15,358,1,1,50#
86781,$JYJ,13370126413,20111101055433,116.411682,39.911358,429163037,147134416,34,172,0,0,50#
90412,$JYJ,13381232400,20111101055444,116.411385,39.916809,429161973,147154499,2,326,1,1,50#
81264,$JYJ,13331184846,20111101061403,116.411346,39.917397,429161828,147156666,19,344,1,1,50#
91736,$JYJ,13301125460,20111101061933,116.411682,39.911198,429163039,147133822,38,354,0,0,50#
34763,$JYJ,13331188704,20111101061641,116.411552,39.915474,429162579,147149597,0,192,0,0,50#
332,$JYJ,13301125460,20111101062001,116.411636,39.912796,429162882,147139733,23,354,1,1,50#
34360,$JYJ,13301157407,20111101062141,116.411614,39.910835,429162804,147132482,17,356,0,0,50#
28729,$JYJ,13311492102,20111101062122,116.411598,39.911125,429162751,147133550,2,186,0,0,50#
12833,$JYJ,13301157407,20111101062533,116.411346,39.918148,429161833,147159465,26,174,1,1,50#
282,$JYJ,13301214175,20111101062453,116.411430,39.913879,429162138,147143703,2,216,1,1,50#
29432,$JYJ,13311426375,20111101062558,116.411720,39.913132,429163191,147140950,6,198,1,1,50#
70058,$JYJ,13311191460,20111101063329,116.410850,39.917408,429159984,147156712,19,268,0,0,50#
67023,$JYJ,13311403259,20111101063316,116.411835,39.910870,429163605,147132614,8,162,0,0,50#
42579,$JYJ,13301155472,20111101063700,116.411720,39.912483,429163179,147138567,25,2,0,0,50#
101801,$JYJ,13301156194,20111101063955,116.411430,39.911800,429162125,147136052,0,160,0,0,50#
28433,$JYJ,13311495245,20111101063623,116.411758,39.910686,429163329,147131931,2,358,0,0,50#
85577,$JYJ,13311495132,20111101064410,116.414368,39.910675,429172957,147131884,0,120,1,1,50#
4479,$JYJ,13321164883,20111101064003,116.419251,39.914414,429190931,147145652,12,278,0,0,50#
91398,$JYJ,13331194365,20111101064426,116.411766,39.911411,429163374,147134605,19,180,0,0,50#
34453,$JYJ,13331187135,20111101064802,116.419113,39.914425,429190449,147145695,32,278,0,0,50#
5166,$JYJ,13311426185,20111101065510,116.411530,39.910213,429162474,147130200,12,358,0,0,50#
62242,$JYJ,13381102224,20111101065801,116.411468,39.911343,429162271,147134349,19,178,0,0,50#
83615,$JYJ,13381102224,20111101065903,116.411499,39.910786,429162363,147132324,0,184,1,1,50#
72663,$JYJ,13321164601,20111101070329,116.412018,39.915112,429164284,147148243,6,0,0,0,50#
88671,$JYJ,13370122440,20111101070412,116.411583,39.910343,429162678,147130678,17,10,0,0,50#
50886,$JYJ,13311487253,20111101070728,116.411530,39.910915,429162508,147132793,0,182,0,0,50#
72763,$JYJ,13311487253,20111101070833,116.411530,39.910542,429162495,147131395,13,210,1,1,50#
18165,$JYJ,13321174661,20111101070550,116.413269,39.915085,429168912,147148162,0,158,1,1,50#
52136,$JYJ,13331154955,20111101070729,116.419380,39.914326,429191413,147145342,0,264,0,0,50#
22781,$JYJ,13331194247,20111101070604,116.411468,39.912010,429162253,147136806,0,180,0,0,50#
68984,$JYJ,13311470369,20111101071315,116.412743,39.914062,429166982,147144403,0,0,0,0,50#
61372,$JYJ,13311486553,20111101071249,116.411346,39.917007,429161816,147155260,8,348,0,0,50#
42848,$JYJ,13321183437,20111101071157,116.419067,39.914188,429190264,147144822,23,268,1,1,50#
92158,$JYJ,13311426087,20111101072428,116.411751,39.912720,429163312,147139451,0,340,1,1,50#
3461,$JYJ,13311486203,20111101072007,116.411468,39.911869,429162253,147136295,6,192,0,0,50#
55850,$JYJ,13331185024,20111101072241,116.418884,39.914116,429189580,147144559,0,168,0,0,50#
84053,$JYJ,13301125433,20111101072905,116.411346,39.916244,429161842,147152438,15,178,1,1,50#
70081,$JYJ,13311470455,20111101072819,116.411667,39.911812,429162978,147136105,0,270,0,0,50#
27331,$JYJ,13321164432,20111101072618,116.411453,39.911812,429162211,147136082,19,174,1,1,50#
101067,$JYJ,13321199644,20111101072953,116.411819,39.914505,429163572,147146008,4,186,0,0,50#
1601,$JYJ,13331194728,20111101072501,116.418503,39.914627,429188186,147146442,4,20,0,0,50#
58030,$JYJ,13321183494,20111101073245,116.412300,39.915169,429165330,147148449,0,6,0,0,50#
73888,$JYJ,13331154743,20111101073336,116.411865,39.910305,429163717,147130532,0,0,0,0,50#
8785,$JYJ,13301214115,20111101073520,116.411652,39.912106,429162948,147137180,8,186,0,0,50#
36156,$JYJ,13301214115,20111101073642,116.411614,39.911377,429162791,147134485,19,182,1,1,50#
48002,$JYJ,13381083475,20111101073714,116.411819,39.911018,429163550,147133176,15,6,0,0,50#
62462,$JYJ,13301155436,20111101074257,116.410187,39.914028,429157552,147144270,2,176,1,1,50#
56591,$JYJ,13311191482,20111101074241,116.411720,39.916252,429163180,147152463,0,334,1,1,50#
67085,$JYJ,13311403227,20111101074309,116.411781,39.910557,429163418,147131454,8,358,0,0,50#
41444,$JYJ,13331194999,20111101074159,116.411766,39.910477,429163369,147131155,6,356,0,0,50#
53864,$JYJ,13311021164,20111101074738,116.419670,39.914055,429192494,147144358,0,266,0,0,50#
91869,$JYJ,13311021164,20111101074924,116.419670,39.914055,429192474,147144336,0,266,1,1,50#
71553,$JYJ,13311191464,20111101074824,116.411682,39.910358,429163056,147130749,15,352,1,1,50#
88149,$JYJ,13311453389,20111101074917,116.411491,39.917831,429162336,147158274,15,352,1,1,50#
5523,$JYJ,13311489545,20111101074517,116.411514,39.910747,429162443,147132177,0,342,0,0,50#
38127,$JYJ,13331184830,20111101074647,116.411736,39.911221,429163260,147133927,2,0,1,1,50#
100309,$JYJ,13331187195,20111101074946,116.416702,39.914352,429181563,147145442,56,90,0,0,50#
29,$JYJ,13311403529,20111101075956,116.411652,39.912289,429162922,147137863,21,178,0,0,50#
23859,$JYJ,13311403529,20111101080105,116.411697,39.911831,429163104,147136172,12,44,1,1,50#
65565,$JYJ,13331194306,20111101080306,116.413032,39.913811,429168034,147143444,0,100,1,1,50#
68182,$JYJ,13301184127,20111101080855,116.412003,39.915615,429164254,147150123,0,226,0,0,50#
55803,$JYJ,13311191412,20111101080806,116.411850,39.910370,429163655,147130778,0,44,0,0,50#
37789,$JYJ,13331156498,20111101080659,116.413902,39.914284,429171243,147145200,4,266,0,0,50#
65168,$JYJ,13370129546,20111101080839,116.411636,39.910213,429162868,147130190,0,354,0,0,50#
12218,$JYJ,13311431456,20111101081042,116.411369,39.914009,429161909,147144184,12,170,0,0,50#
87983,$JYJ,13311453499,20111101081444,116.415337,39.914448,429176514,147145817,25,298,0,0,50#
44848,$JYJ,13381096754,20111101081227,116.411583,39.917705,429162674,147157804,0,350,1,1,50#
27808,$JYJ,13381102224,20111101081129,116.411736,39.911373,429163266,147134482,4,358,1,1,50#
56140,$JYJ,13311453499,20111101081831,116.411552,39.911045,429162571,147133269,2,164,1,1,50#
29904,$JYJ,13311480650,20111101081646,116.411614,39.911346,429162803,147134387,15,182,0,0,50#
18345,$JYJ,13331184904,20111101081559,116.411720,39.910355,429163200,147130723,13,358,0,0,50#
41364,$JYJ,13301155049,20111101082226,116.411568,39.917656,429162656,147157621,15,358,0,0,50#
75946,$JYJ,13311489502,20111101082421,116.411400,39.911152,429162028,147133668,2,190,0,0,50#
58937,$JYJ,13301214800,20111101083305,116.411781,39.910213,429163435,147130190,10,2,1,1,50#
18674,$JYJ,13301254375,20111101083100,116.411697,39.910587,429163092,147131578,26,354,1,1,50#
3362,$JYJ,13311431363,20111101083007,116.411598,39.912788,429162767,147139690,15,174,1,1,50#
23341,$JYJ,13301157424,20111101083617,116.411484,39.919235,429162346,147163473,0,356,0,0,50#
91419,$JYJ,13311403352,20111101083948,116.410217,39.914154,429157659,147144712,10,42,1,1,50#
42281,$JYJ,13311489669,20111101083717,116.411530,39.915234,429162510,147148712,2,356,1,1,50#
50404,$JYJ,13331184917,20111101084243,116.418587,39.914330,429188494,147145364,21,268,0,0,50#
19479,$JYJ,13301214549,20111101084624,116.411652,39.916615,429162936,147153802,2,354,0,0,50#
22425,$JYJ,13301214580,20111101084637,116.411484,39.916973,429162347,147155105,0,358,0,0,50#
6826,$JYJ,13311489624,20111101084526,116.411652,39.912422,429162946,147138358,12,182,0,0,50#
32397,$JYJ,13331194428,20111101084708,116.411636,39.911434,429162892,147134703,17,176,0,0,50#
65922,$JYJ,13311426293,20111101085340,116.411720,39.910595,429163211,147131611,12,348,0,0,50#
37556,$JYJ,13301104013,20111101085704,116.411720,39.910626,429163177,147131719,4,334,1,1,50#
27772,$JYJ,13311426238,20111101085633,116.411667,39.910599,429162998,147131625,0,336,1,1,50#
6529,$JYJ,13311426293,20111101085517,116.412117,39.914059,429164653,147144380,25,84,1,1,50#
4785,$JYJ,13311495333,20111101085514,116.411583,39.913845,429162696,147143592,21,178,0,0,50#
18774,$JYJ,13321164839,20111101090103,116.413750,39.914242,429170656,147145058,0,264,0,0,50#
62482,$JYJ,13321164839,20111101090346,116.411430,39.918781,429162115,147161777,4,6,1,1,50#
34708,$JYJ,13331154733,20111101090156,116.411659,39.910728,429162954,147132110,0,0,1,1,50#
33071,$JYJ,13301156554,20111101090651,116.411614,39.912674,429162815,147139286,0,190,0,0,50#
68159,$JYJ,13301156554,20111101090855,116.411636,39.910713,429162907,147132042,10,178,1,1,50#
31610,$JYJ,13301214517,20111101090644,116.411652,39.912483,429162922,147138583,0,192,0,0,50#
83265,$JYJ,13311489649,20111101090939,116.411919,39.911049,429163936,147133281,2,2,1,1,50#
79524,$JYJ,13311495099,20111101090928,116.410484,39.914196,429158623,147144885,12,270,1,1,50#
82402,$JYJ,13321164503,20111101090941,116.411659,39.912201,429162958,147137510,12,176,0,0,50#
62620,$JYJ,13321164600,20111101090830,116.411430,39.919037,429162150,147162743,39,0,0,0,50#
63680,$JYJ,13301104030,20111101091317,116.411903,39.912891,429163881,147140079,4,178,0,0,50#
6317,$JYJ,13301157674,20111101091015,116.411766,39.912529,429163372,147138734,0,180,0,0,50#
14183,$JYJ,13301214620,20111101091035,116.411697,39.910515,429163125,147131325,6,358,0,0,50#
21213,$JYJ,13311300504,20111101091102,116.415184,39.917034,429175953,147155351,0,0,0,0,50#
21869,$JYJ,13311300504,20111101091106,116.415184,39.917034,429175976,147155327,0,0,0,0,50#
17649,$JYJ,13311403006,20111101091048,116.411331,39.914810,429161759,147147151,12,358,1,1,50#
94227,$JYJ,13311426410,20111101091451,116.419006,39.914013,429190029,147144196,0,0,0,0,50#
25384,$JYJ,13331154805,20111101091114,116.411797,39.910515,429163457,147131310,4,4,0,0,50#
76375,$JYJ,13301254388,20111101091905,116.411697,39.911903,429163103,147136416,12,180,0,0,50#
11911,$JYJ,13311300504,20111101091539,116.415459,39.917091,429176950,147155557,0,0,0,0,50#
16219,$JYJ,13311300504,20111101091552,116.415459,39.917091,429176957,147155535,0,0,0,0,50#
17291,$JYJ,13311300504,20111101091556,116.415459,39.917091,429176977,147155547,0,0,0,0,50#
50501,$JYJ,13311300504,20111101091741,116.415459,39.917091,429176968,147155537,0,0,0,0,50#
55204,$JYJ,13311300504,20111101091756,116.415459,39.917091,429176956,147155551,0,0,0,0,50#
19491,$JYJ,13311426410,20111101091603,116.419212,39.914101,429190776,147144511,0,0,1,1,50#
77202,$JYJ,13321164347,20111101091904,116.416397,39.914208,429180434,147144914,0,78,0,0,50#
91621,$JYJ,13321164347,20111101091949,116.416466,39.914234,429180658,147145014,0,78,1,1,50#
36294,$JYJ,13321164610,20111101091643,116.412598,39.914238,429166411,147145025,23,90,0,0,50#
16566,$JYJ,13321199429,20111101091550,116.413681,39.915577,429170421,147149967,0,340,0,0,50#
80606,$JYJ,13381101734,20111101091914,116.418533,39.914162,429188292,147144754,0,102,0,0,50#
33722,$JYJ,13301214601,20111101092152,116.411697,39.914093,429163096,147144499,0,174,0,0,50#
37309,$JYJ,13301252434,20111101092203,116.411568,39.917103,429162656,147155610,21,356,1,1,50#
26402,$JYJ,13311021745,20111101092136,116.418434,39.914352,429187933,147145439,0,158,1,1,50#
76006,$JYJ,13381102814,20111101092416,116.411530,39.913361,429162511,147141808,4,180,0,0,50#
50805,$JYJ,13311403295,20111101092754,116.419517,39.914253,429191928,147145089,10,282,1,1,50#
19001,$JYJ,13301214620,20111101093101,116.415413,39.916885,429176792,147154777,0,88,1,1,50#
4132,$JYJ,13311300504,20111101093013,116.415459,39.917091,429176964,147155542,0,0,0,0,50#
21995,$JYJ,13311300504,20111101093109,116.415489,39.917004,429177088,147155240,8,122,1,1,50#
84209,$JYJ,13331063450,20111101093432,116.418983,39.914108,429189968,147144557,0,86,0,0,50#
93023,$JYJ,13331063450,20111101093457,116.418999,39.914082,429190024,147144456,0,124,1,1,50#
89936,$JYJ,13331194239,20111101093443,116.419380,39.914166,429191391,147144755,0,94,0,0,50#
65706,$JYJ,13381083441,20111101093325,116.411736,39.910503,429163241,147131271,0,4,1,1,50#
16914,$JYJ,13311403024,20111101093548,116.411697,39.910252,429163106,147130345,12,4,0,0,50#
85693,$JYJ,13311403728,20111101093937,116.419098,39.914196,429190354,147144880,0,82,0,0,50#
31529,$JYJ,13381100634,20111101093643,116.416786,39.914249,429181850,147145061,23,272,0,0,50#
38862,$JYJ,13301164924,20111101094202,116.411530,39.913803,429162486,147143427,0,178,0,0,50#
92096,$JYJ,13311431343,20111101094439,116.411766,39.915619,429163375,147150114,12,352,0,0,50#
32671,$JYJ,13311431586,20111101094141,116.416397,39.914242,429180445,147145026,47,270,0,0,50#
87434,$JYJ,13311488184,20111101094433,116.411667,39.910305,429163001,147130552,15,174,1,1,50#
12693,$JYJ,13311489343,20111101094036,116.419884,39.914238,429193260,147145003,15,252,0,0,50#
47265,$JYJ,13311495313,20111101094233,116.411583,39.912327,429162692,147137980,0,0,0,0,50#
94690,$JYJ,13381077448,20111101094455,116.411667,39.910591,429163009,147131602,21,180,1,1,50#
55741,$JYJ,13301157418,20111101094750,116.411598,39.913486,429162765,147142280,0,208,0,0,50#
36971,$JYJ,13301204972,20111101094654,116.418999,39.914135,429190009,147144627,6,90,0,0,50#
53139,$JYJ,13311486228,20111101094742,116.411400,39.917530,429162001,147157183,0,186,0,0,50#
83030,$JYJ,13311486347,20111101094914,116.419083,39.914200,429190298,147144871,4,250,0,0,50#
26394,$JYJ,13311487206,20111101094620,116.417503,39.913910,429184496,147143818,4,92,0,0,50#
49415,$JYJ,13311487206,20111101094732,116.417519,39.913925,429184564,147143874,0,76,1,1,50#
82108,$JYJ,13311495210,20111101094911,116.411720,39.910519,429163193,147131334,25,172,1,1,50#
89432,$JYJ,13381083445,20111101094932,116.411720,39.910503,429163178,147131279,0,74,1,1,50#
88115,$JYJ,13381235460,20111101094928,116.418854,39.914196,429189456,147144853,0,82,0,0,50#
36457,$JYJ,13311566854,20111101095148,116.411751,39.910805,429163293,147132361,4,58,0,0,50#
46835,$JYJ,13311566854,20111101095220,116.411766,39.910786,429163385,147132295,0,56,1,1,50#
47832,$JYJ,13370122445,20111101095222,116.411781,39.910347,429163429,147130680,0,2,0,0,50#
76879,$JYJ,13301184116,20111101095858,116.411751,39.910381,429163289,147130826,13,356,2,0,50#
50629,$JYJ,13311490904,20111101095736,116.418899,39.914166,429189625,147144751,4,76,0,0,50#
52387,$JYJ,13331063427,20111101095743,116.418701,39.914185,429188913,147144815,0,84,0,0,50#
76289,$JYJ,13331063427,20111101095856,116.419052,39.914272,429190205,147145147,15,108,1,1,50#
90449,$JYJ,13331194552,20111101095944,116.411652,39.910789,429162954,147132307,15,346,1,1,50#
51431,$JYJ,13381068804,20111101095743,116.411736,39.913387,429163267,147141903,0,4,0,0,50#
52832,$JYJ,13381068804,20111101095748,116.411736,39.913387,429163242,147141909,0,4,1,1,50#
40242,$JYJ,13301184116,20111101100202,116.415649,39.910736,429177689,147132117,12,78,2,0,50#
13316,$JYJ,13301254106,20111101100043,116.411636,39.910931,429162896,147132845,12,174,1,1,50#
16560,$JYJ,13321199495,20111101100045,116.411797,39.910023,429163464,147129504,0,356,0,0,50#
49479,$JYJ,13331194607,20111101100235,116.418953,39.911377,429189849,147134475,0,268,0,0,50#
58427,$JYJ,13311431589,20111101100836,116.413986,39.914352,429171566,147145458,0,88,0,0,50#
80304,$JYJ,13311492260,20111101100955,116.411766,39.910458,429163363,147131113,6,0,0,0,50#
57671,$JYJ,13370129545,20111101100830,116.419365,39.914082,429191362,147144457,10,100,0,0,50#
65709,$JYJ,13311490952,20111101101404,116.412018,39.912682,429164303,147139312,0,160,0,0,50#
10305,$JYJ,13311492260,20111101101035,116.411781,39.910515,429163419,147131320,0,4,1,1,50#
46044,$JYJ,13331194413,20111101101300,116.414681,39.914215,429174117,147144955,0,270,0,0,50#
72605,$JYJ,13331194413,20111101101420,116.413734,39.914291,429170620,147145215,21,90,1,1,50#
16585,$JYJ,13331194911,20111101101057,116.411621,39.911964,429162826,147136659,6,164,0,0,50#
9267,$JYJ,13370126423,20111101101032,116.411614,39.911217,429162803,147133897,23,176,1,1,50#
2951,$JYJ,13311490952,20111101101510,116.411865,39.912502,429163744,147138644,6,176,1,1,50#
26628,$JYJ,13321164402,20111101101621,116.411781,39.910587,429163421,147131584,10,358,0,0,50#
84632,$JYJ,13321164402,20111101101940,116.411697,39.912468,429163125,147138505,15,352,1,1,50#
53244,$JYJ,13311565941,20111101102247,116.411720,39.910038,429163205,147129560,4,216,0,0,50#
89187,$JYJ,13311565941,20111101102442,116.411614,39.912655,429162795,147139204,8,2,1,1,50#
6325,$JYJ,13321180046,20111101102015,116.411453,39.916103,429162217,147151928,0,164,0,0,50#
69204,$JYJ,13331154711,20111101102337,116.419914,39.914101,429193399,147144499,17,264,0,0,50#
59713,$JYJ,13301104069,20111101102803,116.411697,39.910324,429163111,147130612,0,356,0,0,50#
31708,$JYJ,13301209458,20111101102634,116.411499,39.911507,429162390,147134952,10,166,1,1,50#
96428,$JYJ,13301253440,20111101102958,116.411614,39.913967,429162800,147144034,0,182,0,0,50#
93473,$JYJ,13311470467,20111101102945,116.411751,39.910549,429163317,147131424,12,356,0,0,50#
56971,$JYJ,13311486467,20111101102757,116.411736,39.913822,429163239,147143506,4,174,0,0,50#
15793,$JYJ,13331154792,20111101102547,116.419067,39.914223,429190268,147144962,0,92,1,1,50#
83237,$JYJ,13301156940,20111101103425,116.419647,39.914162,429192414,147144745,4,86,1,1,50#
44961,$JYJ,13311426160,20111101103222,116.419380,39.914150,429191415,147144709,23,264,0,0,50#
20502,$JYJ,13311470348,20111101103108,116.419746,39.914208,429192775,147144911,0,256,0,0,50#
36360,$JYJ,13311567084,20111101103156,116.411652,39.910324,429162921,147130616,4,32,0,0,50#
79883,$JYJ,13331194174,20111101103419,116.411415,39.912094,429162089,147137134,0,182,0,0,50#
7697,$JYJ,13301104062,20111101103526,116.419403,39.914211,429191480,147144937,0,266,1,1,50#
80839,$JYJ,13301214255,20111101103919,116.411552,39.912354,429162587,147138085,2,170,0,0,50#
82024,$JYJ,13311403499,20111101103923,116.411636,39.910477,429162868,147131171,0,0,1,1,50#
54572,$JYJ,13311403563,20111101103748,116.411468,39.916504,429162291,147153375,17,356,1,1,50#
8308,$JYJ,13311453203,20111101103523,116.417267,39.913982,429183620,147144095,4,94,0,0,50#
67180,$JYJ,13311453203,20111101103837,116.413933,39.914078,429171332,147144455,0,222,1,1,50#
6759,$JYJ,13311470348,20111101103522,116.413399,39.915115,429169392,147148263,6,346,1,1,50#
57588,$JYJ,13311489667,20111101103802,116.411682,39.913044,429163071,147140628,4,182,0,0,50#
71399,$JYJ,13331194174,20111101103853,116.411598,39.910801,429162758,147132378,4,174,1,1,50#
306,$JYJ,13331194769,20111101103438,116.411720,39.915218,429163195,147148658,13,174,1,1,50#
26525,$JYJ,13301254516,20111101104122,116.411499,39.911694,429162402,147135648,0,182,0,0,50#
82101,$JYJ,13311025843,20111101104417,116.414230,39.914135,429172444,147144666,0,226,0,0,50#
64770,$JYJ,13311403503,20111101104321,116.411682,39.911175,429163035,147133736,6,354,1,1,50#
73736,$JYJ,13321164341,20111101104349,116.411468,39.911701,429162263,147135667,10,180,1,1,50#
36051,$JYJ,13321174596,20111101104155,116.419586,39.914391,429192167,147145591,23,270,0,0,50#
51440,$JYJ,13321199483,20111101104242,116.415649,39.916981,429177667,147155146,2,132,0,0,50#
50761,$JYJ,13331194164,20111101104240,116.418404,39.914024,429187798,147144249,0,92,0,0,50#
32101,$JYJ,13331194861,20111101104142,116.411430,39.912342,429162128,147138062,6,26,0,0,50#
71653,$JYJ,13331194861,20111101104344,116.411568,39.912762,429162656,147139598,10,354,1,1,50#
3070,$JYJ,13381101654,20111101104004,116.411682,39.910072,429163063,147129688,8,2,1,1,50#
61414,$JYJ,13381102704,20111101104310,116.411530,39.911419,429162473,147134642,6,180,1,1,50#
85567,$JYJ,13301157384,20111101104927,116.418480,39.914223,429188095,147144980,0,258,0,0,50#
73333,$JYJ,13311495103,20111101104850,116.419746,39.914356,429192759,147145446,8,278,0,0,50#
45550,$JYJ,13370122499,20111101104720,116.411949,39.910397,429164046,147130880,19,26,0,0,50#
6077,$JYJ,13381166384,20111101104517,116.415916,39.914333,429178675,147145395,12,270,1,1,50#
48515,$JYJ,13311426295,20111101105226,116.411468,39.918762,429162252,147161720,0,0,0,0,50#
73561,$JYJ,13311426340,20111101105343,116.411415,39.914898,429162085,147147484,10,82,1,1,50#
88136,$JYJ,13311431028,20111101105427,116.411697,39.910317,429163106,147130584,0,170,0,0,50#
35728,$JYJ,13311431523,20111101105151,116.410080,39.913891,429157132,147143768,2,98,1,1,50#
9520,$JYJ,13311489421,20111101105031,116.419235,39.914414,429190878,147145671,4,276,1,1,50#
18791,$JYJ,13331194180,20111101105054,116.415314,39.914158,429176415,147144727,0,284,0,0,50#
35140,$JYJ,13301254339,20111101105651,116.415169,39.914257,429175897,147145107,0,270,0,0,50#
74487,$JYJ,13301254339,20111101105901,116.413467,39.914265,429169653,147145146,17,264,1,1,50#
21768,$JYJ,13331187023,20111101105608,116.411430,39.917007,429162116,147155242,17,358,0,0,50#
25373,$JYJ,13381083463,20111101105621,116.418831,39.914070,429189409,147144404,12,94,0,0,50#
31259,$JYJ,13301155490,20111101110641,116.414269,39.914616,429172602,147146407,17,350,0,0,50#
94579,$JYJ,13301254179,20111101111000,116.411568,39.914261,429162645,147145114,13,86,0,0,50#
74472,$JYJ,13311431130,20111101110856,116.411568,39.911770,429162654,147135950,2,190,0,0,50#
70166,$JYJ,13311486551,20111101110846,116.411598,39.916157,429162729,147152109,26,358,0,0,50#
63229,$JYJ,13321174659,20111101110819,116.411614,39.914803,429162820,147147108,0,98,0,0,50#
47720,$JYJ,13370129569,20111101110731,116.411682,39.910423,429163062,147130971,4,0,0,0,50#
46893,$JYJ,13301155343,20111101111228,116.411400,39.919960,429162016,147166117,32,176,1,1,50#
65673,$JYJ,13301156491,20111101111327,116.411614,39.911224,429162804,147133928,4,174,0,0,50#
19121,$JYJ,13301254179,20111101111102,116.411964,39.913635,429164110,147142808,0,184,1,1,50#
78256,$JYJ,13311021784,20111101111404,116.418869,39.914070,429189542,147144397,13,98,0,0,50#
17371,$JYJ,13311495123,20111101111056,116.412903,39.914364,429167534,147145507,0,0,0,0,50#
70038,$JYJ,13331035494,20111101111343,116.413315,39.914280,429169078,147145203,17,278,0,0,50#
49705,$JYJ,13311020634,20111101111738,116.413933,39.914375,429171342,147145533,0,272,0,0,50#
21965,$JYJ,13311495123,20111101111608,116.412903,39.914364,429167538,147145494,0,0,0,0,50#
46594,$JYJ,13311495123,20111101111728,116.412903,39.914364,429167559,147145501,0,0,0,0,50#
48660,$JYJ,13311495123,20111101111738,116.412903,39.914364,429167549,147145481,0,0,0,0,50#
84978,$JYJ,13311566458,20111101111956,116.416786,39.914055,429181875,147144334,0,90,0,0,50#
56340,$JYJ,13321174770,20111101111805,116.410454,39.914223,429158522,147144966,15,82,1,1,50#
13632,$JYJ,13331194476,20111101111542,116.411667,39.910511,429163003,147131296,8,160,1,1,50#
2067,$JYJ,13381096684,20111101111502,116.418465,39.914078,429188039,147144442,8,94,0,0,50#
18284,$JYJ,13381096684,20111101111554,116.418816,39.914150,429189347,147144691,13,88,1,1,50#
14455,$JYJ,13311403503,20111101112040,116.411583,39.914570,429162701,147146262,0,180,0,0,50#
67417,$JYJ,13311495123,20111101112345,116.412903,39.914364,429167534,147145499,0,0,0,0,50#
74819,$JYJ,13311495123,20111101112411,116.412903,39.914364,429167549,147145511,0,0,0,0,50#
75859,$JYJ,13311495123,20111101112415,116.412903,39.914364,429167532,147145511,0,0,0,0,50#
58614,$JYJ,13381068394,20111101112319,116.411736,39.911144,429163266,147133645,10,0,1,1,50#
74333,$JYJ,13301214587,20111101112828,116.411247,39.914082,429161469,147144467,8,258,0,0,50#
47050,$JYJ,13311403529,20111101112718,116.411781,39.910317,429163400,147130581,12,174,1,1,50#
2347,$JYJ,13311426216,20111101112502,116.411682,39.911278,429163060,147134116,17,180,0,0,50#
23560,$JYJ,13311426216,20111101112609,116.411652,39.910568,429162955,147131516,17,172,1,1,50#
5503,$JYJ,13331156474,20111101112512,116.411835,39.912941,429163629,147140237,0,186,0,0,50#
52480,$JYJ,13331156474,20111101112739,116.411583,39.911110,429162695,147133498,8,192,1,1,50#
44711,$JYJ,13301153648,20111101113212,116.411614,39.911083,429162784,147133406,0,174,1,1,50#
19359,$JYJ,13311426065,20111101113101,116.411614,39.912617,429162794,147139044,0,190,0,0,50#
83998,$JYJ,13311426065,20111101113411,116.411583,39.911129,429162685,147133567,0,172,1,1,50#
100031,$JYJ,13311495123,20111101113455,116.412903,39.914364,429167538,147145512,0,0,0,0,50#
36791,$JYJ,13311565742,20111101113148,116.413780,39.914444,429170775,147145801,0,214,0,0,50#
8183,$JYJ,13321180304,20111101113021,116.411781,39.911205,429163441,147133854,0,342,0,0,50#
36387,$JYJ,13321180304,20111101113143,116.411797,39.911224,429163491,147133935,4,0,1,1,50#
64536,$JYJ,13311300704,20111101113814,116.413086,39.914188,429168213,147144861,0,256,0,0,50#
56284,$JYJ,13311486380,20111101113748,116.418564,39.914364,429188426,147145480,17,258,1,1,50#
16598,$JYJ,13311486477,20111101113551,116.411636,39.911190,429162892,147133804,0,170,1,1,50#
3027,$JYJ,13311495123,20111101113509,116.412888,39.914246,429167494,147145071,0,0,0,0,50#
4379,$JYJ,13311495123,20111101113513,116.412888,39.914246,429167499,147145077,0,0,0,0,50#
75003,$JYJ,13311495217,20111101113840,116.418899,39.915192,429189656,147148531,13,304,1,1,50#
75019,$JYJ,13331093459,20111101113840,116.419403,39.914215,429191516,147144931,0,318,1,1,50#
23053,$JYJ,13331156468,20111101113605,116.413300,39.914925,429169037,147147553,0,314,0,0,50#
43975,$JYJ,13381095543,20111101113707,116.411736,39.910423,429163246,147130977,0,146,0,0,50#
89347,$JYJ,13311403517,20111101114424,116.411736,39.914932,429163266,147147582,0,104,1,1,50#
80902,$JYJ,13311426187,20111101114405,116.413803,39.914215,429170875,147144933,0,88,0,0,50#
98495,$JYJ,13311495123,20111101114455,116.412888,39.914246,429167500,147145077,0,0,0,0,50#
537,$JYJ,13321199846,20111101113958,116.414047,39.915154,429171764,147148400,10,158,0,0,50#
32476,$JYJ,13321199846,20111101114137,116.411682,39.913288,429163073,147141518,15,174,1,1,50#
23570,$JYJ,13331154896,20111101114108,116.411964,39.914322,429164094,147145355,0,0,0,0,50#
10890,$JYJ,13331194665,20111101114030,116.415085,39.917034,429175606,147155322,0,92,0,0,50#
80519,$JYJ,13381232403,20111101114400,116.418518,39.914398,429188218,147145612,0,300,0,0,50#
86544,$JYJ,13311403600,20111101114918,116.411614,39.912071,429162793,147137051,0,0,1,1,50#
62968,$JYJ,13311426187,20111101114807,116.411636,39.911735,429162897,147135795,4,160,1,1,50#
34104,$JYJ,13311489556,20111101114642,116.411797,39.910446,429163497,147131057,6,178,0,0,50#
13403,$JYJ,13311495123,20111101114543,116.412468,39.914677,429165944,147146645,10,298,1,1,50#
95219,$JYJ,13311578974,20111101114941,116.419952,39.914257,429193516,147145072,26,266,0,0,50#
71321,$JYJ,13321164415,20111101114834,116.417595,39.913937,429184851,147143921,0,0,0,0,50#
25079,$JYJ,13321174627,20111101114618,116.414810,39.914307,429174568,147145270,0,0,0,0,50#
44156,$JYJ,13331093405,20111101114717,116.410881,39.914684,429160095,147146670,21,100,1,1,50#
65402,$JYJ,13331187194,20111101114814,116.411835,39.910007,429163615,147129446,17,172,1,1,50#
91141,$JYJ,13381102564,20111101114931,116.411804,39.910587,429163505,147131592,0,0,0,0,50#
15606,$JYJ,13381232403,20111101114546,116.417687,39.914257,429185192,147145110,36,270,1,1,50#
85202,$JYJ,13301204939,20111101115414,116.419914,39.914432,429193393,147145750,25,258,0,0,50#
36247,$JYJ,13321164314,20111101115142,116.412682,39.914001,429166739,147144152,26,84,0,0,50#
62063,$JYJ,13321164917,20111101115302,116.410530,39.914215,429158792,147144947,4,222,0,0,50#
48620,$JYJ,13331053094,20111101115220,116.411568,39.915512,429162626,147149721,6,236,1,1,50#
10563,$JYJ,13331154814,20111101115033,116.414101,39.916683,429171977,147154053,0,342,0,0,50#
49493,$JYJ,13381096574,20111101115227,116.411682,39.916275,429163069,147152546,0,356,0,0,50#
82375,$JYJ,13381096574,20111101115402,116.411514,39.918152,429162450,147159462,12,2,1,1,50#
71425,$JYJ,13301204939,20111101115833,116.419464,39.914364,429191715,147145478,10,78,1,1,50#
35937,$JYJ,13301214477,20111101115643,116.410881,39.914268,429160096,147145134,0,58,0,0,50#
66782,$JYJ,13301214477,20111101115818,116.411667,39.911617,429163005,147135361,8,174,1,1,50#
2238,$JYJ,13301214698,20111101115501,116.411514,39.918366,429162435,147160257,10,358,0,0,50#
81896,$JYJ,13301254391,20111101115903,116.411697,39.911293,429163121,147134187,15,174,1,1,50#
47424,$JYJ,13301272171,20111101115716,116.410202,39.914139,429157608,147144678,0,20,1,1,50#
29899,$JYJ,13311300724,20111101115630,116.411758,39.910133,429163326,147129892,21,358,0,0,50#
16172,$JYJ,13311495334,20111101115549,116.414421,39.914509,429173155,147146032,2,130,0,0,50#
19054,$JYJ,13301254392,20111101120056,116.419914,39.914310,429193399,147145286,0,312,2,0,50#
60311,$JYJ,13311300704,20111101120312,116.419533,39.913864,429191954,147143633,0,212,1,1,50#
2323,$JYJ,13311300724,20111101120004,116.417831,39.910755,429185714,147132194,0,0,0,0,50#
2952,$JYJ,13311300724,20111101120008,116.417831,39.910755,429185724,147132185,0,0,0,0,50#
18165,$JYJ,13311300724,20111101120056,116.417831,39.910755,429185721,147132177,0,0,0,0,50#
88197,$JYJ,13311431318,20111101120456,116.411301,39.919842,429161675,147165683,0,194,0,0,50#
5534,$JYJ,13331184978,20111101120016,116.411545,39.917305,429162564,147156343,19,354,0,0,50#
9217,$JYJ,13301204969,20111101120536,116.412903,39.914314,429167556,147145321,15,108,0,0,50#
409,$JYJ,13311300934,20111101120458,116.414169,39.914314,429172206,147145307,10,228,0,0,50#
50683,$JYJ,13311431067,20111101120759,116.417885,39.914070,429185917,147144395,21,342,1,1,50#
7085,$JYJ,13311453336,20111101121023,116.419502,39.914230,429191854,147144979,19,78,1,1,50#
11112,$JYJ,13311495042,20111101121042,116.419434,39.914211,429191610,147144923,6,276,0,0,50#
58600,$JYJ,13311495293,20111101121846,116.419434,39.914246,429191620,147145042,12,286,1,1,50#
37645,$JYJ,13311570478,20111101121731,116.411598,39.917229,429162733,147156054,0,6,0,0,50#
73144,$JYJ,13311486418,20111101122443,116.411697,39.911732,429163132,147135782,0,168,1,1,50#
51816,$JYJ,13301214154,20111101123338,116.411736,39.910179,429163251,147130087,12,0,0,0,50#
44845,$JYJ,13311403568,20111101123252,116.411720,39.915939,429163203,147151291,12,178,1,1,50#
10958,$JYJ,13311426297,20111101123047,116.411667,39.915848,429162996,147150985,13,174,1,1,50#
1737,$JYJ,13331156493,20111101123003,116.411835,39.910046,429163636,147129588,0,4,1,1,50#
65829,$JYJ,13301155014,20111101123854,116.411568,39.915413,429162647,147149375,8,172,1,1,50#
45873,$JYJ,13301272004,20111101123740,116.411819,39.910480,429163563,147131199,19,172,1,1,50#
13462,$JYJ,13311403568,20111101123542,116.411552,39.917713,429162586,147157833,0,346,0,0,50#
42388,$JYJ,13321180404,20111101123730,116.417953,39.914303,429186163,147145277,36,272,1,1,50#
40262,$JYJ,13331035495,20111101123717,116.411766,39.915806,429163366,147150799,12,188,0,0,50#
10341,$JYJ,13331063492,20111101123533,116.419617,39.914265,429192278,147145130,0,78,0,0,50#
76473,$JYJ,13331194840,20111101123923,116.411697,39.915558,429163092,147149892,17,174,1,1,50#
48127,$JYJ,13381102164,20111101123747,116.411934,39.912144,429163970,147137327,6,184,1,1,50#
33699,$JYJ,13311453371,20111101124154,116.411781,39.910328,429163405,147130617,12,358,0,0,50#
81762,$JYJ,13311489306,20111101124440,116.416664,39.910740,429181397,147132119,0,38,3,0,50#
85150,$JYJ,13321174627,20111101124451,116.411781,39.911919,429163440,147136498,13,174,1,1,50#
22852,$JYJ,13321174880,20111101124118,116.413567,39.914887,429170002,147147439,8,86,1,1,50#
44137,$JYJ,13301157642,20111101124721,116.416466,39.910664,429180678,147131843,0,86,0,0,50#
35437,$JYJ,13311431184,20111101124649,116.411583,39.913025,429162702,147140573,23,178,0,0,50#
61058,$JYJ,13311403092,20111101125329,116.416802,39.914127,429181905,147144628,21,82,1,1,50#
10721,$JYJ,13311495331,20111101125038,116.416634,39.914455,429181312,147145819,0,264,0,0,50#
28982,$JYJ,13331159403,20111101125138,116.419113,39.914200,429190423,147144889,34,268,0,0,50#
10915,$JYJ,13331194615,20111101125039,116.411766,39.911831,429163345,147136155,2,180,0,0,50#
44557,$JYJ,13331194615,20111101125234,116.411865,39.910549,429163738,147131444,28,0,1,1,50#
51989,$JYJ,13301104013,20111101125752,116.411797,39.910438,429163470,147131033,12,154,1,1,50#
71732,$JYJ,13301254391,20111101125854,116.411850,39.910690,429163654,147131959,13,174,1,1,50#
80598,$JYJ,13311191494,20111101125923,116.411835,39.910553,429163598,147131463,0,4,1,1,50#
43083,$JYJ,13311486209,20111101125722,116.414551,39.914696,429173638,147146708,10,180,1,1,50#
30784,$JYJ,13311488115,20111101125640,116.412064,39.910683,429164445,147131924,0,14,0,0,50#
54631,$JYJ,13311488115,20111101125800,116.411667,39.912636,429162995,147139112,0,16,1,1,50#
37088,$JYJ,13301214278,20111101130159,116.414047,39.914455,429171752,147145844,8,260,0,0,50#
17146,$JYJ,13311426183,20111101130053,116.412430,39.914459,429165825,147145835,15,298,0,0,50#
48397,$JYJ,13311426183,20111101130244,116.411781,39.916386,429163415,147152949,17,346,1,1,50#
76672,$JYJ,13311431365,20111101130435,116.411720,39.910339,429163205,147130648,12,354,0,0,50#
19012,$JYJ,13311489631,20111101130101,116.411446,39.917118,429162205,147155669,0,0,1,1,50#
66931,$JYJ,13311489631,20111101130401,116.411476,39.911072,429162301,147133369,10,182,0,0,50#
29971,$JYJ,13321164564,20111101130131,116.412682,39.914928,429166739,147147594,6,316,0,0,50#
15117,$JYJ,13331194063,20111101130043,116.411667,39.910469,429162992,147131128,6,152,1,1,50#
56995,$JYJ,13331194921,20111101130321,116.419464,39.914059,429191707,147144352,2,114,0,0,50#
5951,$JYJ,13301204893,20111101130519,116.419800,39.914333,429192973,147145376,2,288,1,1,50#
90664,$JYJ,13311426181,20111101130955,116.414215,39.914265,429172382,147145134,12,264,1,1,50#
3954,$JYJ,13311489528,20111101130516,116.411880,39.915573,429163802,147149952,17,160,1,1,50#
11148,$JYJ,13321164564,20111101130533,116.411514,39.919739,429162446,147165321,0,4,1,1,50#
76873,$JYJ,13331187030,20111101130909,116.410080,39.914146,429157138,147144683,34,268,1,1,50#
7063,$JYJ,13370189251,20111101130522,116.414314,39.914051,429172761,147144340,123,138,0,0,50#
4369,$JYJ,13301156894,20111101131010,116.413467,39.912804,429169641,147139756,0,342,0,0,50#
18800,$JYJ,13301214215,20111101131059,116.411682,39.911110,429163047,147133499,17,358,1,1,50#
49705,$JYJ,13311453440,20111101131231,116.411346,39.917378,429161831,147156604,17,116,0,0,50#
26079,$JYJ,13311489461,20111101131116,116.411697,39.910221,429163090,147130237,32,0,0,0,50#
42993,$JYJ,13311489461,20111101131206,116.411652,39.910717,429162939,147132059,4,346,1,1,50#
64760,$JYJ,13301214229,20111101131837,116.413567,39.915142,429170019,147148380,6,278,0,0,50#
38200,$JYJ,13321164481,20111101131716,116.411781,39.910069,429163441,147129659,15,2,1,1,50#
53661,$JYJ,13331186004,20111101131805,116.411720,39.910301,429163180,147130532,10,358,0,0,50#
89865,$JYJ,13301125462,20111101132432,116.419586,39.913811,429192168,147143453,4,108,0,0,50#
53354,$JYJ,13311403530,20111101132243,116.411667,39.912716,429162988,147139438,12,180,0,0,50#
98106,$JYJ,13311431192,20111101132456,116.411652,39.910847,429162961,147132546,17,180,0,0,50#
72060,$JYJ,13321174963,20111101132342,116.411583,39.913361,429162698,147141816,17,358,1,1,50#
49051,$JYJ,13331063496,20111101132233,116.411682,39.911766,429163049,147135907,21,358,1,1,50#
1251,$JYJ,13331093403,20111101132000,116.413597,39.914326,429170112,147145355,17,272,1,1,50#
66485,$JYJ,13301155984,20111101132826,116.411766,39.910648,429163382,147131817,0,44,0,0,50#
73351,$JYJ,13301156294,20111101132846,116.419502,39.914333,429191869,147145369,6,280,1,1,50#
81075,$JYJ,13301208450,20111101132908,116.411736,39.916462,429163237,147153249,2,56,0,0,50#
67377,$JYJ,13311426088,20111101132829,116.417648,39.914337,429185046,147145376,10,278,0,0,50#
65375,$JYJ,13311426478,20111101132821,116.412567,39.914555,429166330,147146191,0,262,0,0,50#
12913,$JYJ,13311453400,20111101132541,116.411621,39.912098,429162826,147137129,2,168,0,0,50#
16375,$JYJ,13331085284,20111101132553,116.419449,39.914112,429191660,147144568,0,272,0,0,50#
65234,$JYJ,13301155984,20111101133315,116.410584,39.913536,429159014,147142455,4,94,1,1,50#
1090,$JYJ,13301208450,20111101133004,116.411652,39.916752,429162948,147154290,8,350,1,1,50#
91253,$JYJ,13331194546,20111101133434,116.410850,39.913776,429160010,147143351,30,178,0,0,50#
50215,$JYJ,13370122485,20111101133231,116.417984,39.910572,429186253,147131504,26,92,0,0,50#
91896,$JYJ,13301214257,20111101134435,116.411453,39.917999,429162229,147158917,12,354,1,1,50#
67022,$JYJ,13311495137,20111101134323,116.419037,39.914166,429190152,147144753,4,90,1,1,50#
87612,$JYJ,13321174618,20111101134428,116.411705,39.912617,429163140,147139070,10,174,0,0,50#
46615,$JYJ,13301214418,20111101134724,116.411797,39.912243,429163482,147137686,0,168,0,0,50#
84467,$JYJ,13301214418,20111101134933,116.411636,39.910381,429162870,147130830,13,178,1,1,50#
706,$JYJ,13311023864,20111101134459,116.419083,39.914089,429190334,147144487,0,0,0,0,50#
27449,$JYJ,13311023864,20111101134622,116.419563,39.914459,429192100,147145819,0,136,1,1,50#
86260,$JYJ,13311453339,20111101134939,116.411568,39.911278,429162618,147134119,0,178,0,0,50#
2942,$JYJ,13311470362,20111101134504,116.419365,39.914211,429191336,147144906,23,272,0,0,50#
21975,$JYJ,13311487203,20111101134604,116.419197,39.914310,429190742,147145296,0,280,0,0,50#
11072,$JYJ,13311489468,20111101134535,116.411736,39.911282,429163238,147134131,0,14,0,0,50#
81365,$JYJ,13311489468,20111101134921,116.419098,39.914310,429190376,147145272,2,40,1,1,50#
16158,$JYJ,13370129519,20111101134529,116.413635,39.915245,429170236,147148760,21,256,0,0,50#
50657,$JYJ,13370189253,20111101134740,116.418633,39.914452,429188679,147145801,15,272,1,1,50#
84092,$JYJ,13311403316,20111101135435,116.416565,39.914226,429181063,147144984,8,266,1,1,50#
50627,$JYJ,13311470463,20111101135243,116.413727,39.914318,429170591,147145343,0,0,1,1,50#
51175,$JYJ,13381083415,20111101135246,116.418999,39.914288,429190008,147145197,10,118,1,1,50#
76067,$JYJ,13301151048,20111101135909,116.419449,39.914261,429191659,147145093,0,270,0,0,50#
5473,$JYJ,13311020744,20111101135516,116.411766,39.910221,429163352,147130224,10,358,1,1,50#
69883,$JYJ,13311403058,20111101135853,116.411682,39.911587,429163051,147135272,0,172,0,0,50#
66506,$JYJ,13311403086,20111101135838,116.412087,39.911697,429164563,147135682,2,172,0,0,50#
40107,$JYJ,13311426019,20111101135716,116.412018,39.916935,429164316,147154983,4,208,0,0,50#
56636,$JYJ,13311426019,20111101135809,116.411736,39.916962,429163257,147155062,0,326,1,1,50#
39365,$JYJ,13311453339,20111101135712,116.411736,39.915405,429163263,147149325,10,348,1,1,50#
75666,$JYJ,13321164897,20111101135909,116.411468,39.917782,429162283,147158103,10,348,1,1,50#
14595,$JYJ,13331192024,20111101135547,116.411720,39.911392,429163205,147134541,4,184,0,0,50#
57992,$JYJ,13301151048,20111101140247,116.411636,39.915638,429162901,147150198,12,350,1,1,50#
895,$JYJ,13311403058,20111101140004,116.411583,39.911301,429162688,147134218,10,166,1,1,50#
45448,$JYJ,13321183499,20111101140221,116.413948,39.914345,429171412,147145424,26,254,1,1,50#
57690,$JYJ,13331184978,20111101140305,116.414345,39.914253,429172855,147145074,0,0,1,1,50#
94154,$JYJ,13331186140,20111101140453,116.411736,39.915474,429163274,147149587,10,352,1,1,50#
63718,$JYJ,13301214203,20111101140844,116.411797,39.910671,429163466,147131897,13,358,1,1,50#
54027,$JYJ,13301254390,20111101140818,116.412285,39.913113,429165292,147140902,4,162,1,1,50#
62743,$JYJ,13311403233,20111101140840,116.412048,39.915508,429164393,147149730,23,350,1,1,50#
46785,$JYJ,13311403576,20111101140739,116.411736,39.910671,429163261,147131883,17,356,1,1,50#
22313,$JYJ,13311453295,20111101140610,116.411636,39.913845,429162886,147143594,0,60,0,0,50#
40639,$JYJ,13311488114,20111101140723,116.411430,39.916069,429162140,147151771,25,178,0,0,50#
71862,$JYJ,13311488114,20111101140920,116.410233,39.914574,429157705,147146260,8,14,1,1,50#
67826,$JYJ,13331194205,20111101140856,116.412933,39.914234,429167660,147145024,8,224,0,0,50#
16,$JYJ,13370122483,20111101140501,116.419937,39.914440,429193459,147145776,0,270,0,0,50#
13624,$JYJ,13370122483,20111101140542,116.418282,39.914280,429187345,147145190,19,268,1,1,50#
29412,$JYJ,13301151438,20111101141133,116.418503,39.914738,429188201,147146865,2,8,0,0,50#
10735,$JYJ,13381083414,20111101141033,116.411797,39.914768,429163472,147146976,8,146,0,0,50#
29956,$JYJ,13381271948,20111101141134,116.411301,39.917893,429161663,147158507,13,178,1,1,50#
40689,$JYJ,13301214203,20111101141720,116.411415,39.911404,429162091,147134584,17,180,1,1,50#
47601,$JYJ,13311453338,20111101141736,116.411751,39.910107,429163287,147129821,13,358,1,1,50#
58460,$JYJ,13311486294,20111101141813,116.411636,39.911442,429162868,147134729,12,178,1,1,50#
72372,$JYJ,13311489468,20111101141859,116.412636,39.914410,429166559,147145681,4,244,0,0,50#
42100,$JYJ,13301150147,20111101142205,116.418503,39.914200,429188165,147144864,4,288,0,0,50#
68372,$JYJ,13301150147,20111101142321,116.416115,39.914272,429179406,147145140,23,268,1,1,50#
94211,$JYJ,13301214137,20111101142441,116.410263,39.917492,429157851,147157026,0,274,0,0,50#
69878,$JYJ,13311426088,20111101142326,116.419647,39.914333,429192403,147145376,19,274,0,0,50#
37095,$JYJ,13331185824,20111101142144,116.418983,39.914200,429189972,147144872,8,96,1,1,50#
24234,$JYJ,13311426088,20111101142613,116.413437,39.913872,429169539,147143698,19,270,1,1,50#
82506,$JYJ,13331187744,20111101142852,116.411819,39.913300,429163583,147141574,6,294,0,0,50#
96044,$JYJ,13331187744,20111101142923,116.410049,39.914883,429157056,147147420,4,80,1,1,50#
91393,$JYJ,13381102004,20111101142915,116.419899,39.914234,429193342,147145018,23,276,0,0,50#
110596,$JYJ,13311431508,20111101143433,116.418915,39.914310,429189692,147145282,0,124,0,0,50#
79167,$JYJ,13331154963,20111101143316,116.417000,39.914318,429182662,147145313,19,90,1,1,50#
96563,$JYJ,13331194448,20111101143402,116.417549,39.913899,429184686,147143777,13,148,1,1,50#
72016,$JYJ,13370189168,20111101143256,116.411316,39.913002,429161698,147140484,0,154,0,0,50#
89104,$JYJ,13381102004,20111101143338,116.412201,39.915535,429164969,147149816,23,84,1,1,50#
45406,$JYJ,13301184092,20111101143656,116.419853,39.914001,429193134,147144146,8,264,0,0,50#
8797,$JYJ,13311431508,20111101143519,116.418930,39.914307,429189756,147145259,4,104,1,1,50#
44645,$JYJ,13311486203,20111101143655,116.411583,39.910694,429162695,147131974,6,168,1,1,50#
68861,$JYJ,13331194247,20111101143752,116.419098,39.914196,429190375,147144871,8,92,1,1,50#
36672,$JYJ,13381102004,20111101143634,116.418434,39.914124,429187938,147144610,0,100,0,0,50#
88601,$JYJ,13301125486,20111101144338,116.411530,39.915627,429162490,147150137,6,174,1,1,50#
28067,$JYJ,13301155458,20111101144109,116.413986,39.915081,429171550,147148125,0,336,0,0,50#
38413,$JYJ,13301184092,20111101144139,116.410118,39.913719,429157290,147143138,0,10,1,1,50#
12325,$JYJ,13311489480,20111101144029,116.413132,39.913906,429168395,147143824,13,94,1,1,50#
84357,$JYJ,13331111466,20111101144316,116.419815,39.914215,429193003,147144921,26,270,0,0,50#
1593,$JYJ,13301204905,20111101144502,116.411614,39.912170,429162810,147137428,6,168,1,1,50#
78304,$JYJ,13311211346,20111101144819,116.411583,39.911236,429162669,147133981,6,354,1,1,50#
72565,$JYJ,13321183418,20111101144806,116.411667,39.910274,429162978,147130422,2,300,0,0,50#
79549,$JYJ,13370129531,20111101144820,116.411667,39.911987,429163014,147136752,0,162,0,0,50#
27692,$JYJ,13301214244,20111101145112,116.410111,39.913849,429157275,147143612,0,6,0,0,50#
56928,$JYJ,13301214244,20111101145225,116.410111,39.913845,429157266,147143573,0,0,1,1,50#
84021,$JYJ,13311403741,20111101145329,116.418098,39.914261,429186674,147145122,19,270,1,1,50#
14534,$JYJ,13311426280,20111101145040,116.413887,39.914230,429171180,147145003,8,258,0,0,50#
37198,$JYJ,13311426280,20111101145129,116.413849,39.914268,429171019,147145147,0,258,1,1,50#
102754,$JYJ,13311470410,20111101145418,116.419533,39.914215,429191981,147144933,8,270,0,0,50#
93126,$JYJ,13311487135,20111101145357,116.413536,39.914291,429169905,147145245,15,266,1,1,50#
37855,$JYJ,13311489594,20111101145138,116.410164,39.913899,429157466,147143802,0,66,0,0,50#
44079,$JYJ,13311489594,20111101145154,116.410164,39.913899,429157444,147143772,0,156,1,1,50#
26438,$JYJ,13370122455,20111101145109,116.413368,39.914162,429169261,147144735,13,86,1,1,50#
55314,$JYJ,13381095194,20111101145218,116.419647,39.914173,429192398,147144765,12,276,0,0,50#
35594,$JYJ,13301155042,20111101145628,116.419517,39.914272,429191926,147145145,0,276,0,0,50#
9040,$JYJ,13311403225,20111101145523,116.414764,39.914059,429174411,147144383,6,274,0,0,50#
33769,$JYJ,13311403225,20111101145628,116.413917,39.914200,429171293,147144882,0,0,1,1,50#
78937,$JYJ,13311492120,20111101145820,116.412697,39.914494,429166802,147145976,0,0,1,1,50#
67290,$JYJ,13321164401,20111101145749,116.411682,39.911575,429163055,147135234,12,176,1,1,50#
78054,$JYJ,13331093421,20111101145818,116.413185,39.914261,429168614,147145118,0,84,0,0,50#
69386,$JYJ,13331154851,20111101145757,116.411781,39.910145,429163399,147129961,8,4,0,0,50#
105093,$JYJ,13331154851,20111101145922,116.411697,39.910873,429163105,147132639,15,354,1,1,50#
103965,$JYJ,13370129509,20111101145923,116.411697,39.911686,429163118,147135618,0,158,0,0,50#
94472,$JYJ,13381101634,20111101145859,116.411484,39.916779,429162340,147154394,2,14,0,0,50#
86846,$JYJ,13311431363,20111101150342,116.411697,39.910385,429163109,147130815,0,0,1,1,50#
9434,$JYJ,13311431513,20111101150020,116.418999,39.914105,429190021,147144532,6,274,0,0,50#
25570,$JYJ,13311492259,20111101150047,116.410683,39.917366,429159368,147156557,13,88,0,0,50#
56168,$JYJ,13311492259,20111101150213,116.411118,39.917374,429160983,147156583,0,96,1,1,50#
22560,$JYJ,13311495094,20111101150053,116.413963,39.914989,429171474,147147797,0,278,0,0,50#
14480,$JYJ,13331093421,20111101150037,116.414291,39.914192,429172688,147144876,19,88,1,1,50#
87383,$JYJ,13370126466,20111101150344,116.411514,39.910637,429162456,147131767,15,178,1,1,50#
7485,$JYJ,13370129509,20111101150015,116.411667,39.910847,429162985,147132546,15,174,1,1,50#
34554,$JYJ,13311403084,20111101150630,116.410034,39.913891,429156979,147143752,8,8,0,0,50#
86936,$JYJ,13311403084,20111101150838,116.410286,39.913975,429157931,147144081,0,82,1,1,50#
52424,$JYJ,13311426071,20111101150714,116.411568,39.911842,429162642,147136199,0,172,0,0,50#
45770,$JYJ,13311492304,20111101150702,116.411736,39.910278,429163248,147130440,2,358,1,1,50#
37013,$JYJ,13331063496,20111101150640,116.411346,39.917526,429161825,147157143,0,0,0,0,50#
50123,$JYJ,13321180346,20111101151218,116.411720,39.910637,429163197,147131762,8,298,1,1,50#
32183,$JYJ,13321199846,20111101151124,116.419083,39.914097,429190330,147144509,0,84,0,0,50#
48790,$JYJ,13331111431,20111101151211,116.411667,39.911388,429163008,147134538,4,176,0,0,50#
73954,$JYJ,13381102914,20111101151327,116.411652,39.911991,429162942,147136763,4,180,0,0,50#
71995,$JYJ,13381153653,20111101151321,116.411636,39.911099,429162876,147133451,0,162,1,1,50#
33032,$JYJ,13331154804,20111101151629,116.419563,39.914066,429192096,147144372,0,100,1,1,50#
496,$JYJ,13370122459,20111101151457,116.413834,39.914352,429171004,147145448,0,44,0,0,50#
48102,$JYJ,13370122459,20111101151658,116.411781,39.915573,429163439,147149964,21,358,1,1,50#
83273,$JYJ,13370129592,20111101151834,116.419235,39.914150,429190872,147144685,8,84,1,1,50#
38862,$JYJ,13381100074,20111101151642,116.413750,39.914150,429170657,147144692,6,256,1,1,50#
19737,$JYJ,13301208429,20111101152052,116.411865,39.912483,429163723,147138574,0,170,0,0,50#
40690,$JYJ,13311191416,20111101152149,116.411758,39.910740,429163324,147132127,13,358,1,1,50#
78708,$JYJ,13311431237,20111101152323,116.415115,39.910809,429175704,147132380,8,70,0,0,50#
6363,$JYJ,13311486370,20111101152018,116.411598,39.914230,429162762,147145001,13,168,1,1,50#
9772,$JYJ,13311487172,20111101152025,116.411736,39.918392,429163276,147160343,15,352,1,1,50#
42121,$JYJ,13321164785,20111101152153,116.410286,39.913899,429157911,147143770,6,62,1,1,50#
110916,$JYJ,13331194451,20111101152454,116.414932,39.914223,429175011,147144964,13,260,0,0,50#
90559,$JYJ,13331194674,20111101152356,116.410454,39.913967,429158530,147144026,0,230,0,0,50#
42836,$JYJ,13311486518,20111101152651,116.411667,39.910522,429162988,147131349,0,0,0,0,50#
65858,$JYJ,13311486518,20111101152751,116.411697,39.910721,429163101,147132073,8,352,1,1,50#
2368,$JYJ,13311566554,20111101152458,116.411148,39.914135,429161100,147144667,17,270,2,0,50#
102129,$JYJ,13321174891,20111101152922,116.411530,39.918549,429162507,147160943,2,174,1,1,50#
795,$JYJ,13331194674,20111101152459,116.410385,39.914299,429158259,147145262,4,18,1,1,50#
99784,$JYJ,13301104010,20111101153424,116.412766,39.914341,429167068,147145400,0,288,0,0,50#
100907,$JYJ,13311426223,20111101153430,116.413803,39.914257,429170887,147145087,0,268,0,0,50#
37625,$JYJ,13311470395,20111101153129,116.410019,39.914158,429156949,147144750,19,152,0,0,50#
72232,$JYJ,13311492164,20111101153315,116.419502,39.914310,429191867,147145289,0,58,1,1,50#
6470,$JYJ,13331194451,20111101153011,116.411583,39.910225,429162711,147130230,2,178,1,1,50#
47475,$JYJ,13331194954,20111101153156,116.411697,39.910496,429163114,147131253,0,0,1,1,50#
5346,$JYJ,13381271941,20111101153013,116.415184,39.914505,429175973,147146019,0,94,0,0,50#
101525,$JYJ,13381271941,20111101153429,116.419167,39.914242,429190634,147145021,4,106,1,1,50#
51914,$JYJ,13301254065,20111101153711,116.412598,39.914375,429166419,147145555,0,160,0,0,50#
18972,$JYJ,13301272312,20111101153553,116.411850,39.916428,429163658,147153122,0,8,0,0,50#
94511,$JYJ,13301272312,20111101153909,116.411430,39.917713,429162114,147157833,6,8,1,1,50#
27821,$JYJ,13311426223,20111101153612,116.413834,39.914295,429170963,147145245,6,104,1,1,50#
25043,$JYJ,13311426439,20111101153603,116.418335,39.914097,429187563,147144512,12,94,0,0,50#
53801,$JYJ,13311426439,20111101153717,116.418869,39.914124,429189522,147144605,0,102,1,1,50#
31548,$JYJ,13311480795,20111101153616,116.411736,39.910587,429163253,147131586,0,14,0,0,50#
51231,$JYJ,13311480795,20111101153709,116.411697,39.910671,429163106,147131880,8,358,1,1,50#
66495,$JYJ,13311486385,20111101153749,116.412949,39.916988,429167721,147155163,17,266,1,1,50#
3460,$JYJ,13321183406,20111101154005,116.414749,39.914318,429174360,147145326,41,268,0,0,50#
18641,$JYJ,13381066694,20111101154046,116.419052,39.914150,429190193,147144686,0,112,0,0,50#
15488,$JYJ,13311020624,20111101154538,116.410431,39.914204,429158436,147144925,0,0,1,1,50#
87164,$JYJ,13311191456,20111101154835,116.419251,39.914322,429190917,147145327,28,274,0,0,50#
72134,$JYJ,13311426475,20111101154754,116.411751,39.910248,429163328,147130338,0,0,0,0,50#
92493,$JYJ,13311426475,20111101154847,116.411797,39.910652,429163470,147131802,0,10,1,1,50#
72236,$JYJ,13311490932,20111101154802,116.411751,39.910232,429163314,147130285,0,342,0,0,50#
35029,$JYJ,13321164562,20111101154628,116.412941,39.914253,429167705,147145100,12,98,1,1,50#
36030,$JYJ,13321183406,20111101154627,116.411667,39.910809,429163016,147132405,2,170,1,1,50#
75849,$JYJ,13311403273,20111101155305,116.410980,39.916168,429160468,147152155,0,238,0,0,50#
22598,$JYJ,13311431590,20111101155055,116.411682,39.911976,429163059,147136696,0,174,0,0,50#
81536,$JYJ,13311487279,20111101155326,116.414764,39.914383,429174418,147145548,0,252,0,0,50#
31587,$JYJ,13331111464,20111101155117,116.419815,39.914333,429193022,147145357,0,292,0,0,50#
51661,$JYJ,13331111464,20111101155205,116.419266,39.914398,429190989,147145600,12,272,1,1,50#
45119,$JYJ,13381083415,20111101155155,116.416748,39.914345,429181731,147145414,0,350,0,0,50#
101826,$JYJ,13301164967,20111101155913,116.411583,39.910438,429162672,147131043,6,14,0,0,50#
79070,$JYJ,13311026476,20111101155822,116.414452,39.914318,429173258,147145341,0,274,0,0,50#
113806,$JYJ,13311026476,20111101155941,116.413780,39.914295,429170769,147145235,13,268,1,1,50#
60400,$JYJ,13311403273,20111101155731,116.411369,39.916142,429161919,147152063,10,174,1,1,50#
25248,$JYJ,13311431504,20111101155600,116.411880,39.910328,429163806,147130616,0,342,1,1,50#
12414,$JYJ,13331111437,20111101155526,116.412598,39.914280,429166424,147145202,0,80,0,0,50#
76617,$JYJ,13311480691,20111101160309,116.411865,39.911888,429163720,147136385,0,260,0,0,50#
51719,$JYJ,13331194894,20111101160208,116.410515,39.917515,429158768,147157132,2,226,0,0,50#
85075,$JYJ,13331194894,20111101160334,116.410454,39.917496,429158554,147157036,8,358,1,1,50#
108795,$JYJ,13301204858,20111101160932,116.411415,39.916985,429162068,147155146,4,326,1,1,50#
102393,$JYJ,13311426280,20111101160915,116.410004,39.914215,429156879,147144968,23,242,0,0,50#
68218,$JYJ,13321164499,20111101160753,116.411720,39.910542,429163197,147131402,26,346,0,0,50#
97007,$JYJ,13321164499,20111101160905,116.411736,39.910957,429163243,147132954,12,344,1,1,50#
29515,$JYJ,13381232473,20111101160614,116.419151,39.914280,429190560,147145188,0,110,0,0,50#
43192,$JYJ,13381232473,20111101160648,116.419151,39.914299,429190563,147145238,0,172,1,1,50#
64027,$JYJ,13301214255,20111101161337,116.414070,39.914887,429171867,147147424,12,316,1,1,50#
8414,$JYJ,13301214729,20111101161025,116.419533,39.914719,429191985,147146802,10,316,1,1,50#
87392,$JYJ,13311486461,20111101161448,116.419014,39.914112,429190053,147144569,6,40,1,1,50#
76220,$JYJ,13321164352,20111101161417,116.411835,39.910610,429163617,147131646,19,354,1,1,50#
43385,$JYJ,13301138240,20111101161658,116.419037,39.914162,429190142,147144728,0,108,1,1,50#
48593,$JYJ,13301214666,20111101161702,116.412048,39.914558,429164420,147146210,0,300,0,0,50#
82129,$JYJ,13301214666,20111101161837,116.411736,39.914913,429163234,147147511,13,0,1,1,50#
56990,$JYJ,13311211084,20111101161727,116.411598,39.912525,429162756,147138715,36,180,0,0,50#
79906,$JYJ,13311211084,20111101161830,116.411682,39.911686,429163064,147135642,8,170,1,1,50#
3827,$JYJ,13311564450,20111101161505,116.411415,39.917831,429162095,147158279,0,206,0,0,50#
91661,$JYJ,13370126487,20111101161902,116.411552,39.911503,429162587,147134954,0,304,0,0,50#
90327,$JYJ,13301150364,20111101162352,116.411232,39.916996,429161401,147155198,12,184,1,1,50#
73110,$JYJ,13301209486,20111101162303,116.413269,39.915630,429168909,147150151,0,56,0,0,50#
31201,$JYJ,13321183431,20111101162118,116.414146,39.914474,429172131,147145886,6,302,0,0,50#
46150,$JYJ,13321183431,20111101162157,116.414001,39.914494,429171604,147145988,21,274,1,1,50#
59635,$JYJ,13331184993,20111101162231,116.411766,39.910496,429163346,147131230,8,356,0,0,50#
85442,$JYJ,13331184993,20111101162339,116.411697,39.910816,429163106,147132426,15,358,1,1,50#
22994,$JYJ,13311487110,20111101162602,116.411652,39.916164,429162945,147152125,0,348,0,0,50#
42069,$JYJ,13311487110,20111101162650,116.411636,39.916187,429162910,147152229,10,348,1,1,50#
60235,$JYJ,13331154955,20111101162736,116.411598,39.911217,429162735,147133882,0,180,1,1,50#
77109,$JYJ,13301214615,20111101163316,116.410568,39.914097,429158959,147144526,17,282,1,1,50#
110288,$JYJ,13301254510,20111101163447,116.413017,39.914272,429167987,147145161,0,120,0,0,50#
22837,$JYJ,13370129524,20111101163618,116.411980,39.915527,429164158,147149803,10,0,1,1,50#
3633,$JYJ,13311403661,20111101164005,116.419098,39.914085,429190385,147144452,19,272,1,1,50#
46737,$JYJ,13321199354,20111101164156,116.411865,39.911640,429163739,147135466,26,356,1,1,50#
9740,$JYJ,13381069374,20111101164023,116.413269,39.914307,429168924,147145274,0,284,0,0,50#
27581,$JYJ,13381069374,20111101164109,116.413048,39.914200,429168099,147144903,19,274,1,1,50#
107792,$JYJ,13301214802,20111101164939,116.411736,39.911152,429163253,147133659,8,178,0,0,50#
27837,$JYJ,13301251451,20111101164610,116.411797,39.910511,429163455,147131309,0,24,0,0,50#
44195,$JYJ,13301251451,20111101164647,116.411797,39.910511,429163492,147131306,0,24,1,1,50#
3013,$JYJ,13311453257,20111101164508,116.413391,39.915062,429169333,147148071,0,0,0,0,50#
53886,$JYJ,13311453257,20111101164722,116.413391,39.915062,429169367,147148086,0,0,1,1,50#
60205,$JYJ,13331156480,20111101164734,116.419914,39.913242,429193389,147141363,10,208,0,0,50#
75647,$JYJ,13331156480,20111101164813,116.419869,39.913315,429193190,147141608,0,302,1,1,50#
109249,$JYJ,13331186429,20111101164943,116.415947,39.914200,429178760,147144876,34,270,0,0,50#
17692,$JYJ,13331194814,20111101164548,116.418648,39.914173,429188711,147144768,4,280,0,0,50#
32958,$JYJ,13331194814,20111101164626,116.418899,39.914066,429189640,147144399,13,82,1,1,50#
457,$JYJ,13301125449,20111101164957,116.414070,39.914448,429171833,147145795,0,332,3,0,50#
17820,$JYJ,13301214802,20111101165047,116.411720,39.910519,429163189,147131318,4,156,1,1,50#
17978,$JYJ,13311403323,20111101165048,116.411552,39.916439,429162597,147153165,15,176,1,1,50#
35892,$JYJ,13311453306,20111101165133,116.413666,39.914108,429170345,147144566,0,308,0,0,50#
55912,$JYJ,13311453306,20111101165224,116.413551,39.914196,429169932,147144892,15,310,1,1,50#
18570,$JYJ,13311486555,20111101165054,116.414169,39.914219,429172219,147144948,15,288,1,1,50#
15580,$JYJ,13331186429,20111101165043,116.413818,39.914020,429170936,147144224,21,90,1,1,50#
51653,$JYJ,13301156134,20111101165710,116.418503,39.913990,429188175,147144121,10,274,1,1,50#
99777,$JYJ,13311487279,20111101165942,116.411865,39.915672,429163725,147150317,4,328,0,0,50#
98679,$JYJ,13331111423,20111101165935,116.411736,39.915188,429163262,147148537,12,178,1,1,50#
2727,$JYJ,13331187107,20111101170001,116.410881,39.913910,429160125,147143829,0,92,1,1,50#
3166,$JYJ,13311403096,20111101170501,116.411453,39.919247,429162234,147163513,17,186,1,1,50#
12763,$JYJ,13381232470,20111101170531,116.411682,39.910763,429163060,147132210,2,254,0,0,50#
32506,$JYJ,13381232470,20111101170620,116.411598,39.910873,429162752,147132615,0,336,1,1,50#
39423,$JYJ,13311026466,20111101171137,116.419449,39.914105,429191685,147144513,0,264,0,0,50#
57724,$JYJ,13311026466,20111101171226,116.419449,39.914105,429191677,147144540,0,264,1,1,50#
69652,$JYJ,13311453306,20111101171250,116.411720,39.917843,429163200,147158319,0,42,1,1,50#
9297,$JYJ,13311495311,20111101171022,116.413887,39.914734,429171166,147146863,4,280,0,0,50#
33192,$JYJ,13331194123,20111101171125,116.416817,39.917038,429181967,147155362,0,98,0,0,50#
58535,$JYJ,13301277620,20111101171723,116.413635,39.914425,429170232,147145724,2,180,0,0,50#
89238,$JYJ,13311403738,20111101171839,116.414551,39.914120,429173630,147144597,0,98,0,0,50#
119635,$JYJ,13311431118,20111101171956,116.415703,39.913689,429177850,147143018,28,90,0,0,50#
44936,$JYJ,13311495386,20111101171650,116.414734,39.914043,429174293,147144320,30,90,0,0,50#
71323,$JYJ,13311495386,20111101171756,116.415199,39.914028,429176024,147144270,0,48,1,1,50#
12209,$JYJ,13331154808,20111101171529,116.411468,39.916008,429162270,147151548,4,186,0,0,50#
57767,$JYJ,13331156438,20111101171723,116.413765,39.914108,429170721,147144566,0,320,0,0,50#
105852,$JYJ,13311403738,20111101172417,116.411652,39.912941,429162962,147140240,19,172,1,1,50#
67198,$JYJ,13311431118,20111101172243,116.417618,39.913902,429184917,147143769,4,140,1,1,50#
111629,$JYJ,13311488244,20111101172435,116.411575,39.918957,429162683,147162434,0,0,0,0,50#
53380,$JYJ,13370126406,20111101172209,116.419014,39.914028,429190063,147144231,0,88,0,0,50#
19359,$JYJ,13301214291,20111101173049,116.419319,39.914116,429191192,147144554,6,300,0,0,50#
103044,$JYJ,13381100504,20111101173416,116.411720,39.910099,429163213,147129791,0,210,0,0,50#
12353,$JYJ,13301214291,20111101173534,116.411819,39.913933,429163563,147143915,0,290,1,1,50#
39899,$JYJ,13311489605,20111101173640,116.411781,39.910175,429163413,147130066,13,6,0,0,50#
64790,$JYJ,13311489605,20111101173739,116.411781,39.910572,429163429,147131509,0,348,1,1,50#
2105,$JYJ,13381100504,20111101173504,116.411720,39.910099,429163191,147129768,0,190,1,1,50#
71507,$JYJ,13311426471,20111101174254,116.419617,39.914097,429192294,147144508,0,258,0,0,50#
95160,$JYJ,13311426471,20111101174352,116.419533,39.914078,429191967,147144433,13,278,1,1,50#
63165,$JYJ,13311492136,20111101174231,116.411682,39.911030,429163072,147133221,0,176,0,0,50#
95312,$JYJ,13321164603,20111101174350,116.419167,39.914146,429190638,147144677,0,102,0,0,50#
90763,$JYJ,13331154919,20111101174336,116.410133,39.913929,429157332,147143894,12,152,0,0,50#
32716,$JYJ,13331185046,20111101174115,116.412697,39.914543,429166781,147146154,4,90,1,1,50#
5150,$JYJ,13321164603,20111101174511,116.419151,39.914154,429190563,147144723,0,112,1,1,50#
96840,$JYJ,13331093420,20111101175402,116.411163,39.916897,429161145,147154828,13,174,1,1,50#
77935,$JYJ,13311403499,20111101175809,116.413483,39.915073,429169703,147148107,10,106,1,1,50#
74627,$JYJ,13311486545,20111101175804,116.411781,39.913788,429163405,147143391,2,138,0,0,50#
9707,$JYJ,13311487153,20111101175525,116.411598,39.912285,429162748,147137830,28,178,0,0,50#
48819,$JYJ,13331184993,20111101175702,116.410263,39.914360,429157831,147145493,10,14,0,0,50#
78050,$JYJ,13331188843,20111101175816,116.419869,39.913990,429193230,147144101,0,234,1,1,50#
11409,$JYJ,13331111419,20111101180022,116.413917,39.914268,429171298,147145128,0,254,0,0,50#
28691,$JYJ,13311489639,20111101180613,116.410309,39.914116,429158004,147144573,0,0,0,0,50#
61112,$JYJ,13311489639,20111101180733,116.410309,39.914116,429158008,147144597,0,0,1,1,50#
99936,$JYJ,13311490915,20111101180909,116.412880,39.914406,429167464,147145657,6,316,0,0,50#
91676,$JYJ,13321183498,20111101180843,116.411453,39.914414,429162221,147145689,17,4,0,0,50#
98888,$JYJ,13311486336,20111101181410,116.419716,39.914326,429192626,147145332,8,264,1,1,50#
51667,$JYJ,13301204887,20111101181713,116.414001,39.914276,429171591,147145186,8,266,1,1,50#
5566,$JYJ,13311403519,20111101181516,116.414284,39.914780,429172638,147147023,17,354,0,0,50#
36007,$JYJ,13311403519,20111101181630,116.414101,39.914967,429171949,147147732,0,354,1,1,50#
14494,$JYJ,13311490915,20111101181537,116.411270,39.916710,429161533,147154150,15,178,1,1,50#
82967,$JYJ,13331093434,20111101181832,116.411415,39.911572,429162092,147135192,10,142,1,1,50#
6887,$JYJ,13311020454,20111101182014,116.414131,39.914280,429172059,147145189,26,272,1,1,50#
54593,$JYJ,13381100624,20111101182215,116.411453,39.915867,429162229,147151032,0,134,0,0,50#
81797,$JYJ,13381100624,20111101182320,116.411468,39.915855,429162282,147150999,6,178,1,1,50#
78531,$JYJ,13301254560,20111101182813,116.413132,39.914879,429168394,147147406,21,88,1,1,50#
70490,$JYJ,13311300549,20111101182757,116.411415,39.916939,429162069,147154976,23,174,1,1,50#
64982,$JYJ,13311489419,20111101182744,116.413284,39.914349,429168942,147145441,0,274,0,0,50#
50350,$JYJ,13331037174,20111101182706,116.411385,39.916286,429161980,147152590,4,174,0,0,50#
66732,$JYJ,13331037174,20111101182748,116.411400,39.916218,429161999,147152326,15,178,1,1,50#
19305,$JYJ,13370122429,20111101182551,116.419380,39.914291,429191417,147145202,0,292,1,1,50#
36437,$JYJ,13311431485,20111101183128,116.412483,39.914249,429166014,147145062,10,348,0,0,50#
83584,$JYJ,13311431485,20111101183325,116.411636,39.914349,429162906,147145445,4,344,1,1,50#
86391,$JYJ,13311486403,20111101183335,116.418816,39.914223,429189327,147144978,4,116,0,0,50#
106195,$JYJ,13311486403,20111101183424,116.418899,39.914261,429189625,147145105,10,82,1,1,50#
76484,$JYJ,13301214438,20111101183812,116.413765,39.914314,429170713,147145325,6,90,1,1,50#
50416,$JYJ,13311162407,20111101183707,116.415016,39.914215,429175343,147144954,0,124,0,0,50#
118716,$JYJ,13311403711,20111101183955,116.416382,39.914253,429180357,147145092,19,266,1,1,50#
68793,$JYJ,13311480750,20111101183752,116.413506,39.914341,429169785,147145420,0,0,0,0,50#
51659,$JYJ,13370129519,20111101183706,116.411880,39.913963,429163802,147144028,0,128,0,0,50#
14924,$JYJ,13301104037,20111101184036,116.411583,39.916790,429162687,147154449,8,16,0,0,50#
119540,$JYJ,13301155542,20111101184455,116.419182,39.914261,429190674,147145091,0,290,0,0,50#
9016,$JYJ,13311191411,20111101184016,116.411736,39.914932,429163237,147147607,4,292,0,0,50#
6206,$JYJ,13311480750,20111101184016,116.413345,39.914173,429169189,147144794,15,96,1,1,50#
112479,$JYJ,13321190014,20111101184439,116.413048,39.914330,429168102,147145379,23,20,0,0,50#
38767,$JYJ,13370122432,20111101184136,116.419968,39.914299,429193583,147145257,25,270,1,1,50#
932,$JYJ,13370129519,20111101184000,116.412804,39.914150,429167173,147144707,0,256,1,1,50#
71324,$JYJ,13301155542,20111101184759,116.412987,39.914417,429167844,147145697,15,270,1,1,50#
13718,$JYJ,13301214629,20111101184531,116.418587,39.914684,429188508,147146669,2,82,0,0,50#
29509,$JYJ,13311431242,20111101184615,116.413353,39.915218,429169215,147148633,0,44,0,0,50#
90776,$JYJ,13311492309,20111101184846,116.411781,39.910530,429163439,147131352,2,38,0,0,50#
108934,$JYJ,13311492309,20111101184931,116.411781,39.910542,429163421,147131415,2,68,1,1,50#
112754,$JYJ,13311492309,20111101184941,116.411797,39.910549,429163456,147131430,0,72,0,0,50#
3408,$JYJ,13311495383,20111101184510,116.411720,39.913380,429163216,147141886,2,18,0,0,50#
18494,$JYJ,13381083415,20111101184547,116.413269,39.914364,429168922,147145488,0,296,0,0,50#
104618,$JYJ,13381083415,20111101184920,116.413551,39.915005,429169948,147147868,0,286,1,1,50#
28148,$JYJ,13301214000,20111101185107,116.419197,39.914177,429190719,147144785,13,92,0,0,50#
101730,$JYJ,13301214271,20111101185412,116.412697,39.914379,429166801,147145564,4,306,0,0,50#
668,$JYJ,13301214629,20111101184958,116.419014,39.914173,429190073,147144766,0,38,1,1,50#
1040,$JYJ,13311492309,20111101185004,116.411797,39.910553,429163472,147131463,0,72,1,1,50#
41597,$JYJ,13311489664,20111101185645,116.411293,39.914188,429161643,147144868,0,264,0,0,50#
66713,$JYJ,13311489664,20111101185747,116.410866,39.914387,429160035,147145569,0,0,1,1,50#
4615,$JYJ,13311486340,20111101190014,116.410080,39.917488,429157136,147157020,0,294,0,0,50#
105215,$JYJ,13301214530,20111101190920,116.411636,39.910389,429162881,147130855,21,176,0,0,50#
54964,$JYJ,13321164347,20111101190651,116.411369,39.918453,429161910,147160575,0,148,1,1,50#
10181,$JYJ,13301214530,20111101191023,116.411751,39.910118,429163311,147129833,13,182,1,1,50#
30959,$JYJ,13311489586,20111101191122,116.410217,39.917423,429157673,147156775,0,282,0,0,50#
97679,$JYJ,13311492326,20111101191404,116.412697,39.910618,429166787,147131701,0,168,0,0,50#
49580,$JYJ,13311495182,20111101191207,116.410553,39.914257,429158875,147145121,4,80,3,0,50#
31819,$JYJ,13321174859,20111101191118,116.411514,39.916130,429162456,147151999,0,352,0,0,50#
8447,$JYJ,13381101554,20111101191018,116.410835,39.914402,429159954,147145648,4,236,0,0,50#
73270,$JYJ,13381271943,20111101191307,116.415085,39.914387,429175604,147145568,2,222,0,0,50#
93869,$JYJ,13381271943,20111101191358,116.414986,39.914314,429175208,147145312,13,264,1,1,50#
45707,$JYJ,13301157747,20111101191649,116.411285,39.917145,429161617,147155750,13,182,1,1,50#
46680,$JYJ,13311453417,20111101191653,116.411980,39.914024,429164136,147144246,6,150,1,1,50#
28055,$JYJ,13321164544,20111101191608,116.412315,39.910095,429165404,147129753,4,356,1,1,50#
90928,$JYJ,13321174718,20111101191845,116.413597,39.914452,429170133,147145808,2,78,0,0,50#
99964,$JYJ,13301214266,20111101192411,116.411812,39.910698,429163528,147131998,0,0,0,0,50#
17137,$JYJ,13321174718,20111101192040,116.418816,39.914105,429189354,147144533,4,158,1,1,50#
38253,$JYJ,13331159425,20111101192138,116.411751,39.911297,429163302,147134178,12,354,2,0,50#
56697,$JYJ,13301214266,20111101192721,116.415085,39.914284,429175597,147145206,19,74,1,1,50#
46624,$JYJ,13311426422,20111101192654,116.412331,39.914238,429165426,147145019,6,302,1,1,50#
117548,$JYJ,13331159425,20111101192949,116.411652,39.910515,429162941,147131324,10,178,2,0,50#
54653,$JYJ,13311022974,20111101193218,116.410095,39.913872,429157192,147143675,0,0,1,1,50#
79766,$JYJ,13311301034,20111101193317,116.411682,39.910686,429163075,147131939,0,196,0,0,50#
84844,$JYJ,13311301034,20111101193332,116.411667,39.910671,429163005,147131891,4,184,1,1,50#
54576,$JYJ,13311453389,20111101193219,116.419113,39.914402,429190438,147145632,6,74,1,1,50#
33482,$JYJ,13311495121,20111101193124,116.411781,39.916725,429163442,147154218,15,180,1,1,50#
59714,$JYJ,13331194432,20111101193232,116.413651,39.914192,429170304,147144877,13,148,0,0,50#
97748,$JYJ,13301214164,20111101193904,116.413818,39.914532,429170919,147146103,13,88,1,1,50#
60459,$JYJ,13311191424,20111101193727,116.418098,39.914814,429186696,147147152,4,6,0,0,50#
85152,$JYJ,13311431519,20111101193831,116.419418,39.913857,429191548,147143622,10,258,1,1,50#
89372,$JYJ,13311470356,20111101193843,116.413864,39.915390,429171110,147149284,4,332,0,0,50#
48413,$JYJ,13311486441,20111101193655,116.411614,39.913322,429162798,147141646,0,180,0,0,50#
93720,$JYJ,13311486441,20111101193851,116.411797,39.910015,429163482,147129472,12,176,1,1,50#
82454,$JYJ,13311489306,20111101193826,116.416634,39.910622,429181313,147131709,0,0,3,0,50#
41793,$JYJ,13331194228,20111101193646,116.419533,39.914158,429191985,147144726,8,264,1,1,50#
42219,$JYJ,13301214662,20111101194146,116.414230,39.914017,429172448,147144216,10,278,0,0,50#
114585,$JYJ,13301214662,20111101194442,116.411697,39.917820,429163128,147158235,13,2,1,1,50#
12215,$JYJ,13311470356,20111101194034,116.413803,39.915501,429170876,147149694,0,146,1,1,50#
43742,$JYJ,13311470470,20111101194148,116.414581,39.913784,429173726,147143368,4,166,0,0,50#
75821,$JYJ,13311470470,20111101194310,116.414398,39.913940,429173052,147143921,0,172,1,1,50#
33380,$JYJ,13311490909,20111101194124,116.418869,39.914535,429189518,147146131,0,206,0,0,50#
48718,$JYJ,13311490909,20111101194206,116.418899,39.914516,429189636,147146036,0,316,1,1,50#
105582,$JYJ,13321164872,20111101194426,116.411430,39.917587,429162146,147157399,19,344,1,1,50#
97255,$JYJ,13331159478,20111101194402,116.411682,39.914059,429163074,147144386,15,24,1,1,50#
9523,$JYJ,13331154797,20111101194523,116.411614,39.911354,429162815,147134404,0,200,0,0,50#
25684,$JYJ,13381069724,20111101194601,116.411484,39.916080,429162306,147151831,19,190,0,0,50#
60390,$JYJ,13381078244,20111101194728,116.412087,39.914593,429164554,147146338,4,158,1,1,50#
11285,$JYJ,13301155064,20111101195025,116.419502,39.914085,429191864,147144472,0,304,0,0,50#
13565,$JYJ,13301155064,20111101195036,116.419487,39.914108,429191785,147144526,0,304,1,1,50#
109368,$JYJ,13311426081,20111101195435,116.411766,39.913883,429163378,147143715,12,174,1,1,50#
90742,$JYJ,13311486313,20111101195346,116.411865,39.910488,429163746,147131225,0,2,1,1,50#
66790,$JYJ,13301214565,20111101195824,116.411720,39.911484,429163178,147134880,4,346,1,1,50#
41236,$JYJ,13301214863,20111101195702,116.410248,39.917412,429157780,147156752,10,270,0,0,50#
47591,$JYJ,13311480787,20111101195731,116.418480,39.914726,429188078,147146813,0,4,0,0,50#
13729,$JYJ,13311480787,20111101200032,116.411636,39.912594,429162893,147138970,19,174,1,1,50#
85164,$JYJ,13301204925,20111101200834,116.411697,39.910854,429163106,147132545,15,356,1,1,50#
71427,$JYJ,13311191425,20111101200805,116.411446,39.918373,429162167,147160282,21,178,0,0,50#
90050,$JYJ,13311191452,20111101200850,116.419144,39.914196,429190554,147144860,12,266,1,1,50#
103625,$JYJ,13311431066,20111101200923,116.419647,39.914105,429192399,147144531,17,90,1,1,50#
20724,$JYJ,13331194240,20111101200558,116.411301,39.919773,429161638,147165440,13,162,1,1,50#
101348,$JYJ,13311403092,20111101201408,116.413750,39.914215,429170680,147144962,10,64,1,1,50#
101109,$JYJ,13301214698,20111101201913,116.411514,39.915230,429162457,147148708,0,0,1,1,50#
2287,$JYJ,13311403226,20111101201504,116.418999,39.914185,429190005,147144835,15,274,1,1,50#
92259,$JYJ,13331093427,20111101201846,116.419548,39.914211,429192014,147144936,17,78,1,1,50#
61869,$JYJ,13301214530,20111101202239,116.411697,39.911629,429163108,147135403,17,174,1,1,50#
117508,$JYJ,13311403753,20111101202451,116.418533,39.914700,429188301,147146722,0,0,0,0,50#
73341,$JYJ,13311453316,20111101202302,116.411514,39.916519,429162429,147153434,8,182,0,0,50#
99825,$JYJ,13381063214,20111101202408,116.419670,39.914261,429192494,147145094,0,254,1,1,50#
54723,$JYJ,13301214200,20111101202712,116.410286,39.914253,429157894,147145089,13,76,1,1,50#
120188,$JYJ,13311403151,20111101202959,116.410797,39.914196,429159796,147144870,4,260,1,1,50#
46965,$JYJ,13301133047,20111101203155,116.413620,39.914268,429170198,147145131,6,274,0,0,50#
47465,$JYJ,13311191464,20111101203153,116.412247,39.913959,429165134,147143992,21,74,1,1,50#
40465,$JYJ,13311300534,20111101203140,116.415680,39.911495,429177791,147134919,0,274,0,0,50#
63370,$JYJ,13321174663,20111101203240,116.418655,39.914154,429188752,147144708,0,0,1,1,50#
24958,$JYJ,13331063412,20111101203103,116.419830,39.914188,429193090,147144830,0,286,1,1,50#
99823,$JYJ,13301133047,20111101203904,116.413597,39.914280,429170118,147145196,4,282,1,1,50#
10929,$JYJ,13311191458,20111101203529,116.414200,39.914078,429172344,147144440,0,278,1,1,50#
75723,$JYJ,13311453237,20111101203806,116.419968,39.914017,429193569,147144209,0,70,1,1,50#
115909,$JYJ,13311492129,20111101203946,116.410835,39.918758,429159946,147161716,17,82,0,0,50#
78776,$JYJ,13301125473,20111101204334,116.411781,39.915485,429163430,147149633,4,6,0,0,50#
39371,$JYJ,13301155451,20111101204147,116.412201,39.914120,429164988,147144600,26,90,0,0,50#
40421,$JYJ,13301214565,20111101204152,116.413437,39.914444,429169523,147145793,0,260,1,1,50#
70892,$JYJ,13301254228,20111101204310,116.419670,39.914387,429192470,147145555,2,244,1,1,50#
6223,$JYJ,13331154861,20111101204014,116.410431,39.917301,429158440,147156341,4,52,0,0,50#
46015,$JYJ,13331154861,20111101204204,116.411369,39.915360,429161915,147149186,6,180,1,1,50#
38979,$JYJ,13301214800,20111101204638,116.411865,39.915523,429163716,147149790,0,354,0,0,50#
62652,$JYJ,13301214800,20111101204738,116.411797,39.916012,429163490,147151575,0,358,1,1,50#
88374,$JYJ,13301214800,20111101204841,116.411797,39.916019,429163490,147151598,0,358,0,0,50#
105934,$JYJ,13301214800,20111101204925,116.411819,39.915939,429163573,147151304,17,164,1,1,50#
37488,$JYJ,13301254065,20111101204637,116.411797,39.911358,429163490,147134412,4,152,1,1,50#
80413,$JYJ,13311403651,20111101204820,116.415314,39.914188,429176443,147144853,25,76,0,0,50#
31925,$JYJ,13311431441,20111101204623,116.411720,39.911697,429163185,147135683,12,180,0,0,50#
58055,$JYJ,13311492163,20111101204722,116.412804,39.914444,429167198,147145801,0,332,0,0,50#
92901,$JYJ,13311492163,20111101204850,116.411980,39.914829,429164153,147147226,10,16,1,1,50#
65265,$JYJ,13381093014,20111101204743,116.411636,39.917095,429162897,147155562,2,174,1,1,50#
4520,$JYJ,13301125489,20111101205013,116.417168,39.914223,429183251,147144956,2,248,1,1,50#
80215,$JYJ,13301155429,20111101205323,116.411552,39.911221,429162585,147133905,0,148,1,1,50#
42703,$JYJ,13311431191,20111101205150,116.411766,39.915512,429163377,147149717,8,218,1,1,50#
27858,$JYJ,13331154815,20111101205114,116.411530,39.910686,429162499,147131928,2,140,1,1,50#
65689,$JYJ,13331154861,20111101205249,116.419983,39.918011,429193613,147158931,12,350,1,1,50#
14422,$JYJ,13311470344,20111101205540,116.413933,39.914097,429171356,147144527,0,0,0,0,50#
15916,$JYJ,13311470344,20111101205544,116.413933,39.914097,429171326,147144502,0,0,0,0,50#
94133,$JYJ,13321174897,20111101205858,116.418137,39.914070,429186817,147144407,0,238,3,0,50#
119097,$JYJ,13331194080,20111101205953,116.411934,39.914364,429163979,147145489,6,308,0,0,50#
60652,$JYJ,13311191434,20111101210232,116.413147,39.914505,429168449,147146025,21,92,1,1,50#
73074,$JYJ,13311470344,20111101210303,116.413933,39.914097,429171365,147144501,0,0,0,0,50#
77907,$JYJ,13311470344,20111101210315,116.413444,39.913235,429169528,147141328,21,270,1,1,50#
103591,$JYJ,13311487150,20111101210414,116.416298,39.914066,429180074,147144409,8,92,0,0,50#
102381,$JYJ,13331184843,20111101210413,116.419182,39.914215,429190689,147144951,34,84,1,1,50#
74508,$JYJ,13301214229,20111101210804,116.411316,39.915501,429161688,147149700,10,230,0,0,50#
11966,$JYJ,13301254016,20111101210527,116.411552,39.914947,429162598,147147666,21,354,1,1,50#
99056,$JYJ,13301277568,20111101210910,116.419319,39.914295,429191199,147145230,17,102,1,1,50#
112496,$JYJ,13311486241,20111101210943,116.419296,39.914360,429191107,147145463,6,256,1,1,50#
41462,$JYJ,13311453439,20111101211145,116.411758,39.911339,429163318,147134343,4,6,0,0,50#
65428,$JYJ,13311453439,20111101211244,116.411530,39.911266,429162511,147134093,8,200,1,1,50#
85938,$JYJ,13321190141,20111101211828,116.419548,39.914234,429192032,147145020,6,298,1,1,50#
109657,$JYJ,13331194914,20111101211923,116.412132,39.915005,429164728,147147875,2,90,0,0,50#
104520,$JYJ,13311026493,20111101212416,116.411552,39.911411,429162589,147134614,0,200,0,0,50#
24073,$JYJ,13311495188,20111101212102,116.411530,39.910435,429162476,147131030,10,348,1,1,50#
10836,$JYJ,13331194914,20111101212025,116.412048,39.915119,429164411,147148270,10,170,1,1,50#
92204,$JYJ,13331154772,20111101212845,116.412102,39.914120,429164605,147144612,2,92,0,0,50#
122196,$JYJ,13331154913,20111101213455,116.419899,39.914604,429193324,147146368,26,268,0,0,50#
74353,$JYJ,13370129543,20111101213300,116.410202,39.910019,429157586,147129495,0,272,0,0,50#
73874,$JYJ,13311403647,20111101213808,116.418510,39.914139,429188190,147144652,6,166,0,0,50#
117545,$JYJ,13311403647,20111101213954,116.418846,39.914188,429189442,147144825,6,80,1,1,50#
28623,$JYJ,13331154913,20111101213611,116.419281,39.914379,429191053,147145555,10,98,1,1,50#
42157,$JYJ,13370129543,20111101213645,116.411568,39.911499,429162627,147134945,0,74,1,1,50#
10882,$JYJ,13301254180,20111101214030,116.413414,39.914219,429169455,147144966,6,288,1,1,50#
84759,$JYJ,13311470346,20111101214335,116.413750,39.914372,429170664,147145509,10,268,1,1,50#
46002,$JYJ,13311489504,20111101214158,116.411835,39.910629,429163611,147131725,2,12,0,0,50#
36809,$JYJ,13311492116,20111101214131,116.419670,39.914173,429192472,147144765,4,236,0,0,50#
58536,$JYJ,13311492116,20111101214225,116.419067,39.914089,429190242,147144467,0,266,1,1,50#
16271,$JYJ,13331156462,20111101214043,116.411751,39.911312,429163301,147134256,0,0,0,0,50#
100644,$JYJ,13331156462,20111101214414,116.411621,39.912308,429162813,147137921,19,176,1,1,50#
99877,$JYJ,13331184781,20111101214413,116.413017,39.914242,429167964,147145031,0,282,0,0,50#
94093,$JYJ,13331194747,20111101214359,116.419418,39.914200,429191561,147144888,0,288,0,0,50#
28711,$JYJ,13311426431,20111101214615,116.412766,39.914230,429167047,147144990,26,82,1,1,50#
105447,$JYJ,13311480675,20111101214919,116.412453,39.914337,429165889,147145384,0,206,0,0,50#
22434,$JYJ,13311492153,20111101214555,116.413582,39.915142,429170044,147148379,12,250,0,0,50#
76219,$JYJ,13311492153,20111101214812,116.414398,39.914272,429173050,147145145,4,246,1,1,50#
15415,$JYJ,13331194747,20111101214541,116.419182,39.914078,429190690,147144414,0,274,1,1,50#
8112,$JYJ,13311480675,20111101215016,116.412430,39.914333,429165818,147145401,4,318,1,1,50#
40899,$JYJ,13311488132,20111101215141,116.419403,39.914215,429191516,147144950,0,266,0,0,50#
51008,$JYJ,13311488132,20111101215207,116.419350,39.914200,429191287,147144879,6,254,1,1,50#
11671,$JYJ,13381095347,20111101215026,116.411331,39.918018,429161768,147158959,26,178,0,0,50#
112622,$JYJ,13301214497,20111101215941,116.419685,39.914261,429192542,147145086,10,272,1,1,50#
73635,$JYJ,13301214771,20111101215805,116.412720,39.914131,429166861,147144655,21,262,1,1,50#
57875,$JYJ,13311022654,20111101215727,116.411667,39.912602,429162989,147138992,13,2,1,1,50#
74755,$JYJ,13381095540,20111101215806,116.418617,39.914238,429188610,147145014,15,292,1,1,50#
119874,$JYJ,13311486352,20111101220454,116.412498,39.914204,429166072,147144915,2,316,0,0,50#
44224,$JYJ,13331063402,20111101220154,116.410370,39.917229,429158213,147156066,2,60,0,0,50#
73391,$JYJ,13331063402,20111101220305,116.411468,39.917793,429162267,147158150,25,358,1,1,50#
43489,$JYJ,13311403107,20111101220647,116.413780,39.913555,429170785,147142498,15,300,1,1,50#
20158,$JYJ,13311480681,20111101220554,116.411766,39.912628,429163368,147139116,10,354,1,1,50#
7198,$JYJ,13311486551,20111101220520,116.416885,39.910713,429182228,147132017,10,268,0,0,50#
111565,$JYJ,13311488229,20111101220937,116.419968,39.914135,429193586,147144648,2,318,1,1,50#
9996,$JYJ,13311489407,20111101220527,116.415184,39.914223,429175963,147144981,0,246,0,0,50#
56381,$JYJ,13311489407,20111101220722,116.414535,39.914124,429173551,147144608,17,88,1,1,50#
25678,$JYJ,13311489647,20111101220606,116.411705,39.911686,429163140,147135626,21,358,1,1,50#
38505,$JYJ,13331184914,20111101220635,116.418716,39.914208,429188989,147144897,0,192,0,0,50#
79166,$JYJ,13311470467,20111101221319,116.410454,39.917366,429158526,147156559,0,262,0,0,50#
20811,$JYJ,13370122453,20111101221052,116.419449,39.914146,429191644,147144675,21,94,1,1,50#
19163,$JYJ,13301133514,20111101221545,116.411568,39.910557,429162614,147131470,0,300,1,1,50#
86534,$JYJ,13311470455,20111101221830,116.411568,39.915806,429162618,147150830,4,174,1,1,50#
11192,$JYJ,13321174860,20111101221525,116.410118,39.913822,429157292,147143495,0,124,0,0,50#
34281,$JYJ,13321174860,20111101221622,116.410484,39.914173,429158663,147144811,10,76,1,1,50#
29762,$JYJ,13301214480,20111101222108,116.412720,39.913940,429166880,147143943,10,270,0,0,50#
107332,$JYJ,13311191445,20111101222426,116.415886,39.911434,429178524,147134707,19,276,0,0,50#
94102,$JYJ,13321164865,20111101222350,116.419083,39.914234,429190329,147144993,10,268,1,1,50#
95292,$JYJ,13311191445,20111101222857,116.411667,39.913483,429163020,147142251,12,352,1,1,50#
13223,$JYJ,13311431161,20111101223031,116.411568,39.915653,429162615,147150243,4,174,0,0,50#
29069,$JYJ,13321174860,20111101223108,116.411797,39.914726,429163467,147146850,0,350,0,0,50#
51485,$JYJ,13321174860,20111101223209,116.411468,39.916286,429162263,147152588,15,174,1,1,50#
43454,$JYJ,13331194881,20111101223153,116.419815,39.913815,429193026,147143446,4,190,1,1,50#
87080,$JYJ,13301204807,20111101223831,116.412453,39.913899,429165893,147143772,2,90,1,1,50#
25528,$JYJ,13311470486,20111101224103,116.418549,39.914185,429188366,147144839,12,280,0,0,50#
68909,$JYJ,13311470486,20111101224247,116.413696,39.914356,429170485,147145466,6,282,1,1,50#
29949,$JYJ,13331154815,20111101224115,116.419853,39.914223,429193134,147144952,10,262,1,1,50#
33052,$JYJ,13311492200,20111101224624,116.416763,39.914234,429181788,147145019,17,268,1,1,50#
31302,$JYJ,13321199964,20111101224619,116.413300,39.914391,429169027,147145611,23,286,1,1,50#
97033,$JYJ,13381153606,20111101224852,116.410500,39.914230,429158717,147145023,2,346,0,0,50#
87282,$JYJ,13301157643,20111101225339,116.415085,39.914246,429175583,147145050,32,90,1,1,50#
36826,$JYJ,13321199943,20111101225131,116.411148,39.916264,429161109,147152490,0,68,0,0,50#
30741,$JYJ,13331194781,20111101225108,116.412087,39.914741,429164543,147146901,4,278,0,0,50#
82204,$JYJ,13331194781,20111101225326,116.419067,39.914215,429190262,147144951,0,94,1,1,50#
2810,$JYJ,13381153606,20111101225005,116.410233,39.913055,429157736,147140674,21,56,1,1,50#
84292,$JYJ,13331154782,20111101225835,116.411644,39.914280,429162908,147145195,0,0,1,1,50#
12986,$JYJ,13301214877,20111101230034,116.411652,39.911228,429162961,147133954,0,0,0,0,50#
93990,$JYJ,13301214877,20111101230357,116.412460,39.913807,429165940,147143432,8,36,1,1,50#
105801,$JYJ,13381083473,20111101230422,116.412865,39.914372,429167412,147145539,0,108,0,0,50#
109545,$JYJ,13301208432,20111101230930,116.419182,39.914375,429190692,147145534,15,272,1,1,50#
12384,$JYJ,13311020454,20111101230528,116.410202,39.914669,429157601,147146634,15,84,1,1,50#
45269,$JYJ,13311021574,20111101230656,116.413330,39.914414,429169123,147145668,2,218,1,1,50#
3359,$JYJ,13311480698,20111101230505,116.411453,39.916161,429162233,147152140,0,172,0,0,50#
27150,$JYJ,13311480698,20111101230607,116.411484,39.916138,429162307,147152033,0,172,1,1,50#
105881,$JYJ,13311488229,20111101230917,116.418816,39.914154,429189346,147144719,0,86,1,1,50#
8397,$JYJ,13331187020,20111101230505,116.411682,39.910503,429163036,147131269,10,358,0,0,50#
111110,$JYJ,13331194674,20111101230934,116.411064,39.914589,429160769,147146339,15,82,1,1,50#
10525,$JYJ,13381083473,20111101230522,116.412720,39.914345,429166887,147145431,0,108,1,1,50#
2607,$JYJ,13331093451,20111101231009,116.418778,39.914062,429189208,147144385,0,0,0,0,50#
66354,$JYJ,13311431299,20111101231744,116.412918,39.914570,429167606,147146249,0,114,0,0,50#
106470,$JYJ,13311568453,20111101231931,116.411682,39.913067,429163047,147140703,21,4,1,1,50#
22066,$JYJ,13331154847,20111101231555,116.419670,39.914246,429192497,147145058,17,100,1,1,50#
34830,$JYJ,13311470495,20111101232123,116.411903,39.911266,429163883,147134090,13,352,1,1,50#
3813,$JYJ,13311470348,20111101232512,116.418816,39.914223,429189338,147144956,13,86,1,1,50#
55896,$JYJ,13311486380,20111101233223,116.417396,39.914280,429184090,147145172,56,268,0,0,50#
82147,$JYJ,13311486380,20111101233328,116.413620,39.914330,429170186,147145375,12,290,1,1,50#
114594,$JYJ,13311492214,20111101233444,116.418983,39.914516,429189940,147146060,17,64,1,1,50#
71711,$JYJ,13331093451,20111101233301,116.418778,39.914062,429189180,147144362,0,0,0,0,50#
73959,$JYJ,13331093451,20111101233307,116.418785,39.914276,429189229,147145149,10,84,1,1,50#
34873,$JYJ,13321164556,20111101233630,116.411430,39.912354,429162110,147138080,15,184,1,1,50#
7245,$JYJ,13311453439,20111101234021,116.411537,39.916966,429162529,147155085,0,0,0,0,50#
77167,$JYJ,13311453439,20111101234317,116.411652,39.911495,429162937,147134931,0,0,1,1,50#
99887,$JYJ,13311470485,20111101234414,116.411598,39.913361,429162767,147141809,0,0,0,0,50#
20023,$JYJ,13311495217,20111101234051,116.411667,39.911415,429163008,147134614,26,174,1,1,50#
23354,$JYJ,13321180404,20111101234102,116.419098,39.915749,429190382,147150583,0,272,0,0,50#
81576,$JYJ,13321199684,20111101234830,116.416847,39.914322,429182067,147145318,0,212,0,0,50#
102464,$JYJ,13321199684,20111101234927,116.419220,39.914326,429190842,147145329,19,82,1,1,50#
622,$JYJ,13331194240,20111101234500,116.410080,39.915653,429157174,147150270,0,82,0,0,50#
66881,$JYJ,13370126426,20111101234751,116.411667,39.914963,429163008,147147706,0,22,0,0,50#
1365,$JYJ,13321180064,20111101235501,116.415482,39.914417,429177073,147145702,15,66,1,1,50#
