2189,$JYJ,13301204814,20111101000005,116.420547,39.911118,429195713,147133517,0,338,0,0,50#
43773,$JYJ,13301204814,20111101000206,116.420486,39.915325,429195474,147149020,10,358,1,1,50#
42380,$JYJ,13321164566,20111101000713,116.420166,39.914967,429194304,147147716,0,328,0,0,50#
37460,$JYJ,13331190294,20111101000659,116.422005,39.917820,429201061,147158231,0,76,0,0,50#
80751,$JYJ,13331190294,20111101000910,116.425552,39.917915,429214147,147158553,23,94,1,1,50#
56211,$JYJ,13301125416,20111101001249,116.420250,39.917580,429194630,147157330,12,174,1,1,50#
59659,$JYJ,13301214161,20111101001301,116.420570,39.915573,429195807,147149953,15,4,0,0,50#
70888,$JYJ,13301214161,20111101001334,116.420525,39.915718,429195628,147150475,10,352,1,1,50#
35753,$JYJ,13321164817,20111101001146,116.420486,39.915016,429195477,147147889,23,2,0,0,50#
61329,$JYJ,13301214615,20111101001808,116.420486,39.914352,429195487,147145440,15,6,1,1,50#
16611,$JYJ,13331194228,20111101002049,116.428986,39.914185,429226796,147144783,10,358,1,1,50#
3082,$JYJ,13301214261,20111101002507,116.428383,39.914970,429224555,147147677,30,176,0,0,50#
11075,$JYJ,13311403717,20111101003028,116.420334,39.915337,429194904,147149075,17,174,1,1,50#
37960,$JYJ,13331184793,20111101003648,116.420532,39.915546,429195645,147149844,21,12,1,1,50#
89725,$JYJ,13311453347,20111101004424,116.420616,39.911381,429195943,147134473,0,156,1,1,50#
3380,$JYJ,13381077412,20111101004004,116.420700,39.911201,429196277,147133836,19,4,0,0,50#
80292,$JYJ,13311486593,20111101004901,116.428963,39.914299,429226704,147145204,23,356,1,1,50#
69758,$JYJ,13311431043,20111101005832,116.428177,39.919952,429223816,147166049,25,176,1,1,50#
7365,$JYJ,13301204939,20111101010018,116.420570,39.913433,429195786,147142043,17,356,0,0,50#
43137,$JYJ,13331154823,20111101010206,116.420853,39.911430,429196828,147134675,2,338,0,0,50#
32001,$JYJ,13311191430,20111101010640,116.420647,39.911377,429196071,147134476,19,164,1,1,50#
45132,$JYJ,13311453449,20111101010720,116.420212,39.916992,429194495,147155167,0,0,0,0,50#
15326,$JYJ,13321164791,20111101010543,116.425133,39.910816,429212608,147132370,0,114,0,0,50#
14910,$JYJ,13331194956,20111101011045,116.429802,39.915993,429229794,147151459,12,186,0,0,50#
19798,$JYJ,13331194981,20111101011101,116.428413,39.913795,429224650,147143356,28,182,1,1,50#
77989,$JYJ,13321164543,20111101011904,116.429085,39.912125,429227148,147137205,28,346,1,1,50#
22840,$JYJ,13311470476,20111101012611,116.427559,39.915390,429221505,147149231,12,262,0,0,50#
58712,$JYJ,13311426431,20111101013306,116.428581,39.913715,429225269,147143060,12,216,1,1,50#
66415,$JYJ,13311453315,20111101013331,116.425682,39.919205,429214597,147163303,4,162,0,0,50#
80644,$JYJ,13311453315,20111101013417,116.425682,39.919201,429214622,147163300,0,162,1,1,50#
80770,$JYJ,13311453315,20111101013421,116.425682,39.919201,429214630,147163289,0,162,0,0,50#
81028,$JYJ,13311453315,20111101013423,116.425682,39.919201,429214634,147163302,0,162,1,1,50#
83515,$JYJ,13311453315,20111101013431,116.425682,39.919201,429214605,147163291,0,162,0,0,50#
62946,$JYJ,13311486593,20111101013825,116.428978,39.913998,429226750,147144105,0,0,0,0,50#
40782,$JYJ,13331184797,20111101013709,116.428535,39.914131,429225108,147144581,15,148,1,1,50#
50687,$JYJ,13301157477,20111101014741,116.424469,39.911640,429210160,147135413,2,316,0,0,50#
68922,$JYJ,13311486317,20111101014849,116.420570,39.911175,429195807,147133731,21,170,1,1,50#
56579,$JYJ,13331194153,20111101014802,116.420181,39.916733,429194373,147154204,32,176,0,0,50#
83475,$JYJ,13311486587,20111101015414,116.422188,39.917789,429201771,147158092,10,86,0,0,50#
20590,$JYJ,13311489693,20111101015108,116.428436,39.914093,429224767,147144460,13,178,1,1,50#
403,$JYJ,13331154815,20111101014956,116.420532,39.912407,429195642,147138279,32,172,1,1,50#
86259,$JYJ,13311431319,20111101020443,116.423469,39.918423,429206452,147160425,0,278,0,0,50#
21402,$JYJ,13311453307,20111101020110,116.420502,39.911491,429195529,147134899,4,198,1,1,50#
49724,$JYJ,13311489610,20111101020749,116.420052,39.914158,429193894,147144716,0,302,0,0,50#
20873,$JYJ,13301174944,20111101021107,116.429367,39.918884,429228187,147162122,15,12,1,1,50#
28839,$JYJ,13301156764,20111101022635,116.420402,39.914505,429195185,147146004,12,358,1,1,50#
46788,$JYJ,13301254019,20111101023239,116.420334,39.917831,429194941,147158274,0,358,0,0,50#
3676,$JYJ,13331194607,20111101030008,116.420616,39.911388,429195979,147134515,32,356,0,0,50#
65575,$JYJ,13301125496,20111101030850,116.427818,39.911224,429222482,147133889,23,84,1,1,50#
16266,$JYJ,13311480750,20111101032059,116.424599,39.910232,429210641,147130243,0,0,0,0,50#
41888,$JYJ,13311480750,20111101032232,116.424644,39.910141,429210795,147129901,0,0,0,0,50#
43071,$JYJ,13311480750,20111101032236,116.424644,39.910141,429210801,147129898,0,0,0,0,50#
54946,$JYJ,13311480750,20111101032320,116.424644,39.910141,429210773,147129900,0,0,0,0,50#
55270,$JYJ,13370126440,20111101034325,116.420235,39.916351,429194557,147152803,0,0,0,0,50#
71216,$JYJ,13311453468,20111101040429,116.420105,39.919506,429194096,147164426,39,178,0,0,50#
70078,$JYJ,13311022214,20111101041427,116.421867,39.917774,429200565,147158034,0,0,0,0,50#
42266,$JYJ,13311489697,20111101041745,116.428902,39.914078,429226471,147144398,4,358,1,1,50#
20807,$JYJ,13321199334,20111101041614,116.423950,39.914280,429208252,147145158,19,266,1,1,50#
62240,$JYJ,13381066854,20111101043855,116.423149,39.914200,429205288,147144851,28,266,1,1,50#
6942,$JYJ,13321164595,20111101044026,116.426636,39.913857,429218118,147143595,8,32,0,0,50#
14695,$JYJ,13301272063,20111101045549,116.428650,39.919674,429225563,147165014,12,358,1,1,50#
34299,$JYJ,13311453468,20111101045708,116.428742,39.915352,429225868,147149077,25,354,1,1,50#
16298,$JYJ,13321199940,20111101051545,116.420235,39.916710,429194571,147154140,10,182,0,0,50#
18194,$JYJ,13301214495,20111101052103,116.420364,39.917408,429195023,147156714,21,354,1,1,50#
14259,$JYJ,13311191464,20111101054542,116.420319,39.914898,429194875,147147442,13,196,1,1,50#
48244,$JYJ,13381166345,20111101061228,116.428596,39.917793,429225351,147158103,52,358,3,0,50#
61472,$JYJ,13311492280,20111101061808,116.428551,39.919930,429225184,147165955,54,358,1,1,50#
63548,$JYJ,13331159480,20111101061810,116.420334,39.915558,429194922,147149889,15,354,1,1,50#
46598,$JYJ,13311470388,20111101063717,116.428665,39.919453,429225587,147164220,25,356,1,1,50#
82639,$JYJ,13331154854,20111101063901,116.420448,39.915787,429195357,147150736,30,350,1,1,50#
16952,$JYJ,13311576674,20111101064049,116.420265,39.915665,429194652,147150279,6,176,1,1,50#
51323,$JYJ,13301156894,20111101064908,116.420181,39.916649,429194385,147153910,13,356,0,0,50#
51523,$JYJ,13311576674,20111101065330,116.428764,39.917232,429225976,147156029,0,64,0,0,50#
16795,$JYJ,13321164537,20111101065121,116.420097,39.919128,429194036,147163051,38,178,0,0,50#
89662,$JYJ,13301207942,20111101065918,116.420486,39.911575,429195489,147135200,8,346,0,0,50#
71604,$JYJ,13301125447,20111101070824,116.429649,39.919140,429229212,147163047,2,94,0,0,50#
985,$JYJ,13301209437,20111101070458,116.420402,39.916527,429195182,147153459,0,10,0,0,50#
17952,$JYJ,13301214193,20111101070544,116.428970,39.919086,429226712,147162847,0,0,1,1,50#
53149,$JYJ,13311431048,20111101070735,116.420731,39.911919,429196382,147136475,30,352,1,1,50#
14562,$JYJ,13311488140,20111101070540,116.420120,39.917774,429194148,147158062,13,180,2,0,50#
92201,$JYJ,13311488140,20111101070931,116.420502,39.910599,429195560,147131597,6,170,2,0,50#
98399,$JYJ,13331154955,20111101070943,116.420281,39.914833,429194713,147147206,15,0,1,1,50#
72083,$JYJ,13381063104,20111101070831,116.420769,39.917831,429196514,147158258,19,90,0,0,50#
52712,$JYJ,13301272873,20111101071230,116.428917,39.914291,429226503,147145182,0,312,0,0,50#
7849,$JYJ,13381063104,20111101071022,116.420433,39.917572,429195290,147157322,10,168,1,1,50#
5553,$JYJ,13311426388,20111101071512,116.420486,39.910675,429195486,147131883,13,168,1,1,50#
55492,$JYJ,13311453365,20111101071739,116.420570,39.911858,429195774,147136231,26,354,1,1,50#
24018,$JYJ,13381096124,20111101071605,116.428719,39.919437,429225804,147164148,23,356,0,0,50#
59326,$JYJ,13301128418,20111101072250,116.420914,39.910015,429197066,147129456,34,160,1,1,50#
37514,$JYJ,13301254083,20111101072146,116.420380,39.918366,429195094,147160243,12,0,1,1,50#
92901,$JYJ,13311020604,20111101072429,116.420685,39.911163,429196200,147133692,32,356,1,1,50#
56493,$JYJ,13381100964,20111101072242,116.420380,39.915581,429195076,147149966,6,352,1,1,50#
89734,$JYJ,13311426281,20111101072919,116.420387,39.912464,429195098,147138467,32,180,1,1,50#
6784,$JYJ,13331154901,20111101072515,116.420547,39.910702,429195691,147131991,13,154,1,1,50#
56136,$JYJ,13301153406,20111101073244,116.423569,39.919018,429206847,147162638,8,274,0,0,50#
52571,$JYJ,13301254216,20111101073721,116.421982,39.910500,429200974,147131245,0,4,1,1,50#
42160,$JYJ,13311403486,20111101073657,116.428749,39.919258,429225907,147163498,25,6,0,0,50#
29631,$JYJ,13311492224,20111101073621,116.428764,39.917862,429225968,147158361,51,358,0,0,50#
101889,$JYJ,13321199294,20111101073951,116.420784,39.910835,429196576,147132463,0,320,0,0,50#
27087,$JYJ,13321199294,20111101074114,116.420586,39.913311,429195869,147141611,23,356,1,1,50#
1227,$JYJ,13311431556,20111101074457,116.420685,39.914887,429196222,147147421,12,352,1,1,50#
74822,$JYJ,13301156054,20111101075334,116.420166,39.918522,429194300,147160817,21,168,1,1,50#
93791,$JYJ,13311431474,20111101075425,116.426048,39.918003,429215946,147158869,0,162,0,0,50#
52192,$JYJ,13311453353,20111101075229,116.420372,39.917996,429195060,147158852,0,0,1,1,50#
53941,$JYJ,13311489545,20111101075235,116.426903,39.914394,429219091,147145581,6,14,0,0,50#
87051,$JYJ,13311489545,20111101075410,116.428497,39.912418,429224972,147138284,17,154,1,1,50#
75609,$JYJ,13311486375,20111101075838,116.428215,39.915104,429223933,147148194,0,336,1,1,50#
55073,$JYJ,13331154869,20111101075735,116.420815,39.914146,429196674,147144687,25,90,0,0,50#
74876,$JYJ,13331154869,20111101075830,116.422714,39.914173,429203696,147144769,21,80,1,1,50#
15667,$JYJ,13331187195,20111101075542,116.420349,39.912758,429194967,147139569,15,182,1,1,50#
31905,$JYJ,13311470347,20111101080132,116.428314,39.911652,429224297,147135462,17,226,0,0,50#
18531,$JYJ,13381235478,20111101080053,116.420334,39.918098,429194904,147159251,15,358,1,1,50#
76950,$JYJ,13301164939,20111101080919,116.429115,39.911175,429227261,147133690,60,350,0,0,50#
41176,$JYJ,13311492055,20111101080706,116.420380,39.917248,429195092,147156125,19,166,1,1,50#
35600,$JYJ,13331187024,20111101080652,116.422935,39.914211,429204490,147144904,4,96,0,0,50#
57467,$JYJ,13311431363,20111101081306,116.428169,39.919952,429223788,147166061,0,166,0,0,50#
33009,$JYJ,13311453307,20111101081146,116.421814,39.915779,429200395,147150680,0,104,1,1,50#
79626,$JYJ,13331185749,20111101081417,116.428368,39.913792,429224494,147143326,10,172,1,1,50#
72166,$JYJ,13331194355,20111101081352,116.420532,39.910465,429195633,147131098,21,158,1,1,50#
60031,$JYJ,13331194744,20111101081315,116.428535,39.914913,429225130,147147460,2,166,0,0,50#
76131,$JYJ,13331194744,20111101081404,116.428352,39.914520,429224452,147146024,4,292,1,1,50#
43989,$JYJ,13301104030,20111101081745,116.428780,39.915485,429226023,147149570,10,350,1,1,50#
11969,$JYJ,13311300564,20111101081541,116.428192,39.911671,429223834,147135526,15,182,0,0,50#
66525,$JYJ,13311470404,20111101081907,116.428780,39.917431,429226024,147156760,10,354,1,1,50#
31241,$JYJ,13311495159,20111101081651,116.429451,39.914295,429228486,147145189,0,266,1,1,50#
76248,$JYJ,13370129546,20111101081939,116.420013,39.914989,429193750,147147780,19,340,1,1,50#
84532,$JYJ,13311431368,20111101082926,116.420120,39.914074,429194117,147144415,12,178,1,1,50#
55239,$JYJ,13311470438,20111101082803,116.428932,39.914562,429226578,147146168,21,356,1,1,50#
77695,$JYJ,13311162414,20111101083412,116.425598,39.910873,429214297,147132579,0,278,0,0,50#
61945,$JYJ,13311431159,20111101083317,116.420631,39.912220,429196028,147137583,15,352,1,1,50#
2595,$JYJ,13311489335,20111101083008,116.428253,39.911861,429224068,147136237,15,172,0,0,50#
91128,$JYJ,13331156457,20111101083436,116.420769,39.911636,429196543,147135438,38,354,1,1,50#
30946,$JYJ,13311162414,20111101083642,116.424797,39.910751,429211375,147132161,8,258,1,1,50#
9112,$JYJ,13311300504,20111101083527,116.420342,39.917370,429194965,147156564,0,0,1,1,50#
25379,$JYJ,13311426481,20111101083619,116.420433,39.911285,429195298,147134147,0,176,0,0,50#
92220,$JYJ,13311426481,20111101083951,116.420464,39.913620,429195417,147142753,13,358,1,1,50#
78633,$JYJ,13311486241,20111101083914,116.420662,39.911194,429196119,147133789,6,6,1,1,50#
22108,$JYJ,13331194826,20111101083613,116.428581,39.917293,429225277,147156260,39,356,1,1,50#
33965,$JYJ,13381095174,20111101083649,116.420181,39.915249,429194358,147148751,4,206,0,0,50#
19574,$JYJ,13301125491,20111101084104,116.428017,39.911598,429223206,147135241,10,282,0,0,50#
42873,$JYJ,13311191441,20111101084220,116.420586,39.912727,429195863,147139432,4,338,1,1,50#
63191,$JYJ,13311489545,20111101084333,116.420082,39.919273,429194000,147163581,26,174,1,1,50#
27618,$JYJ,13331156457,20111101084126,116.428803,39.918301,429226115,147159963,15,358,0,0,50#
69664,$JYJ,13331184917,20111101084358,116.420067,39.914372,429193957,147145517,4,82,1,1,50#
47202,$JYJ,13381235465,20111101084235,116.428398,39.913300,429224601,147141541,23,172,2,0,50#
39431,$JYJ,13321164874,20111101084734,116.420616,39.911270,429195961,147134090,4,352,1,1,50#
85002,$JYJ,13301214072,20111101085442,116.428001,39.911911,429223157,147136397,13,140,0,0,50#
88070,$JYJ,13301214878,20111101085454,116.427254,39.910858,429220393,147132518,4,110,1,1,50#
47812,$JYJ,13311431322,20111101085236,116.420181,39.914268,429194376,147145144,8,326,0,0,50#
40498,$JYJ,13311488217,20111101085216,116.427902,39.911678,429222768,147135554,6,246,0,0,50#
6854,$JYJ,13311495209,20111101085024,116.428833,39.916908,429226231,147154817,6,352,0,0,50#
24090,$JYJ,13311495209,20111101085121,116.428352,39.916969,429224448,147155050,12,2,1,1,50#
52592,$JYJ,13381063264,20111101085246,116.428734,39.918369,429225849,147160206,0,8,0,0,50#
39504,$JYJ,13311488217,20111101085713,116.420692,39.911278,429196254,147134118,12,352,1,1,50#
1514,$JYJ,13331194176,20111101085501,116.429085,39.917465,429227144,147156875,26,352,1,1,50#
13376,$JYJ,13331194674,20111101085540,116.425285,39.913250,429213168,147141371,8,174,0,0,50#
6540,$JYJ,13301104030,20111101090017,116.429398,39.913967,429228281,147143995,0,204,1,1,50#
69688,$JYJ,13301184011,20111101090407,116.420570,39.910438,429195771,147131018,15,166,1,1,50#
47152,$JYJ,13311431132,20111101090255,116.427254,39.910847,429220409,147132489,17,60,1,1,50#
32756,$JYJ,13321174710,20111101090150,116.424736,39.910034,429211116,147129508,0,0,0,0,50#
34048,$JYJ,13321174710,20111101090154,116.424736,39.910034,429211139,147129513,0,0,0,0,50#
62576,$JYJ,13321174872,20111101090342,116.429970,39.914131,429230380,147144574,10,262,1,1,50#
41749,$JYJ,13321183498,20111101090127,116.428383,39.918278,429224565,147159889,0,6,0,0,50#
2599,$JYJ,13331194454,20111101090005,116.425781,39.910938,429214969,147132844,0,296,1,1,50#
46697,$JYJ,13301157496,20111101090740,116.420532,39.912960,429195648,147140288,17,354,0,0,50#
70925,$JYJ,13301157496,20111101090859,116.420517,39.913387,429195582,147141873,15,352,1,1,50#
88001,$JYJ,13311453369,20111101090955,116.420586,39.913357,429195852,147141761,8,4,0,0,50#
21321,$JYJ,13311488137,20111101090611,116.420563,39.913685,429195766,147142960,0,0,0,0,50#
62518,$JYJ,13311453369,20111101091311,116.420281,39.919945,429194720,147166044,0,352,1,1,50#
60585,$JYJ,13311488137,20111101091308,116.426544,39.914204,429217790,147144875,21,266,1,1,50#
92881,$JYJ,13311489337,20111101091447,116.420685,39.912186,429196236,147137444,12,340,1,1,50#
15355,$JYJ,13381096524,20111101091043,116.428413,39.913803,429224657,147143380,0,172,0,0,50#
57842,$JYJ,13381096524,20111101091300,116.427002,39.912529,429219468,147138706,0,130,1,1,50#
82830,$JYJ,13311025845,20111101091922,116.420616,39.911201,429195974,147133821,15,352,1,1,50#
88766,$JYJ,13311487147,20111101091944,116.425285,39.914318,429213153,147145288,0,288,0,0,50#
19102,$JYJ,13311022004,20111101092110,116.427048,39.910847,429219650,147132488,0,0,0,0,50#
28696,$JYJ,13311431471,20111101092633,116.420181,39.917698,429194376,147157767,15,350,1,1,50#
59843,$JYJ,13311487117,20111101092826,116.420502,39.915817,429195522,147150840,4,344,1,1,50#
37511,$JYJ,13311488184,20111101092703,116.425316,39.914368,429213280,147145470,0,18,0,0,50#
22875,$JYJ,13311495211,20111101092609,116.429466,39.919300,429228537,147163656,4,90,0,0,50#
62138,$JYJ,13381100064,20111101092830,116.429382,39.919388,429228243,147163976,0,82,0,0,50#
22267,$JYJ,13311470362,20111101093105,116.428719,39.911480,429225782,147134803,4,156,0,0,50#
55742,$JYJ,13321183461,20111101093300,116.420418,39.915115,429195246,147148262,19,0,1,1,50#
81006,$JYJ,13331194947,20111101093419,116.420136,39.917347,429194203,147156493,0,196,1,1,50#
33450,$JYJ,13381100064,20111101093142,116.429604,39.919270,429229057,147163527,0,342,1,1,50#
12661,$JYJ,13311403088,20111101093543,116.428886,39.915455,429226423,147149458,32,358,1,1,50#
10319,$JYJ,13311488179,20111101093533,116.420036,39.910690,429193805,147131951,15,84,0,0,50#
47781,$JYJ,13311488179,20111101093746,116.420433,39.914623,429195299,147146452,6,16,1,1,50#
31948,$JYJ,13370126418,20111101093646,116.428314,39.911957,429224315,147136565,0,198,0,0,50#
72516,$JYJ,13311191432,20111101094345,116.426819,39.914043,429218793,147144266,0,108,0,0,50#
25518,$JYJ,13311426426,20111101094123,116.421127,39.914326,429197866,147145323,8,272,0,0,50#
25987,$JYJ,13331156433,20111101094123,116.428154,39.912003,429223709,147136739,8,222,0,0,50#
48390,$JYJ,13331156433,20111101094237,116.428154,39.911266,429223715,147134019,10,160,1,1,50#
66735,$JYJ,13370126418,20111101094331,116.420448,39.913651,429195349,147142851,15,356,1,1,50#
22811,$JYJ,13381063104,20111101094115,116.420265,39.916771,429194651,147154358,26,176,1,1,50#
77725,$JYJ,13311403704,20111101094857,116.429230,39.914284,429227666,147145153,13,274,1,1,50#
83333,$JYJ,13311581343,20111101094915,116.420616,39.912598,429195947,147138962,25,358,0,0,50#
70275,$JYJ,13301204843,20111101095330,116.429085,39.914268,429227138,147145107,17,356,1,1,50#
87819,$JYJ,13311426376,20111101095424,116.428886,39.917858,429226430,147158339,0,0,0,0,50#
88931,$JYJ,13311426376,20111101095428,116.428886,39.917858,429226417,147158317,0,0,0,0,50#
41887,$JYJ,13331194462,20111101095203,116.420570,39.912723,429195777,147139447,0,296,1,1,50#
31176,$JYJ,13301125545,20111101095633,116.426720,39.910568,429218453,147131463,0,196,0,0,50#
55150,$JYJ,13301125545,20111101095752,116.426697,39.910564,429218364,147131457,0,208,1,1,50#
10883,$JYJ,13301214625,20111101095530,116.428352,39.916195,429224447,147152204,36,178,0,0,50#
78958,$JYJ,13311426238,20111101095908,116.429649,39.919220,429229199,147163358,0,190,1,1,50#
73617,$JYJ,13311492178,20111101095847,116.420433,39.911362,429195277,147134397,2,226,0,0,50#
40278,$JYJ,13321164456,20111101095702,116.420570,39.914600,429195776,147146342,12,18,1,1,50#
92460,$JYJ,13321189848,20111101095946,116.420197,39.915314,429194413,147148990,4,178,1,1,50#
28135,$JYJ,13331186411,20111101095627,116.428818,39.919457,429226172,147164219,21,4,0,0,50#
57253,$JYJ,13381232496,20111101095758,116.429153,39.911694,429227372,147135603,23,342,1,1,50#
77679,$JYJ,13301214619,20111101100423,116.426964,39.910626,429219326,147131685,0,86,0,0,50#
6329,$JYJ,13311489690,20111101100016,116.428520,39.911919,429225048,147136424,26,168,1,1,50#
42007,$JYJ,13321180470,20111101100211,116.421013,39.913326,429197415,147141647,0,78,0,0,50#
38648,$JYJ,13331194383,20111101100200,116.420281,39.915394,429194728,147149266,12,190,1,1,50#
8742,$JYJ,13381083414,20111101100022,116.428749,39.917366,429225922,147156510,54,356,0,0,50#
70432,$JYJ,13301153648,20111101100921,116.420334,39.917976,429194935,147158784,17,352,1,1,50#
12632,$JYJ,13301208543,20111101100540,116.428947,39.913711,429226649,147143059,47,0,0,0,50#
51257,$JYJ,13301208543,20111101100802,116.428551,39.919037,429225159,147162676,6,336,1,1,50#
61937,$JYJ,13301214125,20111101100847,116.428276,39.911877,429224171,147136276,0,0,0,0,50#
81357,$JYJ,13301214125,20111101100959,116.428276,39.911877,429224147,147136279,0,0,0,0,50#
21325,$JYJ,13311191487,20111101100611,116.429337,39.914261,429228072,147145064,8,272,1,1,50#
79787,$JYJ,13311426473,20111101100946,116.428032,39.914268,429223282,147145103,8,264,1,1,50#
54919,$JYJ,13311492275,20111101100815,116.427315,39.910725,429220612,147132036,0,26,0,0,50#
70529,$JYJ,13370129523,20111101100921,116.422096,39.914188,429201394,147144814,8,90,1,1,50#
28810,$JYJ,13311403647,20111101101141,116.420349,39.915993,429194994,147151493,6,348,1,1,50#
20488,$JYJ,13311495386,20111101101107,116.425102,39.914272,429212477,147145111,21,266,1,1,50#
55783,$JYJ,13331156457,20111101101328,116.429634,39.914360,429229171,147145435,15,272,0,0,50#
56869,$JYJ,13311403108,20111101101803,116.420685,39.911598,429196222,147135279,21,338,1,1,50#
72670,$JYJ,13311486316,20111101101855,116.420486,39.913433,429195504,147142060,13,0,1,1,50#
70865,$JYJ,13311487114,20111101101845,116.428368,39.915165,429224508,147148411,0,162,0,0,50#
85684,$JYJ,13311487114,20111101101929,116.428436,39.915154,429224767,147148357,8,170,1,1,50#
7993,$JYJ,13311403551,20111101102027,116.428436,39.912582,429224762,147138886,0,176,0,0,50#
93938,$JYJ,13311431209,20111101102451,116.428398,39.913914,429224621,147143801,30,174,1,1,50#
76988,$JYJ,13311470345,20111101102400,116.425369,39.910534,429213460,147131334,4,66,0,0,50#
29345,$JYJ,13321199440,20111101102132,116.420532,39.912853,429195641,147139911,13,352,1,1,50#
71383,$JYJ,13331194911,20111101102349,116.428421,39.913933,429224696,147143876,0,0,0,0,50#
46117,$JYJ,13301155467,20111101102712,116.428436,39.919434,429224769,147164136,10,352,0,0,50#
88459,$JYJ,13301204850,20111101102932,116.428703,39.914085,429225730,147144437,0,16,0,0,50#
82103,$JYJ,13301251400,20111101102911,116.420120,39.917564,429194120,147157281,10,172,1,1,50#
53042,$JYJ,13311403303,20111101102741,116.424034,39.914261,429208551,147145105,25,268,1,1,50#
62522,$JYJ,13311486375,20111101102815,116.428215,39.915047,429223934,147147953,0,6,3,0,50#
10971,$JYJ,13311486483,20111101102530,116.428703,39.916782,429225748,147154382,2,10,1,1,50#
39319,$JYJ,13311583416,20111101102659,116.427101,39.911594,429219833,147135239,0,354,0,0,50#
75908,$JYJ,13331194828,20111101102856,116.428848,39.914001,429226254,147144107,23,354,1,1,50#
49965,$JYJ,13301156940,20111101103240,116.420631,39.914219,429196033,147144940,19,272,0,0,50#
60028,$JYJ,13311403574,20111101103310,116.420349,39.914372,429194987,147145515,0,178,0,0,50#
14402,$JYJ,13311431051,20111101103048,116.420136,39.917851,429194201,147158319,21,176,1,1,50#
26149,$JYJ,13301156746,20111101103623,116.420547,39.910309,429195729,147130531,21,168,1,1,50#
91298,$JYJ,13301184039,20111101103950,116.428436,39.911118,429224732,147133477,6,166,0,0,50#
56531,$JYJ,13301252434,20111101103758,116.420418,39.913464,429195253,147142156,19,358,1,1,50#
88873,$JYJ,13311453444,20111101103945,116.420036,39.919197,429193826,147163303,4,172,1,1,50#
46364,$JYJ,13311470499,20111101103724,116.420586,39.910385,429195870,147130816,12,172,1,1,50#
56325,$JYJ,13370126448,20111101103800,116.429024,39.912498,429226916,147138572,21,352,1,1,50#
56146,$JYJ,13301214790,20111101104250,116.426399,39.914288,429217261,147145193,6,264,1,1,50#
3688,$JYJ,13311426376,20111101104009,116.428886,39.917858,429226407,147158334,0,0,0,0,50#
6347,$JYJ,13311426376,20111101104020,116.428886,39.917858,429226419,147158338,0,0,0,0,50#
7885,$JYJ,13311426376,20111101104024,116.428886,39.917858,429226409,147158338,0,0,0,0,50#
32202,$JYJ,13311426376,20111101104142,116.428886,39.917858,429226400,147158340,0,0,0,0,50#
93180,$JYJ,13311453200,20111101104456,116.428757,39.916031,429225936,147151611,0,0,0,0,50#
83868,$JYJ,13331184792,20111101104425,116.420281,39.916462,429194724,147153198,21,352,1,1,50#
42086,$JYJ,13331194180,20111101104211,116.426948,39.912632,429219266,147139060,12,186,1,1,50#
1448,$JYJ,13381069534,20111101104001,116.420181,39.914741,429194362,147146861,0,220,0,0,50#
2592,$JYJ,13311453200,20111101104459,116.428757,39.916031,429225951,147151610,0,0,0,0,50#
79850,$JYJ,13311453200,20111101104859,116.428757,39.916031,429225951,147151612,0,0,0,0,50#
81793,$JYJ,13311453200,20111101104920,116.428925,39.916332,429226565,147152701,21,356,1,1,50#
86426,$JYJ,13311495190,20111101104929,116.428764,39.919174,429225976,147163178,13,356,1,1,50#
35855,$JYJ,13301184068,20111101105144,116.428085,39.919987,429223443,147166191,19,176,1,1,50#
19913,$JYJ,13311431506,20111101105059,116.428032,39.914703,429223274,147146714,25,4,1,1,50#
63174,$JYJ,13331194861,20111101105311,116.425186,39.910984,429212808,147133019,0,142,0,0,50#
39627,$JYJ,13311403273,20111101105710,116.428864,39.918945,429226349,147162344,10,336,1,1,50#
86314,$JYJ,13331154783,20111101105943,116.425064,39.914120,429212344,147144549,17,74,1,1,50#
24512,$JYJ,13311426318,20111101110114,116.420265,39.919155,429194689,147163150,21,358,1,1,50#
19782,$JYJ,13311431555,20111101110041,116.420380,39.917004,429195077,147155227,0,12,1,1,50#
76345,$JYJ,13311453389,20111101110356,116.428711,39.919250,429225768,147163474,10,346,1,1,50#
87122,$JYJ,13321164598,20111101110427,116.420486,39.918167,429195489,147159495,15,10,1,1,50#
39469,$JYJ,13331184797,20111101110206,116.427452,39.915352,429221133,147149114,0,262,0,0,50#
28362,$JYJ,13331194154,20111101110130,116.420670,39.911015,429196154,147133146,23,354,1,1,50#
22179,$JYJ,13331194290,20111101110108,116.428848,39.916031,429226251,147151588,17,0,0,0,50#
51511,$JYJ,13301156540,20111101110744,116.428902,39.913975,429226463,147144018,2,26,0,0,50#
31832,$JYJ,13301254260,20111101110640,116.429367,39.914379,429228170,147145517,4,266,0,0,50#
37076,$JYJ,13311426040,20111101110658,116.420334,39.913910,429194903,147143801,0,182,0,0,50#
29436,$JYJ,13321183466,20111101110637,116.420235,39.915878,429194538,147151067,6,196,0,0,50#
12945,$JYJ,13331154875,20111101110542,116.420670,39.915146,429196169,147148350,0,6,1,1,50#
548,$JYJ,13331184797,20111101110458,116.428398,39.913624,429224597,147142719,13,176,1,1,50#
47719,$JYJ,13381066642,20111101110735,116.428925,39.914345,429226563,147145373,23,338,1,1,50#
32766,$JYJ,13301157486,20111101111148,116.420547,39.914356,429195701,147145455,19,8,1,1,50#
27793,$JYJ,13311489561,20111101111133,116.428451,39.912369,429224815,147138111,17,228,0,0,50#
37571,$JYJ,13331038684,20111101111203,116.428101,39.911777,429223513,147135910,6,184,1,1,50#
22919,$JYJ,13311162482,20111101111612,116.426430,39.914341,429217375,147145371,12,264,1,1,50#
815,$JYJ,13311426013,20111101111459,116.422302,39.914322,429202182,147145304,0,82,0,0,50#
34493,$JYJ,13331159458,20111101111644,116.428436,39.912960,429224772,147140290,12,168,1,1,50#
56191,$JYJ,13381095344,20111101111805,116.428131,39.911755,429223620,147135819,4,178,0,0,50#
722,$JYJ,13311162430,20111101112003,116.428467,39.911648,429224850,147135434,0,292,0,0,50#
88704,$JYJ,13311403517,20111101112449,116.427849,39.914162,429222575,147144707,8,108,0,0,50#
87727,$JYJ,13311566458,20111101112448,116.420402,39.914230,429195183,147144974,8,4,1,1,50#
73851,$JYJ,13311567043,20111101112406,116.426720,39.912792,429218452,147139652,0,192,0,0,50#
75272,$JYJ,13331194429,20111101112413,116.427376,39.910809,429220842,147132333,0,0,0,0,50#
76967,$JYJ,13331194429,20111101112418,116.427376,39.910809,429220832,147132347,0,0,0,0,50#
58328,$JYJ,13370129569,20111101112315,116.428886,39.914314,429226410,147145272,0,344,0,0,50#
80100,$JYJ,13301214220,20111101112911,116.428368,39.915028,429224497,147147890,15,176,0,0,50#
74250,$JYJ,13301214223,20111101112848,116.429382,39.912758,429228243,147139520,32,356,0,0,50#
82248,$JYJ,13311489304,20111101112913,116.428902,39.915722,429226454,147150450,0,0,1,1,50#
49305,$JYJ,13301214220,20111101113229,116.420441,39.916420,429195330,147153069,8,2,1,1,50#
3033,$JYJ,13301214223,20111101113000,116.428970,39.915394,429226704,147149259,0,354,1,1,50#
16265,$JYJ,13301214411,20111101113046,116.421097,39.914345,429197749,147145413,25,268,0,0,50#
37303,$JYJ,13311020634,20111101113147,116.420464,39.912060,429195410,147136976,0,0,0,0,50#
17185,$JYJ,13311191482,20111101112847,116.426987,39.913574,429219399,147142541,4,10,1,1,50#
59344,$JYJ,13311431132,20111101113255,116.426933,39.913910,429219227,147143793,17,78,1,1,50#
26778,$JYJ,13311488147,20111101113122,116.420418,39.915771,429195222,147150670,12,346,1,1,50#
76967,$JYJ,13311488204,20111101113349,116.426880,39.913609,429219005,147142676,12,178,1,1,50#
84072,$JYJ,13311489374,20111101113411,116.428734,39.919266,429225829,147163537,12,0,1,1,50#
94096,$JYJ,13331154875,20111101113435,116.428001,39.912971,429223147,147140303,13,282,0,0,50#
95361,$JYJ,13331194947,20111101113438,116.420265,39.915295,429194676,147148917,0,178,1,1,50#
64036,$JYJ,13331194958,20111101113253,116.428413,39.914860,429224690,147147266,17,174,1,1,50#
21740,$JYJ,13301157445,20111101113602,116.420380,39.917179,429195087,147155864,0,4,0,0,50#
42498,$JYJ,13301214698,20111101113704,116.429680,39.911888,429229311,147136317,15,88,1,1,50#
21949,$JYJ,13331154875,20111101113606,116.428398,39.911522,429224610,147134990,12,192,1,1,50#
5440,$JYJ,13331186486,20111101113408,116.428848,39.919579,429226286,147164682,8,276,1,1,50#
29560,$JYJ,13301156764,20111101114127,116.428848,39.916496,429226256,147153302,32,356,0,0,50#
84087,$JYJ,13311431007,20111101114411,116.428970,39.917053,429226702,147155354,0,38,0,0,50#
33229,$JYJ,13311431176,20111101114138,116.428947,39.914372,429226649,147145483,17,352,1,1,50#
7230,$JYJ,13311486504,20111101114023,116.428665,39.918610,429225579,147161093,17,358,0,0,50#
40497,$JYJ,13311486504,20111101114159,116.428703,39.919590,429225738,147164701,23,320,1,1,50#
66195,$JYJ,13311487220,20111101114317,116.426697,39.914314,429218360,147145284,0,276,0,0,50#
41575,$JYJ,13311495199,20111101114200,116.420402,39.916973,429195171,147155106,17,358,0,0,50#
7536,$JYJ,13301214244,20111101114523,116.428032,39.911663,429223253,147135485,0,0,0,0,50#
8615,$JYJ,13301214244,20111101114527,116.428032,39.911663,429223243,147135499,0,0,0,0,50#
43918,$JYJ,13301251400,20111101114711,116.420250,39.914414,429194596,147145663,12,260,1,1,50#
92797,$JYJ,13311426087,20111101114921,116.428413,39.914047,429224650,147144275,0,170,0,0,50#
18987,$JYJ,13311211254,20111101115053,116.424133,39.914337,429208911,147145381,38,268,0,0,50#
30742,$JYJ,13311480748,20111101115126,116.425064,39.911064,429212325,147133294,0,220,0,0,50#
60999,$JYJ,13311577734,20111101115301,116.429619,39.911888,429229114,147136335,19,86,1,1,50#
56849,$JYJ,13321164415,20111101115251,116.420402,39.913094,429195173,147140787,0,0,0,0,50#
58359,$JYJ,13321164415,20111101115255,116.420402,39.913094,429195161,147140801,0,0,0,0,50#
27840,$JYJ,13301214456,20111101115620,116.429215,39.918984,429227606,147162491,12,98,0,0,50#
88211,$JYJ,13311403644,20111101115923,116.428451,39.913872,429224807,147143648,13,176,1,1,50#
16000,$JYJ,13311453492,20111101115545,116.429031,39.912872,429226934,147139943,38,354,0,0,50#
6276,$JYJ,13311495110,20111101115511,116.428619,39.919380,429225432,147163930,0,0,0,0,50#
99,$JYJ,13311566482,20111101115459,116.424652,39.914471,429210813,147145870,8,80,0,0,50#
65154,$JYJ,13321164415,20111101115816,116.420402,39.913094,429195190,147140803,0,0,0,0,50#
68371,$JYJ,13301174972,20111101120334,116.428169,39.914345,429223777,147145385,25,272,1,1,50#
929,$JYJ,13301209460,20111101115959,116.426781,39.913078,429218670,147140719,0,188,0,0,50#
52807,$JYJ,13301272063,20111101120245,116.420151,39.918694,429194238,147161436,0,176,0,0,50#
47079,$JYJ,13331159484,20111101120222,116.425636,39.919762,429214430,147165353,4,130,0,0,50#
45219,$JYJ,13331194365,20111101120220,116.428436,39.912262,429224744,147137707,2,204,0,0,50#
2285,$JYJ,13381083415,20111101120007,116.426865,39.912796,429218981,147139665,4,82,1,1,50#
63701,$JYJ,13301104071,20111101120830,116.429230,39.917332,429227673,147156378,10,268,1,1,50#
46754,$JYJ,13311300954,20111101120745,116.428986,39.915657,429226779,147150200,0,98,0,0,50#
9375,$JYJ,13311431452,20111101120532,116.420250,39.917515,429194634,147157101,0,358,0,0,50#
65424,$JYJ,13311211145,20111101121358,116.420433,39.912929,429195283,147140202,12,170,1,1,50#
5877,$JYJ,13311403644,20111101121018,116.424652,39.910522,429210835,147131314,4,340,1,1,50#
75169,$JYJ,13311403644,20111101121434,116.424484,39.910717,429210182,147132032,0,358,0,0,50#
15477,$JYJ,13311495025,20111101121050,116.424118,39.914307,429208845,147145266,38,268,0,0,50#
15692,$JYJ,13321174806,20111101121602,116.423180,39.914188,429205420,147144827,36,252,0,0,50#
53521,$JYJ,13311191464,20111101122302,116.420364,39.915600,429195017,147150046,17,160,1,1,50#
10918,$JYJ,13311426494,20111101122038,116.420197,39.919899,429194431,147165897,19,168,1,1,50#
56410,$JYJ,13311453481,20111101122333,116.420250,39.914349,429194597,147145439,0,268,1,1,50#
64573,$JYJ,13370122419,20111101122404,116.420448,39.915623,429195324,147150124,0,8,0,0,50#
20848,$JYJ,13301155477,20111101122633,116.428986,39.913055,429226784,147140634,63,356,0,0,50#
32956,$JYJ,13301155477,20111101122719,116.428932,39.914665,429226577,147146571,36,354,1,1,50#
38885,$JYJ,13311162482,20111101122744,116.420853,39.911690,429196821,147135621,0,180,0,0,50#
60408,$JYJ,13311431292,20111101123420,116.420532,39.912422,429195645,147138317,15,180,0,0,50#
21903,$JYJ,13301155074,20111101123615,116.429718,39.912979,429229481,147140325,2,234,0,0,50#
83136,$JYJ,13301254172,20111101123948,116.420380,39.912159,429195084,147137359,6,12,0,0,50#
18335,$JYJ,13311486418,20111101123537,116.429970,39.917286,429230414,147156210,0,108,0,0,50#
28767,$JYJ,13321180404,20111101123643,116.420281,39.915276,429194735,147148835,21,190,0,0,50#
49101,$JYJ,13301254172,20111101124249,116.421036,39.913258,429197525,147141387,4,346,1,1,50#
10842,$JYJ,13311578433,20111101124036,116.428635,39.915356,429225502,147149093,17,178,0,0,50#
22611,$JYJ,13321199734,20111101124120,116.429970,39.913517,429230407,147142322,12,162,1,1,50#
76450,$JYJ,13331194921,20111101124417,116.424919,39.910900,429211818,147132681,0,278,1,1,50#
9391,$JYJ,13311489464,20111101124531,116.427101,39.910755,429219816,147132162,19,88,0,0,50#
10308,$JYJ,13311489567,20111101124534,116.420631,39.911266,429196001,147134076,12,178,1,1,50#
88406,$JYJ,13331194863,20111101124946,116.429535,39.914204,429228804,147144849,4,272,1,1,50#
9308,$JYJ,13301157642,20111101125033,116.420647,39.911510,429196073,147134948,13,344,1,1,50#
70832,$JYJ,13311021748,20111101125355,116.428886,39.914154,429226415,147144679,10,348,0,0,50#
86948,$JYJ,13311426414,20111101125444,116.420067,39.919914,429193956,147165927,4,176,1,1,50#
29689,$JYJ,13321183446,20111101125145,116.428268,39.919449,429224124,147164211,25,336,1,1,50#
36240,$JYJ,13331159495,20111101125203,116.423386,39.914024,429206150,147144222,43,92,0,0,50#
7789,$JYJ,13321174794,20111101125524,116.420265,39.916016,429194689,147151574,0,318,0,0,50#
15275,$JYJ,13381083437,20111101125549,116.420532,39.911140,429195663,147133603,0,180,0,0,50#
40655,$JYJ,13301127437,20111101130210,116.424736,39.910213,429211141,147130169,0,352,0,0,50#
8016,$JYJ,13311162487,20111101130027,116.427620,39.914124,429221748,147144567,26,100,1,1,50#
70802,$JYJ,13311489428,20111101130411,116.420250,39.918110,429194615,147159281,21,350,1,1,50#
78267,$JYJ,13331194921,20111101130441,116.420532,39.911488,429195665,147134866,13,174,1,1,50#
29191,$JYJ,13311403741,20111101130635,116.427513,39.910873,429221363,147132591,0,2,0,0,50#
79232,$JYJ,13311431014,20111101130914,116.420319,39.915470,429194877,147149555,12,350,0,0,50#
7434,$JYJ,13311453214,20111101130525,116.428902,39.914688,429226469,147146650,26,358,0,0,50#
34938,$JYJ,13311577743,20111101130654,116.420914,39.914078,429197052,147144408,19,84,0,0,50#
48253,$JYJ,13331159407,20111101130735,116.422348,39.914345,429202346,147145413,15,270,1,1,50#
23575,$JYJ,13311403505,20111101131112,116.420402,39.915672,429195168,147150297,6,356,1,1,50#
48668,$JYJ,13311480720,20111101131226,116.429100,39.912338,429227208,147137968,0,2,0,0,50#
10907,$JYJ,13331184983,20111101131032,116.420631,39.912804,429196018,147139726,4,8,1,1,50#
28542,$JYJ,13381066664,20111101131128,116.428902,39.914238,429226485,147145000,0,4,0,0,50#
61004,$JYJ,13301208435,20111101131830,116.428818,39.917801,429226177,147158137,25,356,1,1,50#
74649,$JYJ,13311021074,20111101131903,116.429451,39.917370,429228510,147156529,0,0,0,0,50#
10204,$JYJ,13311487239,20111101131542,116.426720,39.914166,429218419,147144740,8,76,1,1,50#
34582,$JYJ,13331186646,20111101131707,116.429215,39.911114,429227610,147133460,0,0,0,0,50#
53419,$JYJ,13331186646,20111101131803,116.429215,39.911121,429227601,147133507,4,344,1,1,50#
18573,$JYJ,13311021074,20111101132053,116.428848,39.919311,429226280,147163677,13,336,1,1,50#
85333,$JYJ,13331156436,20111101132419,116.420570,39.910542,429195787,147131375,0,186,1,1,50#
25525,$JYJ,13301125462,20111101132622,116.420364,39.913311,429195034,147141606,15,168,1,1,50#
34963,$JYJ,13301157534,20111101132642,116.421951,39.917793,429200879,147158126,0,234,0,0,50#
48791,$JYJ,13331188694,20111101132733,116.424782,39.910519,429211288,147131299,0,36,0,0,50#
74767,$JYJ,13311426397,20111101133344,116.420281,39.913414,429194709,147141994,12,166,1,1,50#
76013,$JYJ,13331188694,20111101133350,116.428017,39.911789,429223227,147135974,8,174,1,1,50#
34785,$JYJ,13301157534,20111101133650,116.426170,39.914452,429216402,147145798,6,264,1,1,50#
75250,$JYJ,13311453265,20111101133909,116.429100,39.911491,429227207,147134874,0,354,1,1,50#
17447,$JYJ,13321180431,20111101133558,116.428825,39.915627,429226185,147150088,12,358,1,1,50#
8463,$JYJ,13321189848,20111101133521,116.428703,39.919182,429225719,147163220,6,70,0,0,50#
31164,$JYJ,13321189848,20111101133644,116.428932,39.919193,429226579,147163243,6,206,1,1,50#
20644,$JYJ,13331194085,20111101133604,116.420502,39.913238,429195563,147141336,2,58,0,0,50#
59187,$JYJ,13331194357,20111101133812,116.420448,39.914597,429195364,147146351,15,338,1,1,50#
38542,$JYJ,13370122485,20111101133707,116.428703,39.911430,429225717,147134623,0,166,1,1,50#
42446,$JYJ,13301155174,20111101134208,116.426666,39.914242,429218251,147144998,0,106,0,0,50#
96058,$JYJ,13301155174,20111101134450,116.427032,39.910587,429219578,147131542,28,268,1,1,50#
9241,$JYJ,13311403692,20111101134023,116.428017,39.919567,429223190,147164638,17,184,0,0,50#
77660,$JYJ,13311453282,20111101134359,116.420532,39.913464,429195673,147142163,17,344,0,0,50#
25621,$JYJ,13311495137,20111101134119,116.420830,39.914242,429196758,147145032,26,268,0,0,50#
5408,$JYJ,13311583421,20111101134017,116.422119,39.914295,429201490,147145222,30,276,1,1,50#
84934,$JYJ,13331154929,20111101134416,116.420364,39.914692,429195036,147146695,19,0,0,0,50#
53611,$JYJ,13311453400,20111101134748,116.428513,39.913364,429225016,147141767,39,176,1,1,50#
83948,$JYJ,13311453464,20111101134930,116.428169,39.911682,429223754,147135562,8,216,0,0,50#
3937,$JYJ,13321183484,20111101134508,116.421120,39.914158,429197812,147144707,0,90,0,0,50#
65485,$JYJ,13331154744,20111101134822,116.420319,39.915577,429194881,147149937,0,180,0,0,50#
463,$JYJ,13370189253,20111101134458,116.423447,39.911366,429206374,147134404,0,0,0,0,50#
27970,$JYJ,13311403316,20111101135126,116.420616,39.912445,429195957,147138419,0,2,0,0,50#
11454,$JYJ,13311453464,20111101135037,116.427849,39.911396,429222584,147134526,15,174,1,1,50#
17951,$JYJ,13321164582,20111101135051,116.428337,39.910683,429224379,147131888,0,280,0,0,50#
26633,$JYJ,13321183484,20111101135119,116.427284,39.910976,429220497,147132971,0,284,1,1,50#
3364,$JYJ,13301138884,20111101135507,116.428284,39.919895,429224189,147165850,12,172,1,1,50#
21380,$JYJ,13301157479,20111101135611,116.428886,39.910839,429226401,147132456,0,332,0,0,50#
23870,$JYJ,13301214861,20111101135624,116.428909,39.915619,429226474,147150089,19,356,1,1,50#
62612,$JYJ,13311403089,20111101135827,116.420334,39.914181,429194934,147144816,6,236,0,0,50#
66853,$JYJ,13311426257,20111101135843,116.428848,39.919060,429226257,147162758,6,84,0,0,50#
309,$JYJ,13311431185,20111101135456,116.420418,39.915363,429195214,147149159,15,178,1,1,50#
38474,$JYJ,13331093492,20111101135713,116.420013,39.914391,429193763,147145595,15,262,0,0,50#
71142,$JYJ,13331194003,20111101135854,116.420402,39.915226,429195191,147148673,17,242,1,1,50#
40995,$JYJ,13311162433,20111101140208,116.429352,39.911060,429228123,147133284,13,354,1,1,50#
4770,$JYJ,13311431088,20111101140015,116.428162,39.911690,429223748,147135588,12,184,0,0,50#
30085,$JYJ,13311431088,20111101140137,116.428261,39.911442,429224124,147134692,6,198,1,1,50#
83239,$JYJ,13311470419,20111101140424,116.426628,39.914181,429218094,147144787,0,0,0,0,50#
52409,$JYJ,13331194554,20111101140248,116.420151,39.919868,429194263,147165786,6,154,0,0,50#
47585,$JYJ,13301157479,20111101140746,116.429421,39.914070,429228359,147144363,15,328,1,1,50#
78360,$JYJ,13311453295,20111101140941,116.421081,39.914379,429197691,147145543,36,86,1,1,50#
70597,$JYJ,13311487293,20111101140914,116.420883,39.914356,429196952,147145436,0,266,0,0,50#
65878,$JYJ,13301214745,20111101141326,116.424614,39.914295,429210686,147145227,23,268,1,1,50#
44089,$JYJ,13311453295,20111101141221,116.428467,39.913422,429224870,147141986,25,176,0,0,50#
64841,$JYJ,13311191495,20111101141834,116.428413,39.911003,429224661,147133045,41,182,0,0,50#
68968,$JYJ,13311486426,20111101141850,116.428451,39.913662,429224812,147142849,4,178,0,0,50#
85036,$JYJ,13381069143,20111101141938,116.428764,39.917873,429225981,147158378,10,2,1,1,50#
65065,$JYJ,13311026474,20111101142310,116.428902,39.914146,429226449,147144659,0,12,0,0,50#
86072,$JYJ,13311026474,20111101142414,116.428902,39.914154,429226473,147144685,4,348,1,1,50#
78211,$JYJ,13311453399,20111101142353,116.429085,39.913647,429227121,147142805,13,346,1,1,50#
67765,$JYJ,13311487276,20111101142317,116.420281,39.919037,429194747,147162720,19,354,1,1,50#
23603,$JYJ,13311488114,20111101142110,116.425583,39.918648,429214230,147161246,0,144,1,1,50#
97677,$JYJ,13311489468,20111101142455,116.428467,39.912331,429224850,147137952,12,182,1,1,50#
8391,$JYJ,13321174804,20111101142022,116.425919,39.913986,429215494,147144057,2,90,0,0,50#
45046,$JYJ,13321174891,20111101142212,116.429749,39.910080,429229583,147129668,25,358,1,1,50#
55832,$JYJ,13321199454,20111101142243,116.428650,39.918762,429225550,147161659,2,358,1,1,50#
101817,$JYJ,13311563649,20111101142941,116.420013,39.914280,429193732,147145172,0,110,0,0,50#
15642,$JYJ,13331154727,20111101142545,116.428764,39.913425,429225957,147141974,12,278,1,1,50#
3554,$JYJ,13331184994,20111101142507,116.429421,39.919102,429228383,147162919,0,72,0,0,50#
30474,$JYJ,13301174979,20111101143115,116.427650,39.912132,429221856,147137231,0,66,0,0,50#
118610,$JYJ,13301214180,20111101143452,116.428848,39.915669,429226275,147150253,28,356,1,1,50#
4153,$JYJ,13331194355,20111101143008,116.427963,39.913990,429222993,147144076,2,92,0,0,50#
31332,$JYJ,13331194355,20111101143122,116.428284,39.911430,429224175,147134621,15,182,1,1,50#
3995,$JYJ,13301214102,20111101143507,116.420319,39.915024,429194875,147147928,32,180,0,0,50#
54943,$JYJ,13311403493,20111101143719,116.422348,39.918789,429202340,147161798,8,0,0,0,50#
107819,$JYJ,13311486563,20111101143930,116.420212,39.917499,429194458,147157041,10,172,1,1,50#
101701,$JYJ,13331063452,20111101143916,116.420685,39.910755,429196231,147132167,23,354,1,1,50#
108937,$JYJ,13331037174,20111101144432,116.420204,39.917263,429194460,147156158,6,178,1,1,50#
51057,$JYJ,13331111426,20111101144211,116.421051,39.914265,429197545,147145116,15,264,0,0,50#
28623,$JYJ,13331184984,20111101144112,116.420517,39.913055,429195607,147140642,23,352,1,1,50#
80136,$JYJ,13301104039,20111101144820,116.428749,39.916759,429225897,147154275,32,168,0,0,50#
77430,$JYJ,13301155458,20111101144818,116.420364,39.913364,429195015,147141790,4,168,1,1,50#
44043,$JYJ,13301214187,20111101144652,116.420136,39.915180,429194173,147148504,0,0,1,1,50#
535,$JYJ,13301104039,20111101144957,116.428551,39.915165,429225186,147148414,12,154,1,1,50#
17108,$JYJ,13311021745,20111101145025,116.428803,39.916126,429226108,147151932,0,348,0,0,50#
59670,$JYJ,13311021745,20111101145227,116.428749,39.917198,429225899,147155885,10,352,1,1,50#
53638,$JYJ,13311300704,20111101145213,116.420281,39.916042,429194736,147151662,26,352,1,1,50#
26360,$JYJ,13311403741,20111101145104,116.422218,39.913921,429201876,147143852,23,82,0,0,50#
51111,$JYJ,13311453387,20111101145210,116.428902,39.915752,429226450,147150568,17,356,1,1,50#
81912,$JYJ,13311453442,20111101145323,116.426231,39.914112,429216634,147144539,19,90,0,0,50#
93108,$JYJ,13311486413,20111101145350,116.428970,39.913536,429226725,147142413,41,350,0,0,50#
2416,$JYJ,13311487135,20111101145002,116.420364,39.913620,429195050,147142746,6,342,0,0,50#
34787,$JYJ,13331063413,20111101145126,116.426964,39.911152,429219331,147133632,2,210,0,0,50#
62626,$JYJ,13331063413,20111101145234,116.426918,39.911045,429219185,147133227,12,278,1,1,50#
80285,$JYJ,13311403196,20111101145824,116.420433,39.917339,429195289,147156442,13,346,1,1,50#
67902,$JYJ,13311470410,20111101145745,116.420570,39.910278,429195801,147130421,6,172,1,1,50#
98412,$JYJ,13321164607,20111101145909,116.420937,39.914322,429197148,147145307,2,268,0,0,50#
112661,$JYJ,13321183418,20111101145943,116.427017,39.910953,429219510,147132876,8,252,1,1,50#
95642,$JYJ,13331185749,20111101145852,116.428764,39.919331,429225968,147163750,15,350,1,1,50#
78432,$JYJ,13381066624,20111101145816,116.420448,39.912853,429195346,147139927,0,178,0,0,50#
40245,$JYJ,13311480685,20111101150138,116.428986,39.914276,429226784,147145135,6,0,0,0,50#
9427,$JYJ,13321180470,20111101150020,116.428932,39.914257,429226591,147145055,10,6,0,0,50#
31339,$JYJ,13301155472,20111101150611,116.420303,39.919975,429194807,147166167,2,2,0,0,50#
59197,$JYJ,13311453446,20111101150734,116.429329,39.914318,429228032,147145286,6,278,0,0,50#
26346,$JYJ,13381101734,20111101150609,116.420464,39.914902,429195405,147147476,17,6,0,0,50#
48901,$JYJ,13381101734,20111101150708,116.420380,39.916748,429195074,147154275,0,10,1,1,50#
1559,$JYJ,13311403149,20111101151002,116.429703,39.914135,429229413,147144613,15,264,1,1,50#
38853,$JYJ,13311480732,20111101151142,116.428947,39.914360,429226650,147145440,25,354,1,1,50#
57877,$JYJ,13321164763,20111101151242,116.420769,39.915504,429196505,147149687,17,358,0,0,50#
100991,$JYJ,13321199845,20111101151442,116.420647,39.914551,429196097,147146162,12,20,1,1,50#
64643,$JYJ,13331186409,20111101151302,116.428917,39.913990,429226530,147144059,2,36,0,0,50#
20432,$JYJ,13301214617,20111101151551,116.428864,39.919311,429226348,147163702,12,354,1,1,50#
50307,$JYJ,13311022634,20111101151708,116.428932,39.915047,429226599,147147967,43,356,0,0,50#
45081,$JYJ,13311026459,20111101151654,116.421364,39.914288,429198696,147145199,0,278,0,0,50#
88417,$JYJ,13311453334,20111101151845,116.428352,39.914795,429224445,147147040,45,176,0,0,50#
37201,$JYJ,13311470342,20111101151634,116.428146,39.914185,429223688,147144808,0,90,0,0,50#
111216,$JYJ,13331093416,20111101151945,116.428719,39.919178,429225785,147163182,21,4,0,0,50#
74407,$JYJ,13381066542,20111101151808,116.429230,39.912079,429227662,147137033,26,350,1,1,50#
107819,$JYJ,13311020084,20111101152446,116.428986,39.913864,429226774,147143622,32,358,0,0,50#
23929,$JYJ,13311426223,20111101152102,116.427536,39.910885,429221453,147132636,0,284,0,0,50#
29152,$JYJ,13311453334,20111101152119,116.428368,39.913643,429224513,147142794,8,178,1,1,50#
9034,$JYJ,13311486385,20111101152020,116.420235,39.915539,429194573,147149822,0,174,0,0,50#
17329,$JYJ,13331188294,20111101152048,116.428932,39.914429,429226573,147145702,19,358,0,0,50#
75492,$JYJ,13301157240,20111101152812,116.428734,39.915581,429225837,147149936,21,356,0,0,50#
8085,$JYJ,13301204860,20111101152523,116.428703,39.918968,429225733,147162407,10,346,1,1,50#
62815,$JYJ,13301214728,20111101152718,116.420982,39.915588,429197325,147149985,0,20,0,0,50#
100234,$JYJ,13301214728,20111101152913,116.420586,39.915787,429195869,147150730,2,8,1,1,50#
97450,$JYJ,13301272857,20111101152910,116.421188,39.914253,429198066,147145083,0,0,0,0,50#
114727,$JYJ,13311487147,20111101152953,116.428451,39.912914,429224815,147140123,23,174,0,0,50#
41032,$JYJ,13321180420,20111101152647,116.420219,39.914524,429194503,147146074,0,182,0,0,50#
17777,$JYJ,13331188294,20111101152549,116.428993,39.914810,429226808,147147088,36,356,1,1,50#
10374,$JYJ,13301272857,20111101153026,116.420647,39.913483,429196088,147142226,10,166,1,1,50#
365,$JYJ,13311431237,20111101152957,116.420532,39.913899,429195661,147143760,0,186,1,1,50#
109037,$JYJ,13311487147,20111101153453,116.420670,39.911636,429196147,147135412,23,354,1,1,50#
16810,$JYJ,13331156456,20111101153040,116.420334,39.916863,429194916,147154685,0,8,1,1,50#
27069,$JYJ,13331188543,20111101153109,116.420357,39.913948,429194991,147143934,2,178,0,0,50#
52337,$JYJ,13331188543,20111101153216,116.420387,39.913899,429195125,147143755,19,176,1,1,50#
29751,$JYJ,13381100674,20111101153112,116.420402,39.914272,429195157,147145155,8,278,1,1,50#
34583,$JYJ,13301214137,20111101153633,116.428848,39.916641,429226252,147153836,26,352,1,1,50#
64311,$JYJ,13311022634,20111101153747,116.428719,39.911423,429225799,147134614,0,190,1,1,50#
45206,$JYJ,13311487147,20111101153659,116.427147,39.914192,429220013,147144827,0,90,0,0,50#
16443,$JYJ,13311487153,20111101153545,116.428261,39.915138,429224122,147148322,0,0,0,0,50#
54829,$JYJ,13311492166,20111101153722,116.420685,39.911564,429196210,147135165,6,350,1,1,50#
21668,$JYJ,13311492268,20111101153555,116.420532,39.910461,429195659,147131086,0,144,0,0,50#
65895,$JYJ,13331194247,20111101153746,116.428902,39.915684,429226456,147150329,15,352,1,1,50#
18486,$JYJ,13311487146,20111101154050,116.428986,39.914150,429226777,147144662,0,358,0,0,50#
20726,$JYJ,13311487146,20111101154055,116.428986,39.914177,429226775,147144765,15,354,1,1,50#
92437,$JYJ,13311487147,20111101154356,116.428734,39.919327,429225871,147163748,15,346,1,1,50#
20140,$JYJ,13311564450,20111101154049,116.420700,39.911449,429196257,147134730,12,352,1,1,50#
90779,$JYJ,13301254172,20111101154844,116.428864,39.913384,429226333,147141835,0,358,0,0,50#
9594,$JYJ,13311453205,20111101154521,116.429169,39.911255,429227454,147133996,15,2,0,0,50#
29157,$JYJ,13311453205,20111101154612,116.429069,39.912319,429227096,147137918,13,350,1,1,50#
108651,$JYJ,13321164447,20111101154926,116.420685,39.910953,429196209,147132900,17,350,1,1,50#
116084,$JYJ,13331093415,20111101154943,116.428101,39.911785,429223530,147135941,0,254,0,0,50#
2318,$JYJ,13301254172,20111101155003,116.428749,39.915279,429225900,147148807,12,350,1,1,50#
67195,$JYJ,13311023404,20111101155250,116.428833,39.917595,429226198,147157373,17,354,1,1,50#
84123,$JYJ,13311486363,20111101155329,116.420364,39.915806,429195051,147150811,0,196,0,0,50#
33527,$JYJ,13311489385,20111101155122,116.424530,39.919228,429210396,147163383,0,154,0,0,50#
67579,$JYJ,13311403355,20111101155749,116.420486,39.913513,429195498,147142336,10,322,1,1,50#
106570,$JYJ,13331093420,20111101155929,116.420799,39.911518,429196645,147134992,0,26,1,1,50#
76413,$JYJ,13331154751,20111101155814,116.420319,39.918789,429194851,147161785,13,352,1,1,50#
54789,$JYJ,13301209584,20111101160216,116.426300,39.914028,429216893,147144207,6,146,0,0,50#
110432,$JYJ,13311191476,20111101160439,116.428719,39.919376,429225789,147163924,28,356,1,1,50#
70274,$JYJ,13311403329,20111101160255,116.428703,39.918972,429225741,147162454,32,358,1,1,50#
89726,$JYJ,13311486591,20111101160343,116.428436,39.912258,429224754,147137682,6,322,0,0,50#
25969,$JYJ,13311487110,20111101160109,116.429268,39.914295,429227828,147145189,13,264,1,1,50#
90379,$JYJ,13311489313,20111101160350,116.425736,39.919403,429214828,147164049,0,174,0,0,50#
44808,$JYJ,13311492092,20111101160153,116.420448,39.914410,429195356,147145664,8,306,0,0,50#
27203,$JYJ,13301204858,20111101160608,116.424187,39.914280,429209107,147145142,21,266,1,1,50#
87424,$JYJ,13301214729,20111101160838,116.420281,39.915840,429194737,147150938,0,202,0,0,50#
44611,$JYJ,13331111461,20111101160651,116.423752,39.914230,429207522,147144985,0,36,0,0,50#
3479,$JYJ,13311162488,20111101161009,116.426948,39.914188,429219289,147144824,0,84,0,0,50#
84447,$JYJ,13311162488,20111101161440,116.428436,39.913696,429224771,147142995,12,178,1,1,50#
9630,$JYJ,13331111461,20111101161029,116.426720,39.911480,429218440,147134810,0,236,1,1,50#
78000,$JYJ,13331186498,20111101161420,116.428902,39.914623,429226479,147146405,23,356,1,1,50#
24059,$JYJ,13331194060,20111101161106,116.420517,39.910446,429195611,147131043,0,178,0,0,50#
65719,$JYJ,13381102724,20111101161348,116.425263,39.912182,429213056,147137408,8,178,0,0,50#
114302,$JYJ,13311020624,20111101161953,116.428268,39.912155,429224142,147137298,0,0,0,0,50#
38798,$JYJ,13311021064,20111101161645,116.428978,39.914120,429226730,147144563,0,0,0,0,50#
68336,$JYJ,13311021064,20111101161800,116.428749,39.919216,429225918,147163346,15,358,1,1,50#
18971,$JYJ,13321183408,20111101161552,116.429230,39.914154,429227669,147144657,4,268,0,0,50#
35189,$JYJ,13321183408,20111101161637,116.429016,39.914356,429226889,147145434,2,2,1,1,50#
62911,$JYJ,13381102724,20111101161746,116.427750,39.910862,429222226,147132560,0,0,0,0,50#
64234,$JYJ,13381102724,20111101161750,116.427750,39.910862,429222207,147132531,0,0,0,0,50#
85736,$JYJ,13381102724,20111101161846,116.427750,39.910862,429222205,147132553,0,0,0,0,50#
45646,$JYJ,13301157746,20111101162156,116.426819,39.914166,429218780,147144735,0,86,0,0,50#
101980,$JYJ,13301174901,20111101162421,116.428200,39.911621,429223882,147135341,4,96,0,0,50#
114871,$JYJ,13301174901,20111101162454,116.428185,39.911575,429223804,147135176,4,168,1,1,50#
26752,$JYJ,13311403346,20111101162105,116.428215,39.911255,429223949,147133992,12,146,1,1,50#
35751,$JYJ,13311480732,20111101162129,116.428719,39.919285,429225773,147163607,13,320,1,1,50#
67005,$JYJ,13381102724,20111101162253,116.422806,39.914215,429204005,147144918,15,260,1,1,50#
51017,$JYJ,13311426291,20111101162709,116.429169,39.911575,429227445,147135152,8,344,1,1,50#
87003,$JYJ,13311426430,20111101162844,116.429069,39.914246,429227089,147144998,0,14,0,0,50#
61077,$JYJ,13311489663,20111101162741,116.429352,39.911186,429228142,147133729,25,350,1,1,50#
20323,$JYJ,13311470422,20111101163054,116.429069,39.915512,429227068,147149675,0,354,0,0,50#
38049,$JYJ,13331194546,20111101163141,116.420547,39.913471,429195692,147142204,12,156,1,1,50#
16846,$JYJ,13301254069,20111101163557,116.428200,39.912537,429223871,147138729,0,178,1,1,50#
57815,$JYJ,13321164562,20111101163826,116.428772,39.919403,429225987,147164023,21,0,1,1,50#
106541,$JYJ,13331194217,20111101164935,116.427216,39.910778,429220279,147132236,0,240,0,0,50#
102914,$JYJ,13301156134,20111101165423,116.420616,39.913361,429195962,147141769,6,22,0,0,50#
54728,$JYJ,13311023904,20111101165225,116.425720,39.919220,429214776,147163372,0,0,0,0,50#
93686,$JYJ,13311023904,20111101165402,116.425835,39.919403,429215200,147164054,12,358,1,1,50#
100978,$JYJ,13331085774,20111101165419,116.429352,39.911629,429228116,147135378,10,14,1,1,50#
32440,$JYJ,13331194217,20111101165129,116.428635,39.910679,429225487,147131873,4,174,1,1,50#
1212,$JYJ,13311487247,20111101170000,116.425499,39.919491,429213937,147164347,2,304,0,0,50#
13455,$JYJ,13311564436,20111101170033,116.429131,39.912216,429227303,147137537,30,352,1,1,50#
23711,$JYJ,13321180420,20111101170103,116.429314,39.911461,429227989,147134760,10,346,1,1,50#
70211,$JYJ,13311487176,20111101170758,116.422768,39.918396,429203893,147160346,0,0,0,0,50#
23636,$JYJ,13311403096,20111101171057,116.420601,39.910484,429195918,147131177,25,184,0,0,50#
120314,$JYJ,13311403738,20111101171457,116.420380,39.915733,429195111,147150545,13,172,1,1,50#
93558,$JYJ,13311492294,20111101171349,116.420586,39.913917,429195863,147143833,0,0,0,0,50#
78167,$JYJ,13331187190,20111101171311,116.428314,39.912167,429224318,147137357,0,214,0,0,50#
92171,$JYJ,13331187190,20111101171347,116.428284,39.912117,429224205,147137178,28,320,1,1,50#
6305,$JYJ,13311024104,20111101171513,116.428413,39.913444,429224665,147142072,0,0,0,0,50#
30887,$JYJ,13311487147,20111101171620,116.429153,39.912312,429227386,147137872,17,352,1,1,50#
21666,$JYJ,13331194123,20111101171558,116.420319,39.912773,429194848,147139625,26,178,1,1,50#
37272,$JYJ,13311020314,20111101172633,116.428864,39.918095,429226340,147159212,26,358,1,1,50#
118608,$JYJ,13301214208,20111101173453,116.420517,39.914581,429195595,147146289,8,356,0,0,50#
42574,$JYJ,13311021164,20111101173145,116.420197,39.917293,429194402,147156296,0,182,0,0,50#
95844,$JYJ,13311021164,20111101173357,116.420380,39.915546,429195101,147149846,6,176,1,1,50#
1088,$JYJ,13311431104,20111101173001,116.420151,39.918644,429194257,147161252,10,180,1,1,50#
115123,$JYJ,13321190147,20111101173449,116.420433,39.913845,429195298,147143575,0,6,0,0,50#
113074,$JYJ,13331194925,20111101173439,116.420547,39.913872,429195722,147143670,8,356,0,0,50#
110682,$JYJ,13301204801,20111101173928,116.428535,39.919552,429225139,147164592,38,176,0,0,50#
16860,$JYJ,13301214208,20111101173542,116.420502,39.914623,429195555,147146421,0,356,1,1,50#
105522,$JYJ,13301204801,20111101174417,116.422050,39.914146,429201263,147144664,0,268,1,1,50#
46760,$JYJ,13311489484,20111101174157,116.428451,39.915245,429224819,147148707,10,180,0,0,50#
56143,$JYJ,13311489484,20111101174220,116.428436,39.914932,429224753,147147558,6,188,0,0,50#
58188,$JYJ,13311489484,20111101174225,116.428451,39.914845,429224815,147147215,6,176,1,1,50#
95812,$JYJ,13311489484,20111101174357,116.423782,39.914204,429207632,147144864,38,268,0,0,50#
52618,$JYJ,13311191445,20111101174709,116.428337,39.915440,429224368,147149411,6,176,0,0,50#
21662,$JYJ,13321183498,20111101174553,116.420181,39.915333,429194383,147149053,0,216,0,0,50#
49780,$JYJ,13321183498,20111101174707,116.420197,39.915310,429194420,147148971,0,216,1,1,50#
76787,$JYJ,13311426304,20111101175311,116.428833,39.910305,429226204,147130494,36,174,0,0,50#
69046,$JYJ,13311453359,20111101175251,116.420364,39.915214,429195047,147148615,19,356,0,0,50#
80507,$JYJ,13321183498,20111101175319,116.426582,39.914188,429217927,147144826,0,88,0,0,50#
11370,$JYJ,13301164950,20111101175526,116.428665,39.911152,429225578,147133601,17,174,1,1,50#
77917,$JYJ,13311431545,20111101175811,116.429031,39.913998,429226956,147144101,0,4,1,1,50#
36085,$JYJ,13311495381,20111101180130,116.420662,39.911598,429196152,147135288,15,352,1,1,50#
271,$JYJ,13321164372,20111101175957,116.420754,39.915039,429196460,147147956,36,8,1,1,50#
115956,$JYJ,13311191425,20111101180950,116.420265,39.915169,429194666,147148453,0,0,0,0,50#
51582,$JYJ,13311431518,20111101180706,116.424499,39.910751,429210250,147132134,10,276,1,1,50#
20185,$JYJ,13311191425,20111101181052,116.420334,39.914978,429194916,147147751,12,172,1,1,50#
71672,$JYJ,13311480675,20111101181258,116.420181,39.915600,429194372,147150040,0,332,0,0,50#
6403,$JYJ,13370129321,20111101181015,116.429367,39.914116,429228172,147144540,0,298,1,1,50#
48717,$JYJ,13311403108,20111101181700,116.427383,39.910835,429220891,147132456,0,96,0,0,50#
73239,$JYJ,13311403108,20111101181808,116.427437,39.911312,429221062,147134214,6,68,1,1,50#
28360,$JYJ,13321199456,20111101181611,116.427963,39.914268,429223021,147145104,12,270,0,0,50#
60559,$JYJ,13321199456,20111101181736,116.423485,39.914268,429206531,147145125,13,262,1,1,50#
92579,$JYJ,13370122419,20111101181852,116.420769,39.914322,429196505,147145330,10,284,1,1,50#
66679,$JYJ,13381102634,20111101181747,116.429901,39.914715,429230148,147146723,0,6,0,0,50#
115184,$JYJ,13311453395,20111101182448,116.429382,39.914383,429228240,147145521,8,264,1,1,50#
27549,$JYJ,13321174599,20111101182112,116.420731,39.911308,429196368,147134230,2,356,0,0,50#
65371,$JYJ,13321174599,20111101182245,116.420433,39.912472,429195300,147138506,0,182,1,1,50#
23433,$JYJ,13321174975,20111101182102,116.420052,39.913994,429193879,147144124,2,42,0,0,50#
30581,$JYJ,13321174975,20111101182116,116.420235,39.913731,429194556,147143156,13,152,1,1,50#
13517,$JYJ,13370122429,20111101182034,116.420433,39.915421,429195295,147149368,0,18,0,0,50#
37969,$JYJ,13381102634,20111101182132,116.428719,39.918285,429225797,147159923,4,348,1,1,50#
40861,$JYJ,13301164952,20111101182639,116.428665,39.911091,429225600,147133387,0,2,0,0,50#
70149,$JYJ,13301164952,20111101182756,116.428703,39.911110,429225756,147133447,0,348,1,1,50#
23599,$JYJ,13321164570,20111101182602,116.420250,39.915085,429194605,147148142,0,100,0,0,50#
45124,$JYJ,13321183433,20111101182653,116.420235,39.915836,429194555,147150911,2,306,0,0,50#
69511,$JYJ,13321183433,20111101182755,116.420166,39.915615,429194303,147150101,12,170,1,1,50#
82621,$JYJ,13331185024,20111101182759,116.420250,39.915440,429194631,147149452,0,354,0,0,50#
96681,$JYJ,13331185024,20111101182822,116.420250,39.915440,429194620,147149430,0,346,1,1,50#
13582,$JYJ,13301214407,20111101183032,116.428215,39.913334,429223957,147141646,6,352,1,1,50#
69260,$JYJ,13311492275,20111101183249,116.420364,39.915470,429195054,147149571,0,10,0,0,50#
119071,$JYJ,13311492275,20111101183455,116.420349,39.915325,429194969,147149013,4,176,1,1,50#
110193,$JYJ,13381066924,20111101183433,116.424248,39.914154,429209344,147144710,0,92,0,0,50#
38469,$JYJ,13311570483,20111101183634,116.428650,39.915340,429225545,147149040,13,356,0,0,50#
92034,$JYJ,13301155457,20111101184350,116.428780,39.917603,429226017,147157403,34,354,0,0,50#
89509,$JYJ,13301254279,20111101184339,116.420151,39.918156,429194261,147159445,0,154,0,0,50#
103589,$JYJ,13311480675,20111101184414,116.427536,39.910885,429221441,147132615,0,138,1,1,50#
106633,$JYJ,13301209475,20111101184921,116.428932,39.911575,429226577,147135158,12,4,1,1,50#
68890,$JYJ,13311431546,20111101184752,116.428680,39.916267,429225658,147152458,21,358,0,0,50#
71252,$JYJ,13311431546,20111101184758,116.428650,39.916634,429225529,147153832,32,358,1,1,50#
100364,$JYJ,13311492215,20111101184906,116.420670,39.912872,429196144,147139997,8,4,0,0,50#
67726,$JYJ,13321174768,20111101184750,116.428719,39.911262,429225807,147134009,4,350,1,1,50#
30849,$JYJ,13331156463,20111101184616,116.420166,39.916431,429194291,147153114,6,188,0,0,50#
93825,$JYJ,13301214161,20111101185353,116.420593,39.912701,429195860,147139339,13,358,0,0,50#
112847,$JYJ,13301214161,20111101185440,116.420609,39.912937,429195916,147140223,0,0,1,1,50#
78403,$JYJ,13311488224,20111101185316,116.420609,39.912911,429195926,147140115,0,0,1,1,50#
40443,$JYJ,13311566479,20111101185139,116.428535,39.915363,429225116,147149131,0,178,0,0,50#
62552,$JYJ,13311566479,20111101185234,116.428436,39.914368,429224759,147145481,4,176,1,1,50#
4379,$JYJ,13301155343,20111101185513,116.428719,39.919197,429225776,147163254,13,348,1,1,50#
34443,$JYJ,13381068754,20111101185625,116.429230,39.914414,429227685,147145631,2,282,1,1,50#
3399,$JYJ,13301254306,20111101190006,116.421700,39.914249,429199951,147145047,28,90,1,1,50#
89479,$JYJ,13301277650,20111101190343,116.420586,39.916424,429195831,147153072,17,356,1,1,50#
99922,$JYJ,13311488219,20111101190413,116.428925,39.914043,429226535,147144281,13,0,0,0,50#
42804,$JYJ,13331194224,20111101190150,116.420250,39.916027,429194609,147151596,0,182,0,0,50#
45832,$JYJ,13331194224,20111101190158,116.420250,39.916027,429194625,147151620,0,182,1,1,50#
61934,$JYJ,13311162407,20111101190730,116.426430,39.914108,429217373,147144503,6,82,1,1,50#
27778,$JYJ,13311453217,20111101190609,116.426819,39.914150,429218805,147144654,0,80,0,0,50#
2405,$JYJ,13311488219,20111101190506,116.428909,39.914082,429226485,147144421,6,342,1,1,50#
59684,$JYJ,13311495118,20111101190704,116.428680,39.919495,429225640,147164368,13,356,1,1,50#
86038,$JYJ,13321174713,20111101190836,116.427338,39.910740,429220691,147132094,10,74,1,1,50#
98445,$JYJ,13311470444,20111101191357,116.423080,39.915737,429205025,147150531,10,268,0,0,50#
97437,$JYJ,13331037104,20111101191404,116.425781,39.918537,429214981,147160862,0,252,0,0,50#
95877,$JYJ,13331154830,20111101191402,116.428314,39.915131,429224309,147148287,8,206,1,1,50#
98852,$JYJ,13311492326,20111101191907,116.420136,39.910637,429194207,147131747,2,100,1,1,50#
29529,$JYJ,13331184801,20111101191613,116.420364,39.912594,429195029,147138940,23,174,1,1,50#
114416,$JYJ,13331186194,20111101191941,116.423180,39.914249,429205382,147145051,0,298,0,0,50#
67472,$JYJ,13301138421,20111101192248,116.426033,39.918529,429215927,147160831,0,20,0,0,50#
89673,$JYJ,13321174718,20111101192344,116.428581,39.910438,429225279,147130985,41,180,0,0,50#
18931,$JYJ,13331186194,20111101192043,116.424301,39.914162,429209520,147144736,10,90,1,1,50#
82608,$JYJ,13311431424,20111101192827,116.420769,39.910450,429196524,147131052,0,354,0,0,50#
109958,$JYJ,13311431424,20111101192930,116.420769,39.910992,429196543,147133033,0,358,1,1,50#
72092,$JYJ,13311453389,20111101192800,116.420242,39.915981,429194569,147151445,0,0,0,0,50#
111199,$JYJ,13311453458,20111101192938,116.420158,39.917469,429194277,147156918,0,0,0,0,50#
72987,$JYJ,13321164324,20111101192758,116.423653,39.915989,429207143,147151471,0,64,0,0,50#
68172,$JYJ,13321164906,20111101192751,116.424713,39.910210,429211065,147130165,17,0,0,0,50#
14862,$JYJ,13321164324,20111101193041,116.424950,39.914318,429211924,147145300,12,268,1,1,50#
116807,$JYJ,13321164874,20111101193452,116.420364,39.915771,429195044,147150685,10,192,0,0,50#
17084,$JYJ,13321164906,20111101193043,116.420754,39.910873,429196448,147132623,0,44,1,1,50#
19585,$JYJ,13331154875,20111101193053,116.429153,39.912270,429227407,147137731,12,352,1,1,50#
115956,$JYJ,13321199456,20111101193945,116.420402,39.912693,429195180,147139311,0,180,0,0,50#
88097,$JYJ,13331111449,20111101193837,116.427467,39.910648,429221171,147131751,0,238,0,0,50#
19072,$JYJ,13331194859,20111101193546,116.428886,39.913567,429226396,147142493,28,354,1,1,50#
22598,$JYJ,13311191424,20111101194054,116.420303,39.914558,429194805,147146203,2,10,1,1,50#
11800,$JYJ,13321164805,20111101194029,116.420586,39.911594,429195854,147135275,0,168,0,0,50#
30002,$JYJ,13321164874,20111101194117,116.420631,39.915695,429196040,147150389,12,342,1,1,50#
79200,$JYJ,13321199456,20111101194319,116.420685,39.911259,429196224,147134018,15,0,1,1,50#
83046,$JYJ,13331159411,20111101194332,116.420265,39.914455,429194672,147145818,8,44,1,1,50#
19415,$JYJ,13381102784,20111101194048,116.429153,39.911835,429227409,147136108,4,352,1,1,50#
93698,$JYJ,13311566438,20111101194851,116.427902,39.913013,429222777,147140487,13,26,1,1,50#
63159,$JYJ,13321164558,20111101195243,116.428299,39.914188,429224251,147144821,0,132,0,0,50#
24072,$JYJ,13321174856,20111101195100,116.420151,39.917038,429194242,147155352,10,174,1,1,50#
24625,$JYJ,13311489570,20111101195606,116.420769,39.910438,429196506,147131000,2,4,0,0,50#
94750,$JYJ,13311579046,20111101195933,116.420219,39.918243,429194518,147159797,32,358,1,1,50#
34335,$JYJ,13331187139,20111101200130,116.420235,39.914837,429194566,147147239,0,0,0,0,50#
10744,$JYJ,13301209496,20111101200526,116.420235,39.917522,429194568,147157113,10,348,0,0,50#
86120,$JYJ,13311431571,20111101200837,116.420120,39.919922,429194160,147165972,32,356,0,0,50#
23181,$JYJ,13311564480,20111101200559,116.428680,39.919643,429225675,147164928,17,0,1,1,50#
45838,$JYJ,13331187033,20111101200638,116.428818,39.919277,429226176,147163570,15,354,1,1,50#
108774,$JYJ,13381095784,20111101200932,116.428803,39.911598,429226093,147135240,12,172,1,1,50#
88965,$JYJ,13301214202,20111101201343,116.422951,39.918648,429204542,147161265,0,0,0,0,50#
9466,$JYJ,13311403226,20111101201026,116.420219,39.917526,429194494,147157144,0,168,0,0,50#
108302,$JYJ,13311453432,20111101201429,116.429108,39.914429,429227217,147145671,8,352,1,1,50#
2195,$JYJ,13311489667,20111101201003,116.428520,39.913895,429225079,147143735,13,184,0,0,50#
49436,$JYJ,13311489667,20111101201202,116.428551,39.910725,429225161,147132044,15,266,1,1,50#
39725,$JYJ,13331194935,20111101201138,116.424896,39.910805,429211710,147132355,15,88,0,0,50#
101585,$JYJ,13331194935,20111101201414,116.426735,39.910931,429218487,147132814,15,22,1,1,50#
57090,$JYJ,13370129530,20111101201220,116.424400,39.914215,429209876,147144921,10,86,0,0,50#
66985,$JYJ,13370129530,20111101201245,116.425430,39.914185,429213672,147144801,13,82,1,1,50#
4190,$JYJ,13311579954,20111101201509,116.428680,39.912197,429225640,147137473,0,274,1,1,50#
54128,$JYJ,13321199334,20111101201713,116.420685,39.911228,429196228,147133914,0,358,1,1,50#
74763,$JYJ,13331194756,20111101201805,116.429565,39.914208,429228897,147144879,2,270,1,1,50#
105979,$JYJ,13381096694,20111101201921,116.423134,39.914169,429205218,147144750,4,92,0,0,50#
26097,$JYJ,13301174954,20111101202106,116.427086,39.914234,429219784,147144985,19,100,2,0,50#
34927,$JYJ,13301174954,20111101202128,116.428337,39.914162,429224367,147144700,6,126,2,0,50#
92546,$JYJ,13301214266,20111101202352,116.428742,39.919418,429225873,147164067,17,358,1,1,50#
67362,$JYJ,13311022804,20111101203251,116.420570,39.910545,429195784,147131407,15,186,0,0,50#
74314,$JYJ,13311191432,20111101203303,116.420700,39.910992,429196277,147133062,0,348,0,0,50#
46066,$JYJ,13311191458,20111101203154,116.420570,39.910408,429195781,147130906,25,184,0,0,50#
17629,$JYJ,13311495120,20111101203047,116.428932,39.913238,429226583,147141294,17,0,0,0,50#
53313,$JYJ,13311495120,20111101203216,116.429283,39.915863,429227864,147150975,36,2,1,1,50#
7754,$JYJ,13321183495,20111101203022,116.427620,39.913170,429221729,147141054,4,52,0,0,50#
78639,$JYJ,13321183495,20111101203315,116.420799,39.914848,429196629,147147258,13,18,1,1,50#
1146,$JYJ,13311191432,20111101203500,116.420586,39.913002,429195849,147140447,0,358,1,1,50#
365,$JYJ,13311426464,20111101203459,116.420319,39.915310,429194875,147148962,0,196,1,1,50#
34493,$JYJ,13311453237,20111101203625,116.420532,39.914127,429195649,147144604,12,248,0,0,50#
111765,$JYJ,13311480751,20111101203936,116.426720,39.914249,429218429,147145043,0,212,0,0,50#
89863,$JYJ,13311495217,20111101203839,116.424149,39.914082,429208956,147144440,0,76,0,0,50#
39114,$JYJ,13311431237,20111101204152,116.429947,39.914326,429230298,147145297,13,190,0,0,50#
53663,$JYJ,13311453367,20111101204226,116.429001,39.914425,429226812,147145664,6,346,1,1,50#
46862,$JYJ,13311480751,20111101204214,116.420334,39.914654,429194938,147146558,10,356,1,1,50#
102528,$JYJ,13311492086,20111101204417,116.428185,39.916622,429223846,147153794,41,186,0,0,50#
21559,$JYJ,13311495217,20111101204113,116.428200,39.913944,429223898,147143910,19,172,1,1,50#
59060,$JYJ,13321164471,20111101204239,116.429520,39.914352,429228746,147145404,0,300,0,0,50#
112424,$JYJ,13321164471,20111101204453,116.429153,39.915256,429227378,147148733,30,0,1,1,50#
111181,$JYJ,13331194053,20111101204451,116.420219,39.915924,429194518,147151238,2,236,1,1,50#
83152,$JYJ,13370122488,20111101204340,116.425514,39.910511,429213998,147131273,0,94,0,0,50#
70659,$JYJ,13321180142,20111101204801,116.425583,39.910858,429214260,147132528,0,60,1,1,50#
31367,$JYJ,13331154890,20111101204617,116.420380,39.913986,429195090,147144098,8,172,1,1,50#
83046,$JYJ,13331194154,20111101204831,116.420448,39.914032,429195354,147144259,4,342,0,0,50#
68204,$JYJ,13370122488,20111101204747,116.424667,39.910480,429210872,147131155,12,0,1,1,50#
39300,$JYJ,13331154861,20111101205135,116.420265,39.916538,429194663,147153481,4,2,0,0,50#
80852,$JYJ,13301104039,20111101205823,116.420120,39.919170,429194135,147163192,0,346,0,0,50#
109538,$JYJ,13301214279,20111101205932,116.420364,39.915729,429195021,147150498,10,354,1,1,50#
55379,$JYJ,13311431552,20111101205720,116.420547,39.914223,429195693,147144974,19,10,0,0,50#
107751,$JYJ,13311431552,20111101205928,116.420502,39.914272,429195544,147145158,13,346,1,1,50#
27377,$JYJ,13311486575,20111101205614,116.428764,39.919262,429225953,147163492,12,354,1,1,50#
67139,$JYJ,13331194998,20111101205750,116.425201,39.912678,429212839,147139237,10,184,0,0,50#
22033,$JYJ,13381066824,20111101205557,116.420281,39.915844,429194737,147150941,8,162,1,1,50#
4573,$JYJ,13381232475,20111101205503,116.427300,39.914253,429220550,147145050,34,270,0,0,50#
64866,$JYJ,13301156744,20111101210239,116.420784,39.910252,429196569,147130330,21,358,1,1,50#
42189,$JYJ,13311453408,20111101210146,116.428696,39.919121,429225707,147162973,15,352,1,1,50#
87344,$JYJ,13331194154,20111101210335,116.428413,39.911648,429224653,147135432,8,164,1,1,50#
67091,$JYJ,13381100064,20111101210244,116.424301,39.914372,429209543,147145483,4,270,0,0,50#
89522,$JYJ,13381100064,20111101210341,116.424248,39.914360,429209331,147145440,13,268,1,1,50#
101543,$JYJ,13301254016,20111101210915,116.420303,39.915489,429194811,147149622,0,192,0,0,50#
1064,$JYJ,13311487245,20111101210501,116.428780,39.915707,429226023,147150395,6,354,1,1,50#
9663,$JYJ,13311563340,20111101210523,116.420380,39.915539,429195081,147149821,12,346,1,1,50#
71447,$JYJ,13331194964,20111101210754,116.428368,39.915180,429224504,147148447,0,178,1,1,50#
98942,$JYJ,13331194998,20111101210909,116.427834,39.911137,429222532,147133540,13,268,1,1,50#
44783,$JYJ,13381083415,20111101210655,116.428085,39.919941,429223450,147165997,6,340,1,1,50#
772,$JYJ,13301254016,20111101211001,116.420349,39.915104,429194993,147148204,12,146,1,1,50#
63594,$JYJ,13311022534,20111101211237,116.420502,39.913464,429195561,147142176,15,356,1,1,50#
101821,$JYJ,13321183480,20111101211411,116.420547,39.912109,429195694,147137165,0,6,1,1,50#
109885,$JYJ,13311489443,20111101211928,116.428337,39.910965,429224400,147132937,15,268,1,1,50#
70756,$JYJ,13331154909,20111101211751,116.426613,39.915676,429218037,147150310,0,86,0,0,50#
22680,$JYJ,13331154909,20111101212059,116.420380,39.914490,429195107,147145952,26,356,1,1,50#
102674,$JYJ,13381083421,20111101212406,116.428818,39.917507,429226139,147157047,0,358,1,1,50#
64161,$JYJ,13311492200,20111101212735,116.422302,39.917751,429202174,147157953,0,76,0,0,50#
98172,$JYJ,13311492200,20111101212900,116.422302,39.917770,429202174,147158033,8,248,1,1,50#
36663,$JYJ,13381233401,20111101212627,116.429047,39.919239,429227008,147163407,13,26,1,1,50#
99869,$JYJ,13311486591,20111101213405,116.428986,39.914288,429226754,147145181,4,356,1,1,50#
738,$JYJ,13311492257,20111101213004,116.427147,39.910374,429219997,147130751,0,206,0,0,50#
32122,$JYJ,13311492257,20111101213123,116.428413,39.910461,429224676,147131068,10,166,1,1,50#
26718,$JYJ,13381235478,20111101213109,116.428986,39.914211,429226754,147144890,15,354,1,1,50#
46801,$JYJ,13311453328,20111101213658,116.420174,39.917851,429194337,147158351,0,0,0,0,50#
48623,$JYJ,13311470430,20111101213702,116.420303,39.917904,429194831,147158520,6,352,1,1,50#
52701,$JYJ,13370122488,20111101213715,116.420547,39.912903,429195721,147140089,15,166,1,1,50#
4794,$JYJ,13381069741,20111101213513,116.420158,39.917976,429194286,147158798,0,0,0,0,50#
61868,$JYJ,13381069741,20111101213738,116.422897,39.914070,429204370,147144397,47,88,1,1,50#
62944,$JYJ,13381069741,20111101213740,116.423256,39.914082,429205696,147144425,47,88,0,0,50#
91478,$JYJ,13311453210,20111101214350,116.420517,39.913937,429195618,147143903,0,356,0,0,50#
109233,$JYJ,13331187196,20111101214436,116.420517,39.913937,429195588,147143916,15,358,1,1,50#
109491,$JYJ,13381069741,20111101214436,116.428841,39.917583,429226241,147157309,19,356,1,1,50#
95562,$JYJ,13381077451,20111101214346,116.424950,39.919594,429211902,147164738,6,284,0,0,50#
42902,$JYJ,13311453210,20111101214645,116.420197,39.917633,429194419,147157547,17,358,1,1,50#
39152,$JYJ,13311453469,20111101214640,116.424255,39.918926,429209376,147162299,0,0,0,0,50#
70087,$JYJ,13311489441,20111101214757,116.420136,39.918732,429194212,147161571,12,168,0,0,50#
94871,$JYJ,13331154736,20111101214851,116.429184,39.914093,429227486,147144441,0,22,1,1,50#
15820,$JYJ,13381083492,20111101214539,116.426781,39.914196,429218648,147144824,47,96,1,1,50#
112973,$JYJ,13311487222,20111101215425,116.420219,39.917465,429194513,147156904,25,174,1,1,50#
112785,$JYJ,13311579904,20111101215439,116.420486,39.914173,429195482,147144790,26,354,1,1,50#
93385,$JYJ,13331154768,20111101215349,116.426170,39.912819,429216407,147139772,12,336,0,0,50#
111311,$JYJ,13331154904,20111101215432,116.428749,39.914200,429225893,147144830,15,350,1,1,50#
41708,$JYJ,13331154768,20111101215640,116.426735,39.914005,429218470,147144136,0,14,1,1,50#
85487,$JYJ,13331187119,20111101215832,116.420402,39.914406,429195185,147145650,0,182,1,1,50#
21130,$JYJ,13311486281,20111101220057,116.420448,39.914494,429195355,147145944,10,28,1,1,50#
102236,$JYJ,13301204823,20111101220914,116.423111,39.915600,429205150,147150039,6,86,0,0,50#
5075,$JYJ,13301214811,20111101220515,116.420677,39.911324,429196191,147134271,15,358,0,0,50#
45709,$JYJ,13301214811,20111101220655,116.420517,39.914322,429195591,147145311,21,354,1,1,50#
98807,$JYJ,13311486551,20111101220906,116.420464,39.913590,429195384,147142637,19,354,1,1,50#
116997,$JYJ,13311565364,20111101220946,116.422981,39.914097,429204690,147144475,34,90,1,1,50#
70730,$JYJ,13370122453,20111101220754,116.420281,39.919418,429194742,147164115,0,2,0,0,50#
110560,$JYJ,13331194172,20111101221435,116.420364,39.917889,429195053,147158465,0,8,0,0,50#
44974,$JYJ,13301164924,20111101221651,116.426430,39.914257,429217388,147145066,23,266,1,1,50#
70785,$JYJ,13301204823,20111101221758,116.424789,39.914188,429211315,147144813,25,258,1,1,50#
23422,$JYJ,13301254253,20111101221558,116.420784,39.914124,429196589,147144586,0,90,0,0,50#
7033,$JYJ,13311489693,20111101221515,116.420219,39.915745,429194485,147150586,0,172,1,1,50#
116346,$JYJ,13321164466,20111101221948,116.421150,39.914028,429197919,147144225,41,86,0,0,50#
32007,$JYJ,13331194881,20111101221618,116.420281,39.915569,429194740,147149938,6,264,0,0,50#
53531,$JYJ,13331194881,20111101221710,116.420281,39.915535,429194740,147149783,12,172,1,1,50#
25115,$JYJ,13331194896,20111101221618,116.420570,39.912869,429195800,147139976,8,304,0,0,50#
55296,$JYJ,13331194896,20111101221734,116.420502,39.914368,429195555,147145502,17,32,1,1,50#
35942,$JYJ,13311492106,20111101222125,116.420647,39.911335,429196089,147134329,2,264,0,0,50#
90332,$JYJ,13311492106,20111101222341,116.420380,39.914268,429195100,147145117,0,342,1,1,50#
52471,$JYJ,13321164466,20111101222209,116.424667,39.914055,429210880,147144326,12,86,1,1,50#
63682,$JYJ,13301214012,20111101222736,116.420754,39.914009,429196480,147144155,0,76,0,0,50#
106169,$JYJ,13301214012,20111101222924,116.425453,39.914105,429213780,147144502,26,84,1,1,50#
17605,$JYJ,13311426199,20111101222543,116.421654,39.915695,429199800,147150400,2,334,0,0,50#
46778,$JYJ,13311426199,20111101222659,116.421486,39.915665,429199165,147150256,23,270,1,1,50#
15622,$JYJ,13311582481,20111101222543,116.429314,39.911201,429227998,147133796,0,4,0,0,50#
26587,$JYJ,13301204950,20111101223106,116.420303,39.915672,429194830,147150320,0,320,0,0,50#
47720,$JYJ,13301204950,20111101223159,116.420219,39.915627,429194516,147150130,8,330,1,1,50#
7206,$JYJ,13301277650,20111101223015,116.420464,39.912670,429195410,147139240,34,180,0,0,50#
113781,$JYJ,13321183477,20111101223943,116.421600,39.917904,429199602,147158538,0,86,0,0,50#
48009,$JYJ,13331154815,20111101223647,116.421204,39.915756,429198107,147150604,12,64,0,0,50#
93547,$JYJ,13331194635,20111101223851,116.420181,39.918362,429194382,147160221,2,18,0,0,50#
42404,$JYJ,13311486375,20111101224148,116.426765,39.916222,429218608,147152312,0,196,3,0,50#
63365,$JYJ,13321183477,20111101224235,116.420219,39.919586,429194485,147164739,2,292,1,1,50#
12223,$JYJ,13331194309,20111101224031,116.426750,39.914268,429218559,147145106,0,346,0,0,50#
48596,$JYJ,13331194309,20111101224159,116.426987,39.914127,429219414,147144568,23,86,1,1,50#
112572,$JYJ,13331194903,20111101224433,116.420136,39.915402,429194188,147149314,0,350,0,0,50#
30782,$JYJ,13331194903,20111101224619,116.420265,39.915867,429194690,147151037,30,172,1,1,50#
78996,$JYJ,13381066642,20111101224815,116.420357,39.913711,429195022,147143062,0,0,0,0,50#
21332,$JYJ,13301214639,20111101225056,116.425369,39.910740,429213459,147132111,0,72,0,0,50#
93033,$JYJ,13331194836,20111101225353,116.420303,39.917210,429194791,147155987,0,176,0,0,50#
97491,$JYJ,13311403504,20111101225903,116.420402,39.915859,429195195,147150981,0,192,0,0,50#
5017,$JYJ,13331194836,20111101225516,116.420334,39.915649,429194942,147150234,17,170,1,1,50#
78482,$JYJ,13311021574,20111101230314,116.420715,39.911392,429196332,147134510,0,0,0,0,50#
94305,$JYJ,13311453401,20111101230355,116.423668,39.915775,429207212,147150657,0,72,0,0,50#
32703,$JYJ,13331156443,20111101230120,116.420235,39.914974,429194556,147147740,17,358,1,1,50#
63397,$JYJ,13311487291,20111101230738,116.420586,39.912968,429195846,147140346,19,352,1,1,50#
80179,$JYJ,13331194713,20111101230822,116.429153,39.914516,429227387,147146005,12,350,1,1,50#
37634,$JYJ,13311480663,20111101231637,116.420898,39.915764,429197021,147150656,0,0,0,0,50#
70220,$JYJ,13381083431,20111101232253,116.420418,39.914543,429195235,147146136,0,14,0,0,50#
4584,$JYJ,13311487126,20111101232513,116.428589,39.910828,429225310,147132423,13,170,1,1,50#
116710,$JYJ,13331194247,20111101232958,116.420616,39.912922,429195972,147140171,0,344,0,0,50#
113170,$JYJ,13301164968,20111101233447,116.420303,39.914257,429194817,147145083,39,14,1,1,50#
25398,$JYJ,13311426020,20111101233104,116.420364,39.917900,429195029,147158521,4,356,0,0,50#
68351,$JYJ,13331159455,20111101233249,116.427467,39.915390,429221168,147149247,8,276,0,0,50#
109031,$JYJ,13331159455,20111101233437,116.426781,39.914219,429218668,147144911,13,252,1,1,50#
64909,$JYJ,13331188542,20111101233241,116.428497,39.913651,429224987,147142812,0,170,1,1,50#
45889,$JYJ,13331184812,20111101234156,116.429382,39.914398,429228251,147145581,19,6,1,1,50#
52354,$JYJ,13381153629,20111101234211,116.420532,39.915825,429195653,147150881,8,4,1,1,50#
74393,$JYJ,13311300724,20111101234814,116.428970,39.913410,429226701,147141931,41,356,0,0,50#
107198,$JYJ,13311426371,20111101234936,116.427399,39.911034,429220954,147133171,0,344,0,0,50#
25374,$JYJ,13311492111,20111101234603,116.428734,39.919437,429225859,147164170,13,338,1,1,50#
91273,$JYJ,13331154899,20111101234854,116.423798,39.912239,429207665,147137651,0,238,0,0,50#
103625,$JYJ,13311020454,20111101235422,116.427147,39.913025,429220013,147140524,6,18,0,0,50#
17879,$JYJ,13311470472,20111101235048,116.420334,39.917931,429194922,147158616,12,350,1,1,50#
43761,$JYJ,13311480761,20111101235150,116.426369,39.919201,429217165,147163278,4,178,0,0,50#
713,$JYJ,13311492301,20111101235457,116.428551,39.914055,429225184,147144320,26,176,0,0,50#
51214,$JYJ,13331154826,20111101235659,116.420250,39.915249,429194598,147148742,17,312,1,1,50#
944,$JYJ,13331194370,20111101235501,116.420334,39.915527,429194942,147149782,0,350,0,0,50#
