52759,$JYJ,13311488249,20111101000237,116.439575,39.892773,429265736,147065803,25,280,1,1,50#
8310,$JYJ,13321164900,20111101000026,116.436852,39.894394,429255690,147071792,0,126,1,1,50#
68767,$JYJ,13311431189,20111101000830,116.436684,39.892513,429255110,147064862,21,184,1,1,50#
42410,$JYJ,13311426375,20111101001205,116.434349,39.890053,429246508,147055785,0,82,0,0,50#
24125,$JYJ,13311486561,20111101001110,116.439819,39.892528,429266640,147064906,19,274,1,1,50#
84557,$JYJ,13311403373,20111101001918,116.430603,39.892418,429232738,147064529,0,274,0,0,50#
89285,$JYJ,13311470393,20111101001936,116.432602,39.896496,429240088,147079551,19,10,1,1,50#
5308,$JYJ,13311486585,20111101002019,116.438950,39.892281,429263423,147063980,12,34,0,0,50#
20351,$JYJ,13331184802,20111101002059,116.436218,39.895809,429253400,147077027,0,228,0,0,50#
36926,$JYJ,13331184802,20111101002156,116.436302,39.894852,429253704,147073475,12,170,1,1,50#
52651,$JYJ,13321164479,20111101002732,116.438782,39.897427,429262822,147082962,6,8,0,0,50#
9957,$JYJ,13311403138,20111101003030,116.430664,39.892597,429232931,147065206,8,278,0,0,50#
63746,$JYJ,13311403717,20111101003810,116.439552,39.895683,429265665,147076531,17,128,0,0,50#
10104,$JYJ,13301127411,20111101004024,116.430450,39.892548,429232137,147065028,17,272,2,0,50#
16055,$JYJ,13301214713,20111101004042,116.430565,39.898872,429232582,147088338,49,136,0,0,50#
77642,$JYJ,13331185048,20111101004344,116.439217,39.896324,429264414,147078891,25,0,0,0,50#
76743,$JYJ,13311570487,20111101004846,116.430603,39.892197,429232723,147063728,0,342,0,0,50#
80237,$JYJ,13321164521,20111101004902,116.433235,39.893578,429242425,147068797,17,2,0,0,50#
35143,$JYJ,13311570487,20111101005141,116.432663,39.896427,429240285,147079301,12,264,1,1,50#
25604,$JYJ,13321164521,20111101005113,116.432900,39.896332,429241184,147078962,17,140,1,1,50#
69243,$JYJ,13311453316,20111101005827,116.438530,39.892681,429261892,147065464,0,92,0,0,50#
3636,$JYJ,13301151488,20111101010006,116.431450,39.892231,429235853,147063851,2,80,0,0,50#
62350,$JYJ,13321199429,20111101010303,116.436768,39.892742,429255395,147065686,36,176,0,0,50#
30964,$JYJ,13331184992,20111101010130,116.439919,39.890717,429267003,147058229,0,252,0,0,50#
72216,$JYJ,13331194981,20111101011340,116.432282,39.897160,429238876,147082023,21,166,0,0,50#
50015,$JYJ,13311492136,20111101012236,116.430801,39.892395,429233456,147064444,2,282,0,0,50#
74868,$JYJ,13301174970,20111101012855,116.430435,39.892479,429232099,147064746,10,268,1,1,50#
51397,$JYJ,13331194169,20111101013242,116.439163,39.890057,429264216,147055772,2,206,0,0,50#
43245,$JYJ,13331194870,20111101013716,116.439415,39.894894,429265142,147073627,10,68,1,1,50#
22815,$JYJ,13311486211,20111101014108,116.436600,39.892540,429254797,147064951,23,280,0,0,50#
59687,$JYJ,13311492170,20111101014814,116.433067,39.892983,429241766,147066609,0,202,1,1,50#
72311,$JYJ,13301214218,20111101015356,116.433220,39.893478,429242327,147068446,17,354,0,0,50#
25524,$JYJ,13311426350,20111101015622,116.432548,39.892452,429239875,147064664,6,268,1,1,50#
81024,$JYJ,13321183409,20111101020935,116.432266,39.892231,429238822,147063826,12,94,1,1,50#
80777,$JYJ,13381102734,20111101020934,116.430290,39.892235,429231557,147063848,17,90,0,0,50#
72106,$JYJ,13301174929,20111101022906,116.433403,39.892132,429243018,147063471,28,88,0,0,50#
3630,$JYJ,13301164961,20111101023008,116.432365,39.892380,429239223,147064403,19,154,1,1,50#
71108,$JYJ,13311191412,20111101023403,116.433083,39.893616,429241843,147068939,0,358,0,0,50#
56155,$JYJ,13381066854,20111101023314,116.431068,39.891815,429234418,147062309,0,306,0,0,50#
34878,$JYJ,13311431188,20111101024158,116.432953,39.892941,429241375,147066448,0,290,0,0,50#
25979,$JYJ,13311486477,20111101024625,116.436500,39.892532,429254417,147064940,26,262,1,1,50#
72398,$JYJ,13381069774,20111101030917,116.433113,39.894978,429241948,147073972,0,14,0,0,50#
79895,$JYJ,13301214861,20111101031948,116.436325,39.894417,429253787,147071862,0,0,0,0,50#
10457,$JYJ,13301214284,20111101033036,116.432869,39.892902,429241049,147066307,0,0,0,0,50#
34451,$JYJ,13381232400,20111101034202,116.436981,39.893906,429256201,147069999,0,224,0,0,50#
27556,$JYJ,13301174957,20111101035639,116.438919,39.897606,429263320,147083621,19,6,0,0,50#
42512,$JYJ,13311492120,20111101042242,116.433067,39.895874,429241790,147077268,21,352,0,0,50#
2506,$JYJ,13331038604,20111101042505,116.435150,39.890320,429249441,147056772,4,134,0,0,50#
37288,$JYJ,13311191407,20111101053206,116.436645,39.891918,429254961,147062652,19,168,1,1,50#
72346,$JYJ,13311021074,20111101053858,116.432602,39.896381,429240067,147079132,6,176,1,1,50#
82844,$JYJ,13311191407,20111101055920,116.438423,39.895950,429261502,147077530,12,102,1,1,50#
59632,$JYJ,13301157465,20111101060305,116.432365,39.896675,429239216,147080233,15,186,1,1,50#
78204,$JYJ,13301207489,20111101060403,116.435432,39.894855,429250504,147073505,0,246,2,0,50#
18210,$JYJ,13301207489,20111101060556,116.436630,39.892372,429254891,147064342,6,172,2,0,50#
54840,$JYJ,13331154752,20111101061748,116.432098,39.897045,429238233,147081587,8,176,1,1,50#
71721,$JYJ,13381068804,20111101061835,116.431534,39.892502,429236132,147064851,25,272,1,1,50#
4439,$JYJ,13311486507,20111101062007,116.430466,39.896339,429232220,147078980,26,266,1,1,50#
19408,$JYJ,13311488204,20111101062057,116.436760,39.892574,429255387,147065089,15,198,0,0,50#
95247,$JYJ,13311488204,20111101062446,116.430107,39.898945,429230890,147088606,0,0,0,0,50#
95307,$JYJ,13321183478,20111101062443,116.433220,39.893723,429242368,147069319,0,352,0,0,50#
4,$JYJ,13311488204,20111101062450,116.430107,39.898945,429230890,147088606,0,0,0,0,50#
99510,$JYJ,13311488204,20111101062954,116.430107,39.898945,429230889,147088585,0,0,0,0,50#
11909,$JYJ,13321183478,20111101062537,116.433151,39.895714,429242075,147076691,4,2,1,1,50#
2364,$JYJ,13311488204,20111101063006,116.430107,39.898945,429230893,147088608,0,0,1,1,50#
72218,$JYJ,13381063104,20111101063335,116.432686,39.896298,429240366,147078821,23,186,1,1,50#
56427,$JYJ,13311489433,20111101063746,116.439201,39.892338,429264338,147064211,23,62,0,0,50#
6844,$JYJ,13301214110,20111101064014,116.432930,39.894863,429241276,147073547,30,344,0,0,50#
29303,$JYJ,13301277650,20111101064120,116.438232,39.896023,429260796,147077787,0,286,1,1,50#
46703,$JYJ,13311403527,20111101064204,116.431633,39.894177,429236523,147071024,0,64,1,1,50#
50226,$JYJ,13301277590,20111101065326,116.433670,39.890694,429244021,147058155,21,342,1,1,50#
57274,$JYJ,13311486585,20111101065349,116.430122,39.898907,429230970,147088464,0,0,0,0,50#
47208,$JYJ,13311490952,20111101065320,116.439217,39.894638,429264425,147072665,4,328,0,0,50#
61984,$JYJ,13331194885,20111101065401,116.432533,39.896458,429239830,147079435,10,236,1,1,50#
80690,$JYJ,13331194969,20111101065458,116.433098,39.893684,429241912,147069189,8,356,0,0,50#
21769,$JYJ,13311490952,20111101065603,116.439316,39.893444,429264796,147068270,10,174,1,1,50#
87769,$JYJ,13311495197,20111101065913,116.439835,39.892456,429266697,147064642,23,272,1,1,50#
73697,$JYJ,13301214479,20111101070328,116.430084,39.899044,429230824,147088980,13,134,1,1,50#
27804,$JYJ,13311470372,20111101070116,116.433014,39.893364,429241569,147068016,0,10,0,0,50#
76257,$JYJ,13311470372,20111101070337,116.432999,39.895447,429241518,147075706,15,354,1,1,50#
81160,$JYJ,13301156734,20111101070856,116.433502,39.890877,429243381,147058855,23,172,0,0,50#
88296,$JYJ,13301214477,20111101070919,116.432999,39.894649,429241556,147072756,0,216,1,1,50#
75627,$JYJ,13311162480,20111101070842,116.439117,39.894974,429264050,147073901,34,138,0,0,50#
93473,$JYJ,13301214193,20111101071420,116.432419,39.897083,429239411,147081723,30,170,0,0,50#
573,$JYJ,13311162480,20111101071002,116.439484,39.893219,429265401,147067436,23,154,1,1,50#
90651,$JYJ,13321164403,20111101071415,116.430870,39.896946,429233697,147081212,17,88,1,1,50#
14129,$JYJ,13301207489,20111101071538,116.438797,39.892426,429262883,147064513,6,266,2,0,50#
1818,$JYJ,13301214193,20111101071501,116.432663,39.896660,429240308,147080161,0,0,1,1,50#
66156,$JYJ,13311431077,20111101071806,116.432053,39.892422,429238046,147064548,12,86,1,1,50#
14394,$JYJ,13331184966,20111101071538,116.439049,39.896122,429263779,147078141,4,186,1,1,50#
4659,$JYJ,13301155472,20111101072013,116.433563,39.892487,429243626,147064766,12,180,1,1,50#
101157,$JYJ,13311431016,20111101072949,116.436653,39.894192,429254990,147071044,6,166,1,1,50#
21654,$JYJ,13381096124,20111101072559,116.432266,39.896385,429238845,147079159,32,264,1,1,50#
27588,$JYJ,13311426420,20111101073121,116.436600,39.895107,429254769,147074419,17,176,0,0,50#
42322,$JYJ,13311426420,20111101073203,116.436630,39.894890,429254918,147073604,30,176,1,1,50#
87892,$JYJ,13311470354,20111101073418,116.433250,39.895016,429242462,147074100,28,0,0,0,50#
3139,$JYJ,13311403236,20111101074004,116.432900,39.895340,429241155,147075310,21,174,0,0,50#
20563,$JYJ,13311403236,20111101074055,116.432915,39.894997,429241210,147074028,4,182,1,1,50#
52134,$JYJ,13311495144,20111101075224,116.431717,39.894134,429236833,147070865,0,220,0,0,50#
49166,$JYJ,13311403055,20111101075718,116.438316,39.890106,429261109,147055986,13,352,3,0,50#
30083,$JYJ,13381069147,20111101080122,116.432136,39.896797,429238359,147080687,21,276,1,1,50#
10285,$JYJ,13381083409,20111101080026,116.430534,39.897148,429232448,147081977,4,338,1,1,50#
2295,$JYJ,13321164445,20111101080504,116.438904,39.897690,429263269,147083937,0,164,1,1,50#
20005,$JYJ,13331187132,20111101080559,116.431152,39.892410,429234744,147064498,15,94,1,1,50#
12280,$JYJ,13311490952,20111101081043,116.434280,39.891197,429246250,147060008,13,210,1,1,50#
17532,$JYJ,13301156428,20111101083555,116.432251,39.896507,429238769,147079603,25,266,1,1,50#
57736,$JYJ,13311426304,20111101083807,116.434334,39.891220,429246464,147060106,23,88,0,0,50#
81182,$JYJ,13311426304,20111101083922,116.436768,39.891232,429255418,147060118,15,154,1,1,50#
19498,$JYJ,13311489417,20111101083602,116.435570,39.892197,429250993,147063679,10,98,0,0,50#
54428,$JYJ,13311489417,20111101083756,116.438118,39.892578,429260388,147065103,21,266,1,1,50#
19974,$JYJ,13370122477,20111101084100,116.434135,39.891483,429245710,147061063,0,298,0,0,50#
78680,$JYJ,13370122477,20111101084426,116.433769,39.890346,429244375,147056884,19,354,1,1,50#
4221,$JYJ,13311403139,20111101084513,116.435936,39.891369,429252357,147060654,2,76,0,0,50#
23076,$JYJ,13311489418,20111101085117,116.438248,39.895931,429260842,147077434,6,66,0,0,50#
22274,$JYJ,13311565450,20111101085617,116.438797,39.891666,429262852,147061717,13,348,1,1,50#
19201,$JYJ,13311403504,20111101090105,116.436386,39.895901,429254003,147077332,30,172,1,1,50#
37618,$JYJ,13311495295,20111101090214,116.432785,39.895882,429240745,147077292,28,176,0,0,50#
66049,$JYJ,13311495295,20111101090353,116.432930,39.894596,429241277,147072563,8,174,1,1,50#
342,$JYJ,13301128401,20111101090458,116.433563,39.890171,429243603,147056225,0,18,1,1,50#
34948,$JYJ,13301153104,20111101090654,116.434250,39.891186,429246123,147059971,0,110,0,0,50#
15384,$JYJ,13311570491,20111101090548,116.433197,39.894768,429242244,147073182,6,2,0,0,50#
37016,$JYJ,13311570491,20111101090705,116.433052,39.893646,429241736,147069058,32,178,1,1,50#
83960,$JYJ,13301214093,20111101091420,116.432663,39.894703,429240289,147072961,17,164,1,1,50#
2740,$JYJ,13301214825,20111101091004,116.436584,39.892506,429254712,147064828,6,260,1,1,50#
76292,$JYJ,13301254512,20111101091352,116.433968,39.891434,429245101,147060892,15,234,1,1,50#
52005,$JYJ,13311486385,20111101091746,116.439385,39.893639,429265028,147069004,4,236,1,1,50#
70090,$JYJ,13311487111,20111101091840,116.433098,39.894855,429241887,147073507,15,170,1,1,50#
34413,$JYJ,13331184961,20111101091646,116.436752,39.893845,429255341,147069761,26,180,1,1,50#
66455,$JYJ,13381083464,20111101091832,116.438797,39.898418,429262861,147086620,17,358,0,0,50#
44906,$JYJ,13301214032,20111101092229,116.433853,39.890369,429244686,147056972,13,140,1,1,50#
50624,$JYJ,13301152480,20111101092753,116.431068,39.896275,429234413,147078755,34,264,0,0,50#
56758,$JYJ,13311486343,20111101092813,116.438904,39.890743,429263259,147058325,15,356,1,1,50#
28209,$JYJ,13331185847,20111101092627,116.433235,39.893619,429242398,147068939,15,2,0,0,50#
40021,$JYJ,13331185847,20111101092708,116.433037,39.894974,429241669,147073936,23,352,1,1,50#
44760,$JYJ,13311577734,20111101093216,116.432701,39.896679,429240452,147080247,0,334,0,0,50#
16691,$JYJ,13301104062,20111101093551,116.432548,39.896805,429239879,147080711,0,0,1,1,50#
73433,$JYJ,13311426281,20111101093903,116.430023,39.898972,429230583,147088713,0,0,0,0,50#
1038,$JYJ,13301214526,20111101093959,116.438950,39.892433,429263409,147064549,30,270,1,1,50#
47725,$JYJ,13311426281,20111101094235,116.430153,39.898914,429231082,147088504,19,136,1,1,50#
55880,$JYJ,13311487231,20111101094259,116.438637,39.892117,429262274,147063370,15,268,1,1,50#
59915,$JYJ,13331194888,20111101094302,116.430450,39.898689,429232178,147087648,15,116,1,1,50#
31432,$JYJ,13311564437,20111101094634,116.436653,39.893654,429254999,147069048,0,178,0,0,50#
8348,$JYJ,13301156441,20111101095022,116.433685,39.890690,429244038,147058154,23,174,0,0,50#
33662,$JYJ,13301156487,20111101095143,116.432320,39.897205,429239032,147082191,23,156,1,1,50#
59021,$JYJ,13301214839,20111101095807,116.432083,39.898506,429238182,147086989,0,262,3,0,50#
76293,$JYJ,13311403214,20111101095856,116.436699,39.893929,429255152,147070061,30,174,1,1,50#
78443,$JYJ,13311490916,20111101095902,116.436798,39.892574,429255499,147065093,32,174,0,0,50#
77999,$JYJ,13301214438,20111101100421,116.439781,39.892025,429266495,147063038,0,90,1,1,50#
4782,$JYJ,13311486453,20111101100016,116.436447,39.894211,429254224,147071119,0,194,0,0,50#
18506,$JYJ,13311486453,20111101100058,116.436500,39.894062,429254409,147070557,21,180,1,1,50#
31491,$JYJ,13311487212,20111101100138,116.436684,39.891384,429255097,147060690,0,246,0,0,50#
8011,$JYJ,13311566184,20111101100523,116.433800,39.890137,429244494,147056106,12,352,1,1,50#
65424,$JYJ,13331188564,20111101100855,116.436417,39.896126,429254109,147078180,19,192,0,0,50#
54370,$JYJ,13301174917,20111101101325,116.438148,39.894913,429260467,147073691,0,0,1,1,50#
45973,$JYJ,13311489478,20111101101256,116.433731,39.890800,429244224,147058541,17,340,1,1,50#
11718,$JYJ,13381093064,20111101101036,116.439087,39.892540,429263929,147064945,2,268,1,1,50#
35339,$JYJ,13311470318,20111101101651,116.430099,39.892143,429230877,147063521,38,90,0,0,50#
86821,$JYJ,13321164328,20111101101950,116.439903,39.892429,429266946,147064517,6,274,1,1,50#
16000,$JYJ,13301254058,20111101102049,116.430847,39.891968,429233622,147062879,0,96,0,0,50#
89017,$JYJ,13311300954,20111101102439,116.432220,39.897125,429238672,147081867,0,162,0,0,50#
79977,$JYJ,13311426137,20111101102409,116.433182,39.893478,429242219,147068417,2,4,0,0,50#
20296,$JYJ,13311486239,20111101102103,116.431549,39.892136,429236194,147063496,10,112,1,1,50#
19524,$JYJ,13311488196,20111101102059,116.439148,39.892483,429264163,147064736,19,264,1,1,50#
62748,$JYJ,13331188754,20111101102319,116.432900,39.895801,429241185,147076993,8,162,1,1,50#
24872,$JYJ,13381068845,20111101102118,116.434433,39.891327,429246790,147060498,4,278,0,0,50#
83715,$JYJ,13381069234,20111101102421,116.436668,39.894241,429255018,147071237,8,172,1,1,50#
25175,$JYJ,13311300954,20111101102615,116.432434,39.896511,429239448,147079627,17,166,1,1,50#
9296,$JYJ,13311403323,20111101102527,116.433670,39.890789,429244025,147058509,0,150,0,0,50#
40020,$JYJ,13311495083,20111101102659,116.436668,39.893856,429255046,147069822,17,178,1,1,50#
77767,$JYJ,13301214083,20111101103408,116.431068,39.892185,429234438,147063683,0,84,1,1,50#
52257,$JYJ,13321174798,20111101103246,116.436081,39.891270,429252869,147060289,0,352,0,0,50#
47067,$JYJ,13331194115,20111101103229,116.435387,39.891273,429250338,147060310,0,194,0,0,50#
77261,$JYJ,13301251480,20111101104402,116.432480,39.894081,429239639,147070646,2,272,0,0,50#
38803,$JYJ,13311403715,20111101104202,116.432785,39.892731,429240742,147065694,0,174,1,1,50#
93894,$JYJ,13321199479,20111101104454,116.432953,39.895130,429241379,147074537,13,346,1,1,50#
46628,$JYJ,13331187844,20111101104223,116.438698,39.898621,429262486,147087373,0,334,0,0,50#
56988,$JYJ,13311431209,20111101104802,116.433014,39.894257,429241578,147071291,8,192,0,0,50#
44509,$JYJ,13301174972,20111101105216,116.432449,39.896977,429239525,147081319,0,184,0,0,50#
50751,$JYJ,13301251480,20111101105238,116.432548,39.896625,429239899,147080025,13,186,1,1,50#
10254,$JYJ,13321183499,20111101105029,116.433968,39.890041,429245079,147055759,13,344,1,1,50#
6841,$JYJ,13331093487,20111101105014,116.431419,39.892185,429235706,147063691,28,86,1,1,50#
75627,$JYJ,13370129371,20111101105351,116.439301,39.893238,429264702,147067529,13,162,2,0,50#
35272,$JYJ,13381232417,20111101105145,116.438232,39.892658,429260807,147065367,13,214,1,1,50#
63881,$JYJ,13301214130,20111101105829,116.430885,39.892464,429233735,147064720,15,274,1,1,50#
76834,$JYJ,13301214670,20111101105907,116.436531,39.894974,429254527,147073922,28,178,1,1,50#
51195,$JYJ,13311489552,20111101105738,116.436699,39.893501,429255158,147068490,23,178,1,1,50#
3974,$JYJ,13381235429,20111101105513,116.432968,39.894382,429241427,147071753,4,158,1,1,50#
88583,$JYJ,13301214416,20111101110428,116.431053,39.892258,429234358,147063955,13,80,1,1,50#
14170,$JYJ,13301155458,20111101111043,116.432930,39.896240,429241289,147078600,10,138,1,1,50#
84146,$JYJ,13301214294,20111101111424,116.431236,39.892117,429235029,147063408,0,84,0,0,50#
31154,$JYJ,13311492164,20111101111139,116.433601,39.890861,429243750,147058774,0,178,0,0,50#
60744,$JYJ,13311495028,20111101111316,116.432884,39.893284,429241115,147067727,0,170,1,1,50#
24590,$JYJ,13311431573,20111101111613,116.439087,39.895847,429263952,147077150,26,180,1,1,50#
14158,$JYJ,13311453303,20111101111539,116.436653,39.891773,429254960,147062122,6,176,0,0,50#
40982,$JYJ,13311026489,20111101112217,116.431633,39.894192,429236516,147071067,0,286,0,0,50#
34681,$JYJ,13311495199,20111101112155,116.431084,39.891922,429234475,147062721,12,196,0,0,50#
82907,$JYJ,13301204919,20111101112916,116.433563,39.892506,429243619,147064852,25,94,0,0,50#
24986,$JYJ,13301208420,20111101112616,116.438835,39.896057,429262996,147077896,25,270,1,1,50#
32492,$JYJ,13301214854,20111101112637,116.439217,39.895905,429264423,147077330,0,150,1,1,50#
44036,$JYJ,13321180204,20111101112713,116.436737,39.891872,429255294,147062478,30,172,0,0,50#
12577,$JYJ,13301157432,20111101113035,116.432381,39.894287,429239281,147071420,8,256,0,0,50#
71646,$JYJ,13311489369,20111101113329,116.439133,39.892063,429264091,147063168,19,124,0,0,50#
73506,$JYJ,13321174975,20111101113337,116.432068,39.896805,429238106,147080709,21,280,1,1,50#
23224,$JYJ,13311020742,20111101113605,116.435165,39.891239,429249490,147060165,0,270,0,0,50#
5305,$JYJ,13311489369,20111101113512,116.436813,39.891277,429255566,147060307,25,352,1,1,50#
39118,$JYJ,13311565842,20111101113654,116.439201,39.895088,429264369,147074326,2,170,0,0,50#
8205,$JYJ,13331184978,20111101113523,116.435288,39.892220,429249963,147063788,32,90,0,0,50#
78154,$JYJ,13331184978,20111101113853,116.433289,39.893585,429242580,147068830,0,0,0,0,50#
79582,$JYJ,13331184978,20111101113857,116.433289,39.893585,429242587,147068838,0,0,0,0,50#
73514,$JYJ,13311453418,20111101114342,116.431168,39.891125,429234791,147059770,0,0,0,0,50#
91941,$JYJ,13331184978,20111101114437,116.433289,39.893585,429242597,147068810,0,0,0,0,50#
69723,$JYJ,13331194482,20111101114328,116.433968,39.890663,429245110,147058061,13,80,1,1,50#
81961,$JYJ,13331194664,20111101114901,116.430763,39.892662,429233287,147065430,25,264,1,1,50#
83169,$JYJ,13381063242,20111101114909,116.436867,39.894093,429255761,147070664,26,180,1,1,50#
22141,$JYJ,13311403487,20111101115101,116.432968,39.895050,429241437,147074222,6,172,0,0,50#
10466,$JYJ,13321164426,20111101115029,116.434898,39.891540,429248513,147061291,12,316,1,1,50#
98985,$JYJ,13301214894,20111101115955,116.436264,39.896122,429253567,147078148,17,172,1,1,50#
3695,$JYJ,13311495347,20111101115511,116.431114,39.892353,429234596,147064303,8,284,0,0,50#
282,$JYJ,13311431073,20111101115958,116.433853,39.890526,429244672,147057534,0,18,0,0,50#
47310,$JYJ,13311489556,20111101120227,116.433098,39.892235,429241893,147063864,0,150,0,0,50#
57913,$JYJ,13321199431,20111101120300,116.433716,39.891270,429244177,147060291,10,234,1,1,50#
78150,$JYJ,13331184797,20111101120413,116.439232,39.895741,429264481,147076749,13,156,1,1,50#
75245,$JYJ,13331194618,20111101120400,116.430466,39.892609,429232220,147065252,15,274,1,1,50#
65359,$JYJ,13311480668,20111101120856,116.430199,39.898918,429231219,147088497,0,0,0,0,50#
33306,$JYJ,13311489401,20111101120657,116.438881,39.890995,429263186,147059261,15,356,1,1,50#
34836,$JYJ,13311021664,20111101121200,116.430718,39.892582,429233122,147065127,0,0,1,1,50#
21731,$JYJ,13311301024,20111101121114,116.433014,39.895603,429241593,147076268,8,170,1,1,50#
67657,$JYJ,13311480668,20111101121409,116.430199,39.898918,429231216,147088517,0,0,0,0,50#
9374,$JYJ,13321183437,20111101121030,116.433632,39.892555,429243873,147065015,0,270,0,0,50#
64373,$JYJ,13331194076,20111101121911,116.432701,39.896515,429240452,147079645,4,354,1,1,50#
49191,$JYJ,13381093084,20111101121814,116.433716,39.890785,429244193,147058495,17,158,1,1,50#
47941,$JYJ,13381101574,20111101121812,116.438232,39.895981,429260791,147077646,0,0,0,0,50#
39945,$JYJ,13301214257,20111101122227,116.432381,39.897427,429239269,147083008,0,0,0,0,50#
50164,$JYJ,13311403195,20111101122307,116.438232,39.896084,429260785,147078019,0,328,0,0,50#
54055,$JYJ,13381068964,20111101122320,116.438820,39.892204,429262953,147063721,10,26,0,0,50#
20475,$JYJ,13381101574,20111101122112,116.439385,39.892544,429265010,147064957,10,222,1,1,50#
63106,$JYJ,13311191408,20111101123844,116.431068,39.892212,429234412,147063766,6,86,0,0,50#
81016,$JYJ,13311191408,20111101123943,116.431397,39.892414,429235644,147064522,12,78,1,1,50#
70337,$JYJ,13311495389,20111101123908,116.431450,39.892513,429235813,147064875,0,164,0,0,50#
34053,$JYJ,13331187135,20111101123657,116.438500,39.896179,429261789,147078368,19,86,1,1,50#
77143,$JYJ,13381095344,20111101123928,116.439835,39.893272,429266663,147067641,0,338,0,0,50#
40934,$JYJ,13381232408,20111101123721,116.436417,39.895096,429254121,147074383,12,156,0,0,50#
2049,$JYJ,13301209469,20111101124002,116.431000,39.899067,429234169,147089047,30,310,1,1,50#
34987,$JYJ,13311426094,20111101124158,116.432999,39.894146,429241537,147070911,10,110,1,1,50#
70658,$JYJ,13311563649,20111101124402,116.432480,39.896858,429239625,147080912,0,212,0,0,50#
58869,$JYJ,13331156471,20111101124318,116.430786,39.892841,429233399,147066092,0,334,0,0,50#
10206,$JYJ,13381095344,20111101124037,116.438934,39.892551,429263382,147064975,12,284,1,1,50#
32809,$JYJ,13301214187,20111101124640,116.433052,39.895157,429241743,147074618,0,156,0,0,50#
82670,$JYJ,13311021748,20111101124928,116.438148,39.896061,429260486,147077913,8,326,1,1,50#
64506,$JYJ,13311486585,20111101124832,116.432434,39.896977,429239450,147081319,12,164,1,1,50#
32642,$JYJ,13321164485,20111101124641,116.432770,39.893814,429240692,147069673,2,242,1,1,50#
89354,$JYJ,13381166374,20111101124953,116.436516,39.896122,429254474,147078169,4,192,0,0,50#
69087,$JYJ,13311191415,20111101125354,116.436333,39.891251,429253786,147060199,0,356,0,0,50#
8760,$JYJ,13311403113,20111101125027,116.432770,39.892204,429240676,147063730,0,48,1,1,50#
4383,$JYJ,13311489325,20111101125013,116.433502,39.891048,429243395,147059461,4,320,1,1,50#
89782,$JYJ,13370129504,20111101125454,116.436768,39.893867,429255407,147069836,26,176,1,1,50#
32838,$JYJ,13370129592,20111101125150,116.433098,39.893112,429241895,147067094,6,188,1,1,50#
49430,$JYJ,13301155245,20111101125743,116.436783,39.893921,429255478,147070062,26,174,1,1,50#
38955,$JYJ,13311191457,20111101125705,116.436752,39.894203,429255327,147071078,25,170,1,1,50#
69094,$JYJ,13331194429,20111101125851,116.434021,39.892384,429245285,147064402,0,0,0,0,50#
48350,$JYJ,13331194900,20111101125740,116.438835,39.898556,429262989,147087125,0,256,0,0,50#
65629,$JYJ,13331194900,20111101125836,116.438919,39.897575,429263322,147083492,12,170,1,1,50#
14610,$JYJ,13301214223,20111101130038,116.438881,39.893486,429263185,147068446,12,346,0,0,50#
33974,$JYJ,13301214223,20111101130147,116.439064,39.893734,429263859,147069348,17,172,1,1,50#
51223,$JYJ,13370129332,20111101130255,116.433281,39.892082,429242590,147063290,6,84,1,1,50#
65272,$JYJ,13381235499,20111101130355,116.436401,39.895115,429254062,147074436,12,266,0,0,50#
71918,$JYJ,13301104013,20111101130849,116.430969,39.896305,429234067,147078855,30,268,0,0,50#
13236,$JYJ,13311191408,20111101130547,116.433159,39.895718,429242141,147076676,15,324,1,1,50#
60655,$JYJ,13311403062,20111101130818,116.432884,39.895897,429241105,147077339,0,172,0,0,50#
86603,$JYJ,13311453361,20111101130940,116.436256,39.895001,429253537,147074019,0,138,0,0,50#
88604,$JYJ,13321183411,20111101130943,116.439331,39.890522,429264827,147057508,13,276,1,1,50#
71204,$JYJ,13301127412,20111101131337,116.433182,39.893993,429242222,147070317,12,160,1,1,50#
27258,$JYJ,13311453361,20111101131124,116.436363,39.894348,429253920,147071609,10,178,1,1,50#
5172,$JYJ,13321164489,20111101131014,116.433365,39.892322,429242891,147064168,21,86,1,1,50#
36148,$JYJ,13311431177,20111101131710,116.430885,39.898983,429233755,147088729,4,314,0,0,50#
53032,$JYJ,13311489624,20111101131805,116.436546,39.896023,429254587,147077806,0,140,0,0,50#
22623,$JYJ,13311566524,20111101131622,116.439232,39.894607,429264479,147072548,13,176,1,1,50#
74304,$JYJ,13370122486,20111101131910,116.432518,39.896740,429239757,147080470,0,160,0,0,50#
12917,$JYJ,13311489624,20111101132041,116.435104,39.891254,429249274,147060232,12,264,1,1,50#
7635,$JYJ,13311564441,20111101132020,116.435036,39.895370,429249036,147075385,23,280,1,1,50#
10785,$JYJ,13331111437,20111101132033,116.433296,39.895226,429242641,147074858,26,22,1,1,50#
65642,$JYJ,13331194643,20111101132322,116.436012,39.892544,429252617,147064987,0,0,0,0,50#
51974,$JYJ,13381102364,20111101132238,116.431236,39.892315,429235066,147064143,0,96,1,1,50#
10436,$JYJ,13301184018,20111101132528,116.436600,39.894810,429254800,147073329,13,180,0,0,50#
72109,$JYJ,13331194422,20111101132846,116.431335,39.892521,429235411,147064906,2,266,1,1,50#
25620,$JYJ,13331194643,20111101133119,116.433128,39.894245,429242029,147071276,12,156,1,1,50#
26985,$JYJ,13301135456,20111101133629,116.439430,39.894268,429265203,147071302,19,178,1,1,50#
59677,$JYJ,13311403056,20111101133810,116.432732,39.896458,429240541,147079419,0,160,0,0,50#
13282,$JYJ,13311470403,20111101133544,116.439957,39.898186,429267136,147085748,0,164,0,0,50#
53652,$JYJ,13301207483,20111101134241,116.432434,39.892448,429239438,147064641,4,262,0,0,50#
86100,$JYJ,13311470403,20111101134424,116.439423,39.895164,429265181,147074619,28,174,1,1,50#
98280,$JYJ,13311492334,20111101134453,116.436432,39.892708,429254150,147065575,0,280,0,0,50#
8910,$JYJ,13311453446,20111101134527,116.436706,39.894875,429255175,147073569,17,176,1,1,50#
18641,$JYJ,13301174972,20111101135057,116.432930,39.895691,429241278,147076596,21,136,1,1,50#
78486,$JYJ,13331194496,20111101135420,116.439201,39.892319,429264335,147064128,0,122,1,1,50#
13966,$JYJ,13381083439,20111101135041,116.430466,39.892662,429232230,147065453,12,252,1,1,50#
83111,$JYJ,13311470346,20111101135938,116.437248,39.891018,429257189,147059336,25,172,1,1,50#
6932,$JYJ,13311489534,20111101135524,116.433014,39.894424,429241606,147071916,17,348,1,1,50#
27544,$JYJ,13331194334,20111101140126,116.433067,39.891205,429241777,147060066,0,162,0,0,50#
66940,$JYJ,13301157649,20111101140859,116.432968,39.896030,429241417,147077827,6,338,1,1,50#
29040,$JYJ,13311488214,20111101140639,116.432991,39.895248,429241527,147074945,12,352,1,1,50#
75862,$JYJ,13311489574,20111101140933,116.432182,39.896305,429238524,147078860,32,110,0,0,50#
20977,$JYJ,13311489609,20111101140609,116.436653,39.895172,429254964,147074671,12,172,1,1,50#
71885,$JYJ,13381100547,20111101140916,116.433014,39.895157,429241604,147074632,13,358,0,0,50#
66142,$JYJ,13301214115,20111101141332,116.433052,39.894127,429241738,147070809,0,350,0,0,50#
12170,$JYJ,13301214246,20111101141039,116.436333,39.891403,429253811,147060781,10,252,1,1,50#
28903,$JYJ,13311426137,20111101141132,116.437080,39.890800,429256533,147058549,36,170,1,1,50#
40695,$JYJ,13311573314,20111101141210,116.433098,39.894100,429241891,147070721,10,344,1,1,50#
56134,$JYJ,13331194339,20111101141303,116.432297,39.897446,429238941,147083051,10,162,1,1,50#
74531,$JYJ,13331184904,20111101141903,116.432686,39.896671,429240395,147080193,0,212,1,1,50#
14041,$JYJ,13301254399,20111101142039,116.432404,39.896652,429239344,147080148,0,28,0,0,50#
73708,$JYJ,13331194110,20111101142336,116.436584,39.895683,429254724,147076557,28,176,1,1,50#
49834,$JYJ,13381069364,20111101142222,116.433899,39.890064,429244837,147055838,12,334,1,1,50#
103440,$JYJ,13311300564,20111101142947,116.431045,39.891697,429234335,147061885,0,100,0,0,50#
21549,$JYJ,13311470346,20111101142608,116.434319,39.891338,429246391,147060539,23,76,0,0,50#
31563,$JYJ,13311470346,20111101142641,116.435814,39.891480,429251892,147061056,26,84,1,1,50#
30856,$JYJ,13331194908,20111101142635,116.433563,39.893242,429243614,147067546,15,26,1,1,50#
30292,$JYJ,13301214654,20111101143115,116.436546,39.894535,429254583,147072325,21,174,0,0,50#
47460,$JYJ,13301214654,20111101143157,116.436485,39.894348,429254376,147071612,12,162,1,1,50#
33990,$JYJ,13321164562,20111101143128,116.434464,39.897717,429246919,147084052,41,102,0,0,50#
9983,$JYJ,13331184809,20111101143022,116.430534,39.898960,429232449,147088661,15,120,1,1,50#
61433,$JYJ,13331194205,20111101143232,116.436752,39.894337,429255352,147071562,0,180,1,1,50#
11813,$JYJ,13311431083,20111101143531,116.438141,39.895672,429260434,147076496,39,358,0,0,50#
32324,$JYJ,13311431083,20111101143624,116.439133,39.895695,429264099,147076554,17,176,1,1,50#
89224,$JYJ,13311453222,20111101143841,116.438980,39.892460,429263535,147064655,10,246,0,0,50#
96182,$JYJ,13311489638,20111101143903,116.430603,39.892563,429232720,147065057,32,274,0,0,50#
18613,$JYJ,13311492106,20111101143545,116.439484,39.892143,429265391,147063491,2,122,0,0,50#
2825,$JYJ,13331187136,20111101143504,116.439499,39.892490,429265467,147064744,10,262,1,1,50#
118544,$JYJ,13381096694,20111101143958,116.432297,39.897110,429238938,147081836,17,168,0,0,50#
116433,$JYJ,13301214475,20111101144448,116.436836,39.894470,429255662,147072069,2,202,0,0,50#
9839,$JYJ,13311453222,20111101144021,116.436798,39.891499,429255516,147061102,10,170,1,1,50#
18468,$JYJ,13321199346,20111101144046,116.436684,39.895019,429255075,147074099,38,174,0,0,50#
19902,$JYJ,13331185184,20111101144048,116.433250,39.893372,429242460,147068024,23,358,0,0,50#
88531,$JYJ,13331194010,20111101144845,116.436470,39.891815,429254303,147062271,25,172,0,0,50#
13359,$JYJ,13331194339,20111101144536,116.430870,39.896393,429233722,147079203,13,260,1,1,50#
9542,$JYJ,13301155472,20111101145020,116.430450,39.892460,429232155,147064708,34,272,1,1,50#
78650,$JYJ,13311300564,20111101145319,116.433090,39.893066,429241891,147066929,8,60,0,0,50#
104533,$JYJ,13311300564,20111101145425,116.433220,39.893585,429242334,147068811,12,352,1,1,50#
92926,$JYJ,13311403074,20111101145353,116.436249,39.894504,429253483,147072210,8,178,1,1,50#
15159,$JYJ,13311490958,20111101145036,116.439415,39.893662,429265151,147069077,13,170,1,1,50#
57981,$JYJ,13331194948,20111101145222,116.436653,39.894607,429254996,147072569,10,178,0,0,50#
90187,$JYJ,13331194948,20111101145343,116.436737,39.894081,429255280,147070624,19,176,1,1,50#
63069,$JYJ,13301272019,20111101145731,116.437981,39.896412,429259848,147079231,25,320,1,1,50#
102532,$JYJ,13311022144,20111101145915,116.432816,39.896542,429240877,147079732,17,156,0,0,50#
98841,$JYJ,13311489344,20111101145905,116.439102,39.892078,429263988,147063254,12,84,1,1,50#
20211,$JYJ,13331194435,20111101145555,116.436546,39.891670,429254585,147061761,2,98,0,0,50#
44306,$JYJ,13381235447,20111101145648,116.436249,39.895023,429253493,147074096,13,164,0,0,50#
83671,$JYJ,13301204847,20111101150338,116.435165,39.891266,429249526,147060282,30,270,0,0,50#
65655,$JYJ,13311486573,20111101150239,116.436768,39.893803,429255384,147069600,34,176,1,1,50#
18063,$JYJ,13311489624,20111101150047,116.433838,39.891025,429244612,147059372,0,0,0,0,50#
19844,$JYJ,13311489624,20111101150051,116.433838,39.891025,429244624,147059397,0,0,0,0,50#
78297,$JYJ,13311489624,20111101150322,116.433838,39.891025,429244637,147059403,0,0,0,0,50#
89939,$JYJ,13311489624,20111101150352,116.433838,39.891025,429244602,147059381,0,0,0,0,50#
91341,$JYJ,13311489624,20111101150356,116.433838,39.891025,429244635,147059373,0,0,0,0,50#
6276,$JYJ,13381101204,20111101150012,116.436737,39.892208,429255301,147063719,0,122,1,1,50#
1691,$JYJ,13311162426,20111101150505,116.430481,39.892334,429232273,147064233,21,236,1,1,50#
98119,$JYJ,13311426280,20111101150911,116.433617,39.890823,429243814,147058643,0,158,1,1,50#
29875,$JYJ,13311431064,20111101150617,116.439049,39.896759,429263801,147080499,10,186,1,1,50#
96002,$JYJ,13311453391,20111101150905,116.432747,39.891590,429240621,147061483,0,0,0,0,50#
65871,$JYJ,13311486573,20111101150752,116.432266,39.896465,429238846,147079455,0,302,0,0,50#
105148,$JYJ,13311489624,20111101150927,116.433838,39.891025,429244629,147059383,0,0,0,0,50#
68122,$JYJ,13311020084,20111101151315,116.432282,39.896442,429238899,147079381,21,266,1,1,50#
107076,$JYJ,13311403288,20111101151453,116.438980,39.892468,429263532,147064660,4,306,1,1,50#
86244,$JYJ,13311431191,20111101151404,116.434448,39.891228,429246885,147060115,0,182,0,0,50#
63728,$JYJ,13331194753,20111101151259,116.434464,39.891563,429246935,147061371,15,270,1,1,50#
3828,$JYJ,13301150147,20111101151507,116.436668,39.895241,429255017,147074915,0,176,0,0,50#
93933,$JYJ,13301204937,20111101151857,116.432404,39.893414,429239343,147068191,0,194,1,1,50#
94475,$JYJ,13381232441,20111101151858,116.433113,39.895378,429241943,147075450,12,0,1,1,50#
17559,$JYJ,13301214476,20111101152044,116.432503,39.896416,429239718,147079265,19,88,1,1,50#
81907,$JYJ,13311489624,20111101152339,116.433838,39.891025,429244602,147059393,0,0,0,0,50#
86844,$JYJ,13311489624,20111101152343,116.433838,39.891025,429244634,147059375,0,0,0,0,50#
96525,$JYJ,13311495125,20111101152414,116.435501,39.891060,429250760,147059496,26,86,0,0,50#
78701,$JYJ,13321164474,20111101152327,116.437843,39.896778,429259370,147080582,0,0,0,0,50#
79576,$JYJ,13321164474,20111101152331,116.437843,39.896778,429259360,147080584,0,0,0,0,50#
48582,$JYJ,13311489606,20111101152705,116.432548,39.892551,429239862,147065011,0,282,0,0,50#
36139,$JYJ,13311489624,20111101152635,116.433838,39.891025,429244610,147059388,0,0,0,0,50#
36402,$JYJ,13311453412,20111101153130,116.432686,39.896767,429240374,147080573,0,46,0,0,50#
57532,$JYJ,13301204956,20111101154227,116.436836,39.894020,429255674,147070409,25,176,0,0,50#
16338,$JYJ,13301207488,20111101154044,116.438148,39.898708,429260466,147087678,2,62,0,0,50#
78391,$JYJ,13301207488,20111101154314,116.438751,39.898422,429262722,147086644,0,336,1,1,50#
47292,$JYJ,13311488227,20111101154202,116.436317,39.891483,429253752,147061056,0,266,0,0,50#
30731,$JYJ,13311492189,20111101154119,116.432495,39.897022,429239669,147081514,15,346,0,0,50#
103279,$JYJ,13331194164,20111101154421,116.439346,39.892002,429264895,147062972,26,104,0,0,50#
14659,$JYJ,13331194674,20111101154036,116.436363,39.891205,429253927,147060030,21,262,1,1,50#
68897,$JYJ,13321183487,20111101154749,116.437019,39.897202,429256312,147082131,39,308,0,0,50#
69054,$JYJ,13321183487,20111101154752,116.436714,39.897362,429255196,147082716,39,302,1,1,50#
101203,$JYJ,13301214202,20111101155414,116.433182,39.894989,429242221,147073990,0,0,0,0,50#
86084,$JYJ,13301156974,20111101155834,116.439247,39.894791,429264535,147073223,0,74,1,1,50#
99324,$JYJ,13321174658,20111101155907,116.430313,39.891895,429231632,147062602,2,22,0,0,50#
24540,$JYJ,13331063416,20111101155605,116.431732,39.894192,429236880,147071075,4,248,0,0,50#
9307,$JYJ,13311162412,20111101160019,116.436333,39.894440,429253814,147071961,0,158,0,0,50#
79547,$JYJ,13311431283,20111101160321,116.439301,39.897335,429264708,147082613,15,126,0,0,50#
87051,$JYJ,13311486211,20111101160341,116.433136,39.894348,429242060,147071640,23,352,0,0,50#
2976,$JYJ,13311486385,20111101160003,116.436882,39.894211,429255841,147071102,10,164,1,1,50#
104394,$JYJ,13311488176,20111101160425,116.433746,39.890247,429244297,147056511,0,190,0,0,50#
8183,$JYJ,13301214032,20111101160510,116.436035,39.890186,429252717,147056267,2,278,1,1,50#
5059,$JYJ,13311191425,20111101160513,116.439140,39.892448,429264124,147064609,12,254,1,1,50#
76852,$JYJ,13311431027,20111101160816,116.434364,39.891380,429246559,147060682,17,256,1,1,50#
70430,$JYJ,13311489337,20111101160801,116.439850,39.898193,429266728,147085771,0,88,0,0,50#
8203,$JYJ,13321174691,20111101160518,116.433586,39.891140,429243686,147059822,2,116,0,0,50#
13273,$JYJ,13331194339,20111101160535,116.430718,39.896316,429233147,147078918,13,264,1,1,50#
2677,$JYJ,13381100074,20111101160506,116.430695,39.898537,429233063,147087096,0,0,0,0,50#
90136,$JYJ,13381100074,20111101160848,116.430695,39.898537,429233038,147087099,0,0,0,0,50#
14056,$JYJ,13311489448,20111101161037,116.436386,39.893833,429254002,147069709,0,276,0,0,50#
70839,$JYJ,13311495389,20111101161403,116.436615,39.895138,429254850,147074529,0,204,0,0,50#
99315,$JYJ,13331159475,20111101161918,116.430916,39.892284,429233869,147064031,0,90,0,0,50#
38103,$JYJ,13311020454,20111101162135,116.439102,39.895527,429263999,147075947,28,180,1,1,50#
104542,$JYJ,13311470316,20111101162428,116.431618,39.894146,429236437,147070895,0,196,0,0,50#
35528,$JYJ,13311489337,20111101162132,116.439850,39.898239,429266746,147085933,6,270,1,1,50#
6851,$JYJ,13311487116,20111101162512,116.433601,39.890766,429243762,147058447,12,140,1,1,50#
78518,$JYJ,13311426385,20111101163326,116.430168,39.898750,429231117,147087887,2,134,0,0,50#
50597,$JYJ,13311492081,20111101163217,116.438599,39.890320,429262124,147056756,8,30,0,0,50#
79700,$JYJ,13311492081,20111101163330,116.438881,39.890552,429263170,147057629,0,64,1,1,50#
23507,$JYJ,13311162406,20111101163623,116.433220,39.893154,429242329,147067230,0,0,0,0,50#
74847,$JYJ,13311162406,20111101163914,116.430626,39.896202,429232787,147078502,6,260,1,1,50#
53867,$JYJ,13311486433,20111101163812,116.430382,39.893890,429231925,147069952,17,110,0,0,50#
83375,$JYJ,13331194894,20111101163932,116.432701,39.896149,429240456,147078286,17,244,1,1,50#
70664,$JYJ,13301204887,20111101164246,116.437752,39.892704,429259027,147065560,15,184,0,0,50#
23828,$JYJ,13311426385,20111101164058,116.430298,39.898628,429231588,147087443,10,104,1,1,50#
39028,$JYJ,13301204947,20111101164641,116.434280,39.891445,429246244,147060916,4,310,0,0,50#
82823,$JYJ,13311495301,20111101164833,116.436981,39.892609,429256196,147065216,4,272,1,1,50#
81967,$JYJ,13321164377,20111101164834,116.431397,39.893887,429235630,147069952,0,36,0,0,50#
113361,$JYJ,13301272027,20111101165448,116.434151,39.891048,429245778,147059453,28,258,0,0,50#
94555,$JYJ,13301272312,20111101165400,116.432564,39.896339,429239922,147078996,0,244,0,0,50#
89509,$JYJ,13301104001,20111101165907,116.432434,39.896416,429239468,147079264,15,274,0,0,50#
81234,$JYJ,13301272027,20111101165836,116.432884,39.896290,429241095,147078809,17,284,1,1,50#
59079,$JYJ,13311020454,20111101165728,116.433884,39.890678,429244772,147058108,17,322,1,1,50#
13893,$JYJ,13311426358,20111101165538,116.430786,39.891995,429233396,147062980,8,96,1,1,50#
68916,$JYJ,13331194360,20111101165758,116.430733,39.892097,429233198,147063341,21,82,1,1,50#
39552,$JYJ,13301253467,20111101170146,116.435967,39.892261,429252474,147063929,34,90,0,0,50#
22269,$JYJ,13311453319,20111101170055,116.431801,39.892181,429237131,147063655,6,246,0,0,50#
6428,$JYJ,13311470392,20111101170017,116.433670,39.890724,429244016,147058291,0,176,0,0,50#
97449,$JYJ,13331194327,20111101170426,116.433113,39.895611,429241951,147076284,0,326,0,0,50#
43327,$JYJ,13301214651,20111101170648,116.436249,39.894577,429253507,147072459,23,172,0,0,50#
58171,$JYJ,13301214651,20111101170723,116.436485,39.894348,429254381,147071626,0,150,1,1,50#
102583,$JYJ,13311564441,20111101170918,116.435585,39.894459,429251071,147072032,0,170,0,0,50#
31515,$JYJ,13301164915,20111101171118,116.433151,39.894207,429242107,147071130,0,48,0,0,50#
64687,$JYJ,13301164915,20111101171239,116.432884,39.895607,429241121,147076297,0,356,1,1,50#
105029,$JYJ,13301204996,20111101171422,116.437149,39.892250,429256800,147063897,17,72,0,0,50#
70012,$JYJ,13301214134,20111101171252,116.436516,39.896042,429254457,147077859,4,188,0,0,50#
112750,$JYJ,13311565742,20111101171438,116.433785,39.890324,429244418,147056784,21,352,1,1,50#
58245,$JYJ,13321164375,20111101171227,116.439697,39.897965,429266200,147084926,2,0,0,0,50#
9918,$JYJ,13331194341,20111101171021,116.430115,39.892433,429230922,147064611,0,66,0,0,50#
82165,$JYJ,13331194341,20111101171321,116.433800,39.890270,429244475,147056593,4,170,1,1,50#
117457,$JYJ,13301208448,20111101171951,116.431236,39.892330,429235048,147064195,2,232,1,1,50#
36230,$JYJ,13311020314,20111101171627,116.438782,39.892837,429262792,147066041,36,356,1,1,50#
117754,$JYJ,13301104015,20111101172448,116.431618,39.892254,429236452,147063938,34,88,0,0,50#
35352,$JYJ,13311403323,20111101172129,116.439285,39.896435,429264675,147079309,0,72,0,0,50#
119129,$JYJ,13321190104,20111101172451,116.433899,39.891312,429244867,147060447,0,276,0,0,50#
48839,$JYJ,13311431265,20111101172657,116.430916,39.892147,429233871,147063539,0,110,0,0,50#
86739,$JYJ,13311431265,20111101172833,116.431397,39.892193,429235628,147063692,19,94,1,1,50#
93370,$JYJ,13311489536,20111101172853,116.434196,39.891590,429245921,147061460,0,42,0,0,50#
36301,$JYJ,13301214255,20111101173131,116.439346,39.892261,429264905,147063897,0,260,1,1,50#
100545,$JYJ,13311026489,20111101173406,116.432152,39.894058,429238423,147070560,0,252,0,0,50#
74760,$JYJ,13311191446,20111101173304,116.436180,39.895180,429253223,147074681,2,168,0,0,50#
93990,$JYJ,13311470465,20111101173355,116.433144,39.893002,429242059,147066672,0,0,0,0,50#
59479,$JYJ,13331194268,20111101173231,116.430496,39.892521,429232338,147064907,15,252,1,1,50#
7239,$JYJ,13301214564,20111101173516,116.433830,39.892364,429244603,147064312,0,0,0,0,50#
92022,$JYJ,13311191446,20111101173850,116.431397,39.892864,429235622,147066190,0,122,1,1,50#
66265,$JYJ,13311489536,20111101173747,116.433884,39.890919,429244797,147059000,4,344,1,1,50#
22223,$JYJ,13311564642,20111101173555,116.430916,39.892239,429233864,147063888,19,268,2,0,50#
29313,$JYJ,13311403361,20111101174111,116.439270,39.895302,429264587,147075138,8,88,0,0,50#
92855,$JYJ,13311020484,20111101174849,116.438820,39.898537,429262935,147087050,0,0,0,0,50#
16584,$JYJ,13311486476,20111101174544,116.438904,39.897308,429263251,147082531,0,300,1,1,50#
28276,$JYJ,13321164872,20111101175114,116.438400,39.890003,429261420,147055609,10,6,1,1,50#
30372,$JYJ,13331194185,20111101175115,116.433166,39.891003,429242140,147059295,23,316,1,1,50#
109030,$JYJ,13370129523,20111101175429,116.439697,39.890568,429266170,147057661,0,4,0,0,50#
27214,$JYJ,13311563644,20111101175604,116.437752,39.891781,429259016,147062138,17,96,0,0,50#
26717,$JYJ,13321174850,20111101175605,116.436882,39.891441,429255822,147060894,21,4,1,1,50#
120030,$JYJ,13331194950,20111101175956,116.432968,39.896027,429241409,147077842,13,354,0,0,50#
117904,$JYJ,13301254509,20111101180951,116.432953,39.895493,429241356,147075874,0,322,0,0,50#
6684,$JYJ,13311487117,20111101180518,116.437752,39.891098,429259016,147059617,23,250,1,1,50#
40604,$JYJ,13301214863,20111101181140,116.430382,39.892269,429231899,147064002,23,84,0,0,50#
78687,$JYJ,13301214863,20111101181314,116.431465,39.892231,429235873,147063844,17,86,1,1,50#
23549,$JYJ,13301254509,20111101181100,116.432915,39.895565,429241221,147076120,12,338,1,1,50#
69708,$JYJ,13311495331,20111101181754,116.430351,39.896358,429231789,147079078,19,266,1,1,50#
98449,$JYJ,13321183419,20111101181909,116.430466,39.898575,429232203,147087223,15,124,1,1,50#
28656,$JYJ,13331093479,20111101181611,116.438797,39.891693,429262887,147061836,8,358,1,1,50#
29584,$JYJ,13331194941,20111101181614,116.438850,39.898163,429263060,147085658,12,10,0,0,50#
85587,$JYJ,13331194941,20111101181834,116.439117,39.895676,429264046,147076512,17,180,1,1,50#
78553,$JYJ,13331194950,20111101181815,116.430351,39.891975,429231773,147062898,13,96,1,1,50#
41886,$JYJ,13381083464,20111101181648,116.438858,39.892208,429263073,147063732,4,44,1,1,50#
86895,$JYJ,13301214046,20111101182334,116.431152,39.892303,429234743,147064121,21,270,1,1,50#
118448,$JYJ,13311426405,20111101182456,116.439919,39.892502,429267012,147064786,4,276,0,0,50#
32898,$JYJ,13331093451,20111101182124,116.432427,39.896740,429239438,147080476,15,178,0,0,50#
56681,$JYJ,13311426077,20111101182723,116.431564,39.892326,429236275,147064210,17,268,1,1,50#
25661,$JYJ,13311426405,20111101182606,116.438980,39.892540,429263549,147064931,6,272,1,1,50#
337,$JYJ,13301214419,20111101182959,116.431450,39.892292,429235830,147064072,8,234,0,0,50#
73366,$JYJ,13301214778,20111101183301,116.433586,39.892437,429243674,147064608,0,272,0,0,50#
9948,$JYJ,13301272103,20111101183022,116.439270,39.894562,429264616,147072397,0,158,0,0,50#
8931,$JYJ,13321174988,20111101183519,116.438866,39.897942,429263118,147084852,13,170,1,1,50#
99938,$JYJ,13311453478,20111101184409,116.436500,39.892605,429254439,147065211,10,264,0,0,50#
69168,$JYJ,13381095548,20111101184251,116.433716,39.890797,429244171,147058559,4,354,1,1,50#
71333,$JYJ,13381095548,20111101184300,116.433487,39.891037,429243331,147059422,17,326,0,0,50#
80783,$JYJ,13301254129,20111101184818,116.430481,39.892117,429232280,147063434,0,100,0,0,50#
98946,$JYJ,13301254129,20111101184903,116.430702,39.892181,429233061,147063680,19,86,1,1,50#
36726,$JYJ,13311486556,20111101184628,116.438232,39.895992,429260776,147077673,0,78,0,0,50#
86311,$JYJ,13321164805,20111101184831,116.433220,39.893902,429242340,147070005,0,334,1,1,50#
52543,$JYJ,13301214668,20111101185711,116.432816,39.896290,429240878,147078791,10,332,0,0,50#
13973,$JYJ,13301214833,20111101185534,116.432587,39.896393,429240014,147079186,0,256,0,0,50#
78743,$JYJ,13381095549,20111101185814,116.431663,39.898403,429236643,147086610,15,298,1,1,50#
102997,$JYJ,13301214668,20111101190418,116.432632,39.896393,429240170,147079176,12,240,1,1,50#
88726,$JYJ,13301251480,20111101190342,116.438965,39.897377,429263494,147082781,8,190,0,0,50#
19268,$JYJ,13311453448,20111101190049,116.430916,39.892494,429233850,147064819,13,270,0,0,50#
35891,$JYJ,13331154743,20111101190132,116.436584,39.892544,429254734,147064978,0,0,1,1,50#
29840,$JYJ,13311162411,20111101190613,116.432869,39.892048,429241057,147063161,26,356,0,0,50#
104062,$JYJ,13311470301,20111101190922,116.433113,39.893734,429241944,147069386,19,354,1,1,50#
19534,$JYJ,13301214221,20111101191053,116.439735,39.892021,429266339,147063039,0,0,0,0,50#
45580,$JYJ,13311403642,20111101191156,116.432587,39.896370,429240038,147079084,0,0,0,0,50#
71061,$JYJ,13311403642,20111101191301,116.432747,39.896469,429240622,147079456,6,200,1,1,50#
94737,$JYJ,13321174827,20111101191357,116.439064,39.897060,429263865,147081601,0,10,0,0,50#
54374,$JYJ,13301214863,20111101191714,116.432884,39.896263,429241120,147078687,26,164,1,1,50#
28025,$JYJ,13311486380,20111101191612,116.436668,39.892201,429255030,147063711,8,162,1,1,50#
88901,$JYJ,13311486521,20111101191842,116.438889,39.897484,429263212,147083165,8,354,0,0,50#
67016,$JYJ,13321164897,20111101191743,116.432136,39.897255,429238369,147082345,0,232,0,0,50#
87603,$JYJ,13321164897,20111101191839,116.431885,39.896503,429237442,147079598,0,266,1,1,50#
23451,$JYJ,13321174827,20111101191556,116.439117,39.896690,429264057,147080236,17,180,1,1,50#
107364,$JYJ,13321174827,20111101191924,116.433113,39.892937,429241951,147066450,23,32,0,0,50#
51221,$JYJ,13321199724,20111101191708,116.433220,39.893036,429242343,147066816,0,46,0,0,50#
14657,$JYJ,13331100164,20111101191540,116.436546,39.894592,429254608,147072509,19,182,0,0,50#
50908,$JYJ,13331100164,20111101191709,116.436668,39.893822,429255048,147069689,19,176,1,1,50#
62472,$JYJ,13331194559,20111101191737,116.433014,39.895576,429241597,147076165,12,348,0,0,50#
66945,$JYJ,13301174942,20111101192248,116.434151,39.897694,429245776,147083967,43,104,1,1,50#
39053,$JYJ,13311480686,20111101192138,116.430283,39.896370,429231547,147079121,15,86,0,0,50#
89263,$JYJ,13311480686,20111101192344,116.432465,39.896458,429239572,147079436,0,0,1,1,50#
49148,$JYJ,13331194859,20111101192701,116.439880,39.892406,429266837,147064458,0,284,0,0,50#
11693,$JYJ,13301157404,20111101193032,116.435150,39.892368,429249433,147064346,38,268,0,0,50#
54890,$JYJ,13301157404,20111101193216,116.433220,39.893116,429242359,147067109,10,30,1,1,50#
83257,$JYJ,13321164515,20111101193330,116.436714,39.893803,429255190,147069593,12,214,0,0,50#
112515,$JYJ,13321164515,20111101193442,116.436684,39.892574,429255084,147065075,0,186,1,1,50#
32541,$JYJ,13301157404,20111101193624,116.436714,39.893803,429255199,147069594,8,182,1,1,50#
48194,$JYJ,13311426037,20111101194201,116.433067,39.892490,429241768,147064783,0,260,0,0,50#
8465,$JYJ,13370122453,20111101194019,116.430481,39.896385,429232261,147079168,28,270,1,1,50#
81012,$JYJ,13311453426,20111101194821,116.439033,39.892593,429263719,147065130,0,4,0,0,50#
35803,$JYJ,13331194863,20111101194627,116.432716,39.895805,429240479,147077026,0,224,1,1,50#
41351,$JYJ,13311453471,20111101195142,116.438904,39.895420,429263255,147075565,2,44,0,0,50#
69516,$JYJ,13311453471,20111101195255,116.438797,39.895508,429262890,147075870,0,44,1,1,50#
4303,$JYJ,13311495014,20111101195013,116.430931,39.892170,429233928,147063608,0,112,0,0,50#
87482,$JYJ,13301214032,20111101195914,116.437820,39.896122,429259284,147078170,17,358,0,0,50#
25591,$JYJ,13311403651,20111101195604,116.436714,39.892284,429255222,147063998,8,328,0,0,50#
75703,$JYJ,13321174686,20111101200315,116.432884,39.896107,429241119,147078130,10,358,1,1,50#
3590,$JYJ,13331063483,20111101200006,116.432518,39.895992,429239774,147077720,10,246,0,0,50#
73291,$JYJ,13311564124,20111101200806,116.438904,39.892704,429263256,147065561,8,316,0,0,50#
59126,$JYJ,13370129592,20111101200729,116.436752,39.892055,429255338,147063174,0,170,0,0,50#
75191,$JYJ,13311191485,20111101201304,116.433235,39.893963,429242401,147070211,10,348,0,0,50#
12048,$JYJ,13311431173,20111101201032,116.436981,39.897064,429256201,147081633,47,132,0,0,50#
58424,$JYJ,13311426189,20111101201723,116.433853,39.891064,429244688,147059544,0,28,0,0,50#
74703,$JYJ,13311426189,20111101201803,116.433800,39.891201,429244483,147060044,12,12,1,1,50#
90359,$JYJ,13311489667,20111101201843,116.432869,39.895843,429241079,147077151,21,172,0,0,50#
90970,$JYJ,13311492170,20111101201842,116.436264,39.894745,429253559,147073094,28,168,0,0,50#
36079,$JYJ,13301157143,20111101202128,116.436600,39.894672,429254791,147072803,8,182,0,0,50#
85410,$JYJ,13301157143,20111101202333,116.436615,39.892616,429254838,147065248,2,216,1,1,50#
88731,$JYJ,13311426454,20111101202342,116.436584,39.899658,429254723,147091202,63,0,3,0,50#
27600,$JYJ,13311489667,20111101202108,116.430733,39.892578,429233197,147065120,17,270,1,1,50#
55397,$JYJ,13331194954,20111101202217,116.433731,39.890793,429244229,147058519,0,350,1,1,50#
47951,$JYJ,13301204802,20111101202656,116.430283,39.899777,429231527,147091660,10,108,1,1,50#
4600,$JYJ,13311426397,20111101202513,116.433166,39.894962,429242132,147073910,4,344,1,1,50#
69298,$JYJ,13301254069,20111101203753,116.431480,39.892796,429235931,147065941,13,280,1,1,50#
101503,$JYJ,13311403753,20111101203908,116.436485,39.895908,429254375,147077385,0,176,0,0,50#
79539,$JYJ,13331156433,20111101203818,116.438446,39.894112,429261573,147070736,30,332,0,0,50#
62140,$JYJ,13381093084,20111101203732,116.438751,39.896091,429262711,147078044,32,84,0,0,50#
119627,$JYJ,13381093084,20111101203953,116.435364,39.892551,429250242,147064988,28,270,1,1,50#
92989,$JYJ,13301104037,20111101204405,116.436569,39.895527,429254678,147075960,17,176,0,0,50#
34411,$JYJ,13301214745,20111101204141,116.430298,39.892567,429231606,147065070,19,268,1,1,50#
85366,$JYJ,13311403753,20111101204346,116.431381,39.896469,429235598,147079461,12,266,1,1,50#
101699,$JYJ,13301104037,20111101204918,116.439766,39.893124,429266415,147067100,10,172,1,1,50#
46086,$JYJ,13301204802,20111101204654,116.430237,39.899036,429231388,147088943,4,138,0,0,50#
98624,$JYJ,13321164522,20111101204907,116.433113,39.894138,429241962,147070850,0,0,0,0,50#
28848,$JYJ,13321199349,20111101204616,116.431702,39.894165,429236753,147070959,4,260,0,0,50#
5478,$JYJ,13301204802,20111101205008,116.430718,39.896805,429233129,147080693,13,290,1,1,50#
110664,$JYJ,13301214186,20111101205441,116.430481,39.898621,429232279,147087418,0,0,0,0,50#
10280,$JYJ,13311426464,20111101205026,116.433632,39.890327,429243883,147056802,15,176,0,0,50#
69565,$JYJ,13311489429,20111101205259,116.430763,39.892662,429233322,147065440,8,264,1,1,50#
99457,$JYJ,13331063435,20111101205414,116.433968,39.891151,429245104,147059841,6,12,0,0,50#
106560,$JYJ,13331184797,20111101205428,116.438934,39.897564,429263368,147083471,17,178,1,1,50#
65767,$JYJ,13301214186,20111101205749,116.436737,39.894089,429255283,147070649,12,184,1,1,50#
35830,$JYJ,13301214404,20111101205628,116.436569,39.894428,429254692,147071933,12,178,1,1,50#
55667,$JYJ,13311487245,20111101205720,116.439201,39.892510,429264353,147064813,6,256,1,1,50#
91388,$JYJ,13301254201,20111101210346,116.438713,39.890698,429262552,147058157,19,358,1,1,50#
71046,$JYJ,13311489504,20111101210258,116.438797,39.890896,429262882,147058888,28,352,1,1,50#
23064,$JYJ,13331156466,20111101210055,116.438698,39.892700,429262512,147065534,21,354,1,1,50#
93802,$JYJ,13311403257,20111101210856,116.437431,39.898483,429257856,147086877,28,102,0,0,50#
105425,$JYJ,13331159413,20111101210921,116.431015,39.892750,429234251,147065762,0,90,0,0,50#
13742,$JYJ,13370126443,20111101210532,116.433334,39.893002,429242784,147066666,2,260,1,1,50#
48874,$JYJ,13301151417,20111101211155,116.438866,39.897587,429263130,147083555,10,174,1,1,50#
104197,$JYJ,13301214679,20111101211417,116.439117,39.895763,429264061,147076817,0,170,0,0,50#
28498,$JYJ,13301214839,20111101211111,116.439018,39.891304,429263691,147060394,0,10,1,1,50#
50220,$JYJ,13301254131,20111101211159,116.436401,39.894558,429254073,147072399,2,302,0,0,50#
7507,$JYJ,13311403493,20111101211019,116.439217,39.892132,429264417,147063439,19,92,1,1,50#
16100,$JYJ,13311403498,20111101211044,116.432335,39.896397,429239114,147079182,26,88,0,0,50#
80443,$JYJ,13311470433,20111101211322,116.436249,39.895016,429253511,147074098,0,174,0,0,50#
107126,$JYJ,13321164874,20111101211425,116.439064,39.895714,429263871,147076656,4,260,0,0,50#
116766,$JYJ,13321174713,20111101211451,116.438538,39.892090,429261931,147063275,10,92,0,0,50#
103578,$JYJ,13311403197,20111101211914,116.438934,39.890819,429263362,147058606,26,2,1,1,50#
81416,$JYJ,13311489549,20111101211816,116.432587,39.896156,429240018,147078322,19,198,1,1,50#
13563,$JYJ,13321174713,20111101211536,116.438675,39.892201,429262411,147063693,4,28,1,1,50#
111648,$JYJ,13301164965,20111101212428,116.438766,39.898689,429262746,147087610,0,330,0,0,50#
59065,$JYJ,13311403197,20111101212226,116.432282,39.896080,429238892,147078012,21,266,0,0,50#
89652,$JYJ,13311470372,20111101212335,116.438698,39.890865,429262488,147058764,10,6,1,1,50#
48430,$JYJ,13311486231,20111101212200,116.432968,39.895569,429241432,147076135,4,358,1,1,50#
71516,$JYJ,13321180246,20111101212252,116.438965,39.897121,429263504,147081848,0,356,0,0,50#
61719,$JYJ,13331194902,20111101212232,116.432701,39.896435,429240452,147079350,6,330,1,1,50#
79656,$JYJ,13301157234,20111101212815,116.431870,39.894203,429237375,147071108,19,256,0,0,50#
36468,$JYJ,13301164965,20111101212629,116.438965,39.896988,429263479,147081324,13,168,1,1,50#
95900,$JYJ,13311431589,20111101212858,116.436752,39.893688,429255362,147069180,6,164,1,1,50#
26233,$JYJ,13301157234,20111101213105,116.432831,39.892750,429240926,147065734,0,176,1,1,50#
58378,$JYJ,13301214612,20111101213222,116.430633,39.892517,429232850,147064918,28,270,1,1,50#
38303,$JYJ,13311426339,20111101213132,116.433449,39.892166,429243211,147063587,23,72,1,1,50#
20047,$JYJ,13311495292,20111101213053,116.436470,39.896107,429254299,147078118,12,194,0,0,50#
7352,$JYJ,13321189864,20111101213016,116.431068,39.892174,429234417,147063622,0,118,0,0,50#
108098,$JYJ,13331050124,20111101213421,116.439537,39.892147,429265601,147063499,0,106,0,0,50#
54425,$JYJ,13301104069,20111101213716,116.433067,39.894863,429241770,147073537,6,346,1,1,50#
104299,$JYJ,13301254253,20111101213919,116.439087,39.895721,429263924,147076685,0,174,0,0,50#
37686,$JYJ,13311488219,20111101213638,116.438187,39.896042,429260636,147077870,0,0,0,0,50#
116957,$JYJ,13331194044,20111101214455,116.432900,39.892883,429241150,147066250,0,330,0,0,50#
16615,$JYJ,13301150243,20111101214541,116.430618,39.892448,429232787,147064659,0,260,0,0,50#
37722,$JYJ,13301151417,20111101215131,116.439087,39.893406,429263938,147068139,0,358,0,0,50#
73418,$JYJ,13301214811,20111101215306,116.439392,39.893623,429265045,147068922,2,24,0,0,50#
118344,$JYJ,13311403483,20111101215453,116.432381,39.897003,429239271,147081420,0,338,0,0,50#
849,$JYJ,13311403711,20111101215001,116.432564,39.896790,429239945,147080634,17,154,1,1,50#
28873,$JYJ,13381095784,20111101215112,116.432365,39.897255,429239225,147082361,8,174,0,0,50#
26904,$JYJ,13311403483,20111101215608,116.432365,39.897064,429239195,147081663,13,334,1,1,50#
24665,$JYJ,13311470488,20111101215602,116.432686,39.892078,429240369,147063269,25,86,1,1,50#
81321,$JYJ,13311488209,20111101215826,116.430588,39.892513,429232664,147064904,0,0,0,0,50#
77726,$JYJ,13311487101,20111101220316,116.432854,39.892971,429241021,147066565,8,188,1,1,50#
62033,$JYJ,13311488209,20111101220236,116.430588,39.892513,429232647,147064900,0,0,1,1,50#
72442,$JYJ,13311492067,20111101220300,116.439735,39.891258,429266325,147060199,0,318,1,1,50#
41221,$JYJ,13331187106,20111101220147,116.431152,39.892181,429234744,147063648,17,82,1,1,50#
75219,$JYJ,13301214851,20111101221306,116.432915,39.895599,429241233,147076261,17,170,1,1,50#
18655,$JYJ,13311492322,20111101221045,116.436218,39.894344,429253390,147071621,17,178,0,0,50#
57369,$JYJ,13311492322,20111101221222,116.436684,39.893700,429255108,147069225,10,166,1,1,50#
22703,$JYJ,13331156492,20111101221054,116.437882,39.892132,429259504,147063430,0,206,0,0,50#
87462,$JYJ,13311426435,20111101221832,116.436531,39.895283,429254525,147075069,0,166,0,0,50#
101298,$JYJ,13311026459,20111101222408,116.430298,39.898823,429231610,147088163,19,138,1,1,50#
3347,$JYJ,13311470404,20111101222007,116.437653,39.892506,429258677,147064838,12,270,1,1,50#
77084,$JYJ,13331156429,20111101222307,116.433647,39.890022,429243924,147055695,2,176,0,0,50#
103997,$JYJ,13311492200,20111101222918,116.433800,39.890060,429244463,147055828,0,188,0,0,50#
33102,$JYJ,13331154900,20111101222618,116.439003,39.893936,429263620,147070078,4,304,0,0,50#
93471,$JYJ,13331154900,20111101222847,116.439415,39.893787,429265160,147069550,12,164,1,1,50#
5280,$JYJ,13381069974,20111101222511,116.436500,39.892544,429254432,147064963,6,266,1,1,50#
52917,$JYJ,13311487204,20111101223216,116.431747,39.892166,429236909,147063605,21,78,1,1,50#
20897,$JYJ,13331189774,20111101223556,116.432785,39.891666,429240732,147061752,0,170,0,0,50#
75177,$JYJ,13301214012,20111101224304,116.439102,39.896439,429263996,147079315,0,356,0,0,50#
3069,$JYJ,13301214012,20111101224503,116.439369,39.894062,429264985,147070565,13,184,1,1,50#
103006,$JYJ,13311426448,20111101224910,116.432548,39.896999,429239893,147081425,6,164,0,0,50#
71956,$JYJ,13311492233,20111101224757,116.431450,39.891949,429235829,147062799,2,108,1,1,50#
38705,$JYJ,13331188543,20111101224637,116.438835,39.898586,429263017,147087240,12,356,0,0,50#
92460,$JYJ,13331188543,20111101224847,116.439308,39.893558,429264754,147068681,10,174,1,1,50#
16563,$JYJ,13311426448,20111101225039,116.432548,39.896523,429239885,147079662,10,252,1,1,50#
26325,$JYJ,13331184976,20111101225103,116.436401,39.894451,429254060,147072008,10,174,0,0,50#
11419,$JYJ,13301214012,20111101225528,116.433716,39.890892,429244178,147058882,23,334,1,1,50#
56403,$JYJ,13311495399,20111101225726,116.436737,39.893715,429255292,147069302,8,188,0,0,50#
34060,$JYJ,13321191574,20111101225626,116.430183,39.894157,429231174,147070950,0,78,0,0,50#
109816,$JYJ,13321191574,20111101225935,116.432747,39.892700,429240589,147065568,12,176,1,1,50#
7331,$JYJ,13321199542,20111101225522,116.430534,39.892502,429232468,147064860,0,278,0,0,50#
99260,$JYJ,13301214151,20111101230407,116.439568,39.896378,429265715,147079071,21,6,0,0,50#
27584,$JYJ,13301214151,20111101230608,116.439064,39.897064,429263847,147081634,8,206,1,1,50#
25921,$JYJ,13311403320,20111101230604,116.436699,39.892288,429255158,147064026,0,108,0,0,50#
115321,$JYJ,13301214795,20111101231443,116.432999,39.892971,429241552,147066580,15,180,1,1,50#
96559,$JYJ,13311431088,20111101231400,116.436691,39.894207,429255118,147071085,15,176,1,1,50#
19632,$JYJ,13311470495,20111101231048,116.431969,39.896145,429237766,147078270,13,252,1,1,50#
17517,$JYJ,13311431244,20111101231542,116.438133,39.896267,429260408,147078696,19,342,1,1,50#
39437,$JYJ,13331156498,20111101231639,116.431114,39.892521,429234597,147064925,8,288,1,1,50#
33903,$JYJ,13311426470,20111101232123,116.430496,39.892239,429232331,147063885,0,128,0,0,50#
26214,$JYJ,13321180432,20111101232103,116.432533,39.896942,429239804,147081207,0,174,0,0,50#
108051,$JYJ,13381100934,20111101232429,116.433220,39.893486,429242357,147068449,25,0,0,0,50#
5629,$JYJ,13301214480,20111101233013,116.439430,39.890758,429265194,147058383,21,278,1,1,50#
34294,$JYJ,13311487126,20111101233128,116.439094,39.895756,429263974,147076798,12,166,0,0,50#
96940,$JYJ,13311191432,20111101233903,116.436546,39.895977,429254575,147077611,0,180,0,0,50#
20463,$JYJ,13311453377,20111101233556,116.433792,39.890129,429244437,147056096,2,172,0,0,50#
7831,$JYJ,13331194674,20111101233523,116.433197,39.893143,429242264,147067180,13,26,1,1,50#
2641,$JYJ,13301174988,20111101234004,116.435532,39.897492,429250862,147083224,13,94,0,0,50#
30020,$JYJ,13301174988,20111101234113,116.436699,39.894104,429255147,147070728,13,146,1,1,50#
79714,$JYJ,13311191432,20111101234322,116.432983,39.896145,429241474,147078270,0,2,1,1,50#
114532,$JYJ,13311470315,20111101235452,116.430748,39.892578,429233257,147065141,2,272,0,0,50#
59139,$JYJ,13311022974,20111101235734,116.436295,39.894428,429253647,147071911,0,0,0,0,50#
32105,$JYJ,13311487291,20111101235620,116.438934,39.892208,429263357,147063732,12,354,1,1,50#
58748,$JYJ,13331156483,20111101235727,116.433815,39.890266,429244534,147056573,0,0,0,0,50#
112234,$JYJ,13381083473,20111101235951,116.438568,39.890228,429262032,147056416,34,24,1,1,50#
113933,$JYJ,13381083473,20111101235956,116.438820,39.890636,429262944,147057913,34,16,0,0,50#
