31398,$JYJ,13311426041,20111101000134,116.430763,39.961697,429233345,147319927,17,222,1,1,50#
15244,$JYJ,13331188574,20111101000041,116.436485,39.964458,429254414,147330102,8,346,0,0,50#
37609,$JYJ,13311191417,20111101000700,116.430603,39.961292,429232770,147318461,4,68,0,0,50#
4373,$JYJ,13331188574,20111101000516,116.432785,39.966900,429240784,147339123,4,300,1,1,50#
61014,$JYJ,13370122425,20111101000804,116.437370,39.963921,429257672,147328096,28,306,1,1,50#
53577,$JYJ,13321164775,20111101001240,116.436668,39.964367,429255060,147329739,13,308,0,0,50#
22776,$JYJ,13321180431,20111101001108,116.430237,39.968185,429231413,147343852,0,0,0,0,50#
44093,$JYJ,13321180431,20111101001214,116.430237,39.968185,429231411,147343862,0,0,0,0,50#
28494,$JYJ,13321199334,20111101001122,116.432800,39.969631,429240838,147349184,6,354,0,0,50#
45106,$JYJ,13311426336,20111101001720,116.431801,39.969036,429237147,147346999,12,112,0,0,50#
86674,$JYJ,13311470430,20111101001928,116.432900,39.966847,429241216,147338900,10,16,0,0,50#
42234,$JYJ,13311495164,20111101001713,116.432602,39.963123,429240126,147325194,0,32,0,0,50#
399,$JYJ,13311495349,20111101001459,116.436852,39.963524,429255743,147326639,0,0,0,0,50#
1534,$JYJ,13311495349,20111101001503,116.436852,39.963524,429255754,147326651,0,0,0,0,50#
35589,$JYJ,13311495349,20111101001652,116.436852,39.963524,429255743,147326656,0,0,0,0,50#
53346,$JYJ,13321164867,20111101001744,116.437149,39.963337,429256858,147325948,4,100,0,0,50#
474,$JYJ,13331187139,20111101001500,116.437233,39.967094,429257155,147339787,0,0,0,0,50#
63286,$JYJ,13311426041,20111101002318,116.430901,39.961597,429233863,147319585,8,40,0,0,50#
51089,$JYJ,13381083449,20111101002240,116.430618,39.961891,429232800,147320658,0,138,0,0,50#
7978,$JYJ,13311403525,20111101002519,116.432747,39.966293,429240628,147336866,10,118,1,1,50#
44935,$JYJ,13331194466,20111101003220,116.436668,39.964344,429255075,147329680,15,306,1,1,50#
61954,$JYJ,13311453300,20111101003759,116.431953,39.960911,429237714,147317022,21,128,1,1,50#
15197,$JYJ,13311453468,20111101003545,116.430939,39.963509,429233971,147326625,0,0,0,0,50#
86974,$JYJ,13331184976,20111101003920,116.436920,39.963478,429256009,147326461,13,100,1,1,50#
36421,$JYJ,13311487153,20111101004147,116.432182,39.966671,429238559,147338255,28,128,0,0,50#
8707,$JYJ,13370122470,20111101004022,116.433998,39.965870,429245241,147335317,62,308,3,0,50#
37590,$JYJ,13311480699,20111101005151,116.437256,39.963970,429257226,147328272,0,0,0,0,50#
19958,$JYJ,13311495013,20111101010057,116.432854,39.966854,429241046,147338941,17,312,1,1,50#
32777,$JYJ,13331187059,20111101010134,116.432648,39.960693,429240261,147316222,0,134,0,0,50#
27920,$JYJ,13321164906,20111101010622,116.430534,39.967587,429232512,147341634,10,108,1,1,50#
75034,$JYJ,13331187059,20111101011349,116.432983,39.966885,429241504,147339035,2,234,1,1,50#
31163,$JYJ,13301104098,20111101011633,116.431168,39.961594,429234840,147319567,2,138,1,1,50#
59500,$JYJ,13311488219,20111101012308,116.439369,39.967491,429264997,147341255,0,0,0,0,50#
20325,$JYJ,13331184989,20111101012103,116.432739,39.966320,429240621,147336985,8,134,1,1,50#
9846,$JYJ,13311024114,20111101014031,116.439163,39.960033,429264229,147313758,17,36,1,1,50#
36542,$JYJ,13321164606,20111101015702,116.437080,39.963440,429256596,147326345,0,142,1,1,50#
51099,$JYJ,13311453435,20111101020752,116.436058,39.964157,429252823,147328969,0,0,0,0,50#
73708,$JYJ,13311453435,20111101020910,116.436058,39.964157,429252844,147328992,0,0,0,0,50#
83836,$JYJ,13311480667,20111101020941,116.432548,39.962849,429239901,147324159,8,54,0,0,50#
60157,$JYJ,13311453341,20111101021322,116.432816,39.966900,429240913,147339120,0,310,1,1,50#
71814,$JYJ,13321183485,20111101021904,116.430069,39.962109,429230780,147321467,0,0,1,1,50#
60288,$JYJ,13321164525,20111101022825,116.430130,39.966358,429231006,147337130,21,12,0,0,50#
53149,$JYJ,13301254389,20111101024303,116.439651,39.962685,429266038,147323520,13,318,1,1,50#
56847,$JYJ,13321180431,20111101024821,116.431152,39.967815,429234780,147342476,0,0,0,0,50#
58433,$JYJ,13321180431,20111101024826,116.431152,39.967815,429234795,147342505,0,0,0,0,50#
11716,$JYJ,13331035494,20111101024541,116.430267,39.962013,429231511,147321108,10,124,1,1,50#
39981,$JYJ,13321180431,20111101025222,116.431152,39.967815,429234792,147342503,0,0,0,0,50#
53587,$JYJ,13321180431,20111101025310,116.431152,39.967815,429234790,147342496,0,0,0,0,50#
54554,$JYJ,13321180431,20111101025314,116.431152,39.967815,429234779,147342474,0,0,0,0,50#
26467,$JYJ,13311162446,20111101025632,116.435883,39.969574,429252164,147348961,0,48,0,0,50#
66107,$JYJ,13321174659,20111101025853,116.432663,39.960487,429240324,147315462,34,130,1,1,50#
14431,$JYJ,13321180431,20111101025550,116.431152,39.967815,429234790,147342501,0,0,0,0,50#
17253,$JYJ,13321180431,20111101025600,116.431152,39.967815,429234766,147342501,0,0,0,0,50#
18213,$JYJ,13321180431,20111101025605,116.431152,39.967815,429234784,147342506,0,0,0,0,50#
26877,$JYJ,13321180431,20111101025635,116.431152,39.967815,429234769,147342484,0,0,0,0,50#
1710,$JYJ,13301157431,20111101030001,116.431686,39.967140,429236750,147340009,2,120,0,0,50#
70617,$JYJ,13311480750,20111101030415,116.432083,39.960705,429238188,147316277,6,132,1,1,50#
63164,$JYJ,13331035494,20111101033851,116.430084,39.962040,429230849,147321197,0,0,0,0,50#
72896,$JYJ,13331035494,20111101035435,116.430084,39.962040,429230848,147321211,0,0,0,0,50#
78205,$JYJ,13331035494,20111101035455,116.430084,39.962040,429230847,147321189,0,0,0,0,50#
11521,$JYJ,13301155384,20111101041540,116.436317,39.962826,429253795,147324086,0,42,0,0,50#
1422,$JYJ,13311403483,20111101042505,116.437164,39.964008,429256912,147328427,25,308,1,1,50#
9696,$JYJ,13321164604,20111101042532,116.431419,39.961674,429235771,147319839,4,190,0,0,50#
32723,$JYJ,13311470456,20111101050156,116.437218,39.963997,429257074,147328397,17,310,0,0,50#
5220,$JYJ,13311162439,20111101051018,116.433769,39.965492,429244405,147333916,4,130,1,1,50#
19215,$JYJ,13331035494,20111101051104,116.430084,39.962040,429230850,147321200,0,0,0,0,50#
21428,$JYJ,13331035494,20111101051115,116.430084,39.962040,429230862,147321196,0,0,1,1,50#
15512,$JYJ,13311470464,20111101052052,116.432617,39.966564,429240147,147337862,0,0,0,0,50#
55431,$JYJ,13301209546,20111101052805,116.433647,39.967628,429243952,147341799,12,6,1,1,50#
22071,$JYJ,13311470464,20111101053614,116.432617,39.966564,429240172,147337886,0,0,0,0,50#
26292,$JYJ,13311470464,20111101053628,116.432617,39.966564,429240168,147337887,0,0,0,0,50#
27967,$JYJ,13301125472,20111101054133,116.430466,39.961819,429232240,147320379,4,152,1,1,50#
79649,$JYJ,13311470456,20111101054419,116.437569,39.963818,429258379,147327729,6,304,1,1,50#
4375,$JYJ,13311426440,20111101054513,116.433441,39.966476,429243209,147337533,0,0,1,1,50#
42564,$JYJ,13311470464,20111101054713,116.432617,39.966564,429240175,147337879,0,0,0,0,50#
47729,$JYJ,13311470464,20111101054734,116.432617,39.966564,429240174,147337887,0,0,0,0,50#
82201,$JYJ,13381083431,20111101054920,116.430336,39.968201,429231779,147343924,0,298,1,1,50#
44829,$JYJ,13311470464,20111101055223,116.432617,39.966564,429240153,147337867,0,0,0,0,50#
21428,$JYJ,13311470377,20111101055606,116.439552,39.965939,429265675,147335516,0,0,0,0,50#
22550,$JYJ,13311470377,20111101055610,116.439552,39.965939,429265665,147335524,0,0,0,0,50#
16897,$JYJ,13311470377,20111101060054,116.439552,39.965939,429265664,147335541,0,0,0,0,50#
23710,$JYJ,13311470377,20111101060115,116.439506,39.965683,429265509,147334580,10,186,1,1,50#
6313,$JYJ,13311470464,20111101060020,116.432617,39.966564,429240177,147337875,0,0,0,0,50#
64359,$JYJ,13381077449,20111101060323,116.437431,39.963882,429257897,147327967,2,310,1,1,50#
29358,$JYJ,13381078247,20111101060133,116.430023,39.967766,429230632,147342307,21,104,1,1,50#
48166,$JYJ,13311487149,20111101061722,116.439217,39.964344,429264434,147329635,2,2,1,1,50#
49315,$JYJ,13331194135,20111101061730,116.434815,39.962483,429248255,147322828,0,270,0,0,50#
81976,$JYJ,13331093461,20111101062407,116.433731,39.960358,429244250,147314994,43,40,1,1,50#
69042,$JYJ,13311495349,20111101062826,116.439850,39.961681,429266769,147319817,15,128,1,1,50#
54147,$JYJ,13311403397,20111101063236,116.430099,39.962238,429230903,147321951,17,136,1,1,50#
100255,$JYJ,13301125045,20111101064447,116.430283,39.968246,429231562,147344093,13,274,1,1,50#
21159,$JYJ,13311403093,20111101064705,116.430969,39.967785,429234101,147342368,6,268,1,1,50#
73941,$JYJ,13331184984,20111101065438,116.434799,39.969029,429248189,147346934,13,220,1,1,50#
76783,$JYJ,13331194226,20111101065442,116.430367,39.967712,429231876,147342115,28,104,1,1,50#
74974,$JYJ,13311403130,20111101065835,116.438003,39.963543,429259990,147326707,8,304,1,1,50#
34837,$JYJ,13311403543,20111101065638,116.437866,39.963566,429259494,147326801,0,320,1,1,50#
9232,$JYJ,13311470456,20111101065522,116.437553,39.963879,429258308,147327931,0,296,1,1,50#
85083,$JYJ,13311486269,20111101065908,116.432732,39.966911,429240580,147339155,19,306,1,1,50#
57766,$JYJ,13311486587,20111101065747,116.433250,39.960083,429242472,147313968,28,134,1,1,50#
38565,$JYJ,13301157408,20111101070151,116.437439,39.963875,429257907,147327947,0,0,0,0,50#
57949,$JYJ,13301157408,20111101070246,116.437439,39.963875,429257886,147327941,0,0,0,0,50#
99269,$JYJ,13311021074,20111101070442,116.431114,39.967384,429234616,147340916,32,122,0,0,50#
69342,$JYJ,13311021074,20111101070819,116.430664,39.961391,429232993,147318827,13,38,1,1,50#
81844,$JYJ,13311431094,20111101070855,116.432983,39.966854,429241521,147338931,0,252,1,1,50#
19990,$JYJ,13331035494,20111101071057,116.431694,39.961140,429236779,147317884,15,304,1,1,50#
16453,$JYJ,13331154868,20111101071544,116.434235,39.965877,429246097,147335331,15,302,1,1,50#
91250,$JYJ,13301214155,20111101072425,116.431000,39.961765,429234201,147320172,15,38,1,1,50#
78592,$JYJ,13311470409,20111101073350,116.432915,39.966927,429241272,147339196,0,0,0,0,50#
67304,$JYJ,13381096694,20111101073315,116.438103,39.963779,429260368,147327564,6,330,0,0,50#
80223,$JYJ,13381096694,20111101073352,116.438454,39.963326,429261648,147325911,8,286,1,1,50#
6422,$JYJ,13311162414,20111101073518,116.437851,39.963543,429259441,147326705,13,300,1,1,50#
39980,$JYJ,13311403482,20111101073655,116.434074,39.964352,429245532,147329691,0,0,0,0,50#
20192,$JYJ,13311486553,20111101073554,116.438881,39.962818,429263227,147324041,25,312,0,0,50#
10135,$JYJ,13321174827,20111101073529,116.432518,39.967033,429239789,147339610,30,310,1,1,50#
44258,$JYJ,13381102204,20111101073704,116.437370,39.963901,429257658,147328015,13,310,1,1,50#
14654,$JYJ,13311470409,20111101074041,116.432915,39.966927,429241279,147339220,0,0,0,0,50#
20127,$JYJ,13311470409,20111101074057,116.432915,39.966927,429241242,147339221,0,0,0,0,50#
52205,$JYJ,13311470464,20111101074229,116.432617,39.966564,429240186,147337879,0,0,0,0,50#
61816,$JYJ,13311470464,20111101074259,116.432617,39.966564,429240164,147337864,0,0,0,0,50#
87693,$JYJ,13301157284,20111101074912,116.430534,39.962158,429232506,147321637,13,234,2,0,50#
47030,$JYJ,13311488125,20111101074714,116.431397,39.967785,429235662,147342386,21,302,1,1,50#
6877,$JYJ,13311495251,20111101074518,116.432098,39.966763,429238234,147338621,0,176,1,1,50#
89248,$JYJ,13311495391,20111101074916,116.431931,39.961037,429237642,147317501,8,318,0,0,50#
72489,$JYJ,13331194971,20111101074829,116.433449,39.966938,429243237,147339247,58,152,1,1,50#
92282,$JYJ,13370129592,20111101074924,116.431198,39.967796,429234934,147342434,6,302,0,0,50#
66317,$JYJ,13301152479,20111101075310,116.432136,39.967228,429238379,147340318,32,306,1,1,50#
25720,$JYJ,13301214454,20111101075111,116.430450,39.968079,429232196,147343464,28,300,1,1,50#
42545,$JYJ,13311470409,20111101075201,116.432915,39.966927,429241253,147339190,0,0,0,0,50#
68575,$JYJ,13311470409,20111101075316,116.432915,39.966927,429241267,147339201,0,0,0,0,50#
6605,$JYJ,13311495391,20111101075014,116.431702,39.961182,429236810,147318019,0,326,1,1,50#
72779,$JYJ,13331194454,20111101075325,116.430786,39.967960,429233439,147343026,0,294,1,1,50#
7899,$JYJ,13331194905,20111101075019,116.437698,39.963707,429258862,147327297,12,302,1,1,50#
57894,$JYJ,13311426268,20111101075748,116.434967,39.965420,429248815,147333640,21,302,1,1,50#
31215,$JYJ,13311470409,20111101075627,116.432915,39.966927,429241247,147339193,0,0,0,0,50#
44493,$JYJ,13311470409,20111101075706,116.432915,39.966927,429241241,147339207,0,0,0,0,50#
87152,$JYJ,13311470409,20111101075912,116.432915,39.966927,429241277,147339220,0,0,0,0,50#
82534,$JYJ,13331194348,20111101075855,116.435753,39.964889,429251696,147331685,15,312,1,1,50#
63181,$JYJ,13311403389,20111101080256,116.431137,39.967827,429234726,147342532,36,300,1,1,50#
26875,$JYJ,13311431596,20111101080111,116.437202,39.963993,429257053,147328373,30,304,1,1,50#
1384,$JYJ,13311470409,20111101080004,116.432808,39.966976,429240877,147339388,12,298,1,1,50#
7356,$JYJ,13311470464,20111101080020,116.432617,39.966564,429240165,147337856,0,0,0,0,50#
1564,$JYJ,13331063492,20111101080000,116.435715,39.962051,429251572,147321220,0,52,0,0,50#
76399,$JYJ,13381069374,20111101080331,116.437553,39.963802,429258338,147327674,15,294,1,1,50#
39935,$JYJ,13381069594,20111101080155,116.437370,39.963909,429257652,147328057,13,304,1,1,50#
51112,$JYJ,13301214634,20111101080751,116.434914,39.965362,429248627,147333424,13,306,1,1,50#
72328,$JYJ,13331154930,20111101080901,116.435913,39.964775,429252275,147331273,17,306,1,1,50#
79603,$JYJ,13301214525,20111101081414,116.434982,39.968952,429248884,147346668,23,54,1,1,50#
5136,$JYJ,13311403507,20111101081014,116.439835,39.960777,429266703,147316511,0,228,0,0,50#
63972,$JYJ,13331154706,20111101081325,116.437599,39.963802,429258499,147327649,0,318,1,1,50#
55384,$JYJ,13311403036,20111101081826,116.437149,39.967178,429256854,147340121,8,64,0,0,50#
37824,$JYJ,13311426498,20111101081721,116.430885,39.961391,429233768,147318823,13,128,1,1,50#
62887,$JYJ,13321174662,20111101081857,116.439453,39.960453,429265306,147315290,4,208,1,1,50#
32233,$JYJ,13321164817,20111101082145,116.437614,39.963783,429258568,147327605,17,324,1,1,50#
1704,$JYJ,13331159455,20111101082002,116.437347,39.963856,429257589,147327855,10,304,1,1,50#
53686,$JYJ,13311426258,20111101082754,116.437515,39.963863,429258191,147327885,6,316,1,1,50#
87127,$JYJ,13321164790,20111101082935,116.433037,39.968067,429241727,147343425,2,226,0,0,50#
91783,$JYJ,13331194462,20111101082949,116.433350,39.966690,429242842,147338332,26,40,1,1,50#
29330,$JYJ,13311426140,20111101083120,116.436447,39.964466,429254236,147330110,12,318,1,1,50#
55768,$JYJ,13331063434,20111101083257,116.437431,39.963718,429257891,147327358,15,304,1,1,50#
26779,$JYJ,13331194108,20111101083119,116.432831,39.966881,429240961,147339045,15,308,1,1,50#
39083,$JYJ,13311431082,20111101083709,116.430252,39.968174,429231475,147343808,12,282,1,1,50#
81146,$JYJ,13311486259,20111101083843,116.439316,39.962555,429264826,147323070,39,308,1,1,50#
69607,$JYJ,13311486278,20111101083847,116.439903,39.961101,429266963,147317682,8,256,0,0,50#
34029,$JYJ,13311566844,20111101083647,116.432701,39.963112,429240491,147325129,0,42,0,0,50#
58185,$JYJ,13311566844,20111101083805,116.430931,39.961632,429233937,147319690,12,218,1,1,50#
78204,$JYJ,13321164839,20111101083910,116.439903,39.960987,429266989,147317267,0,222,0,0,50#
61864,$JYJ,13301251478,20111101084320,116.432053,39.967037,429238074,147339605,0,192,0,0,50#
36285,$JYJ,13311021504,20111101084155,116.437553,39.963791,429258338,147327632,4,314,1,1,50#
21334,$JYJ,13321164839,20111101084109,116.439903,39.960999,429266984,147317318,0,196,1,1,50#
47138,$JYJ,13301251478,20111101084758,116.437065,39.963455,429256525,147326396,12,118,1,1,50#
18762,$JYJ,13311495215,20111101084625,116.433403,39.967262,429243043,147340435,0,48,1,1,50#
65522,$JYJ,13301156413,20111101085337,116.439613,39.960678,429265885,147316133,10,220,0,0,50#
78447,$JYJ,13301156413,20111101085424,116.439598,39.960670,429265861,147316114,4,206,1,1,50#
82755,$JYJ,13311486228,20111101085434,116.437065,39.963783,429256548,147327609,0,130,0,0,50#
53495,$JYJ,13311486532,20111101085256,116.430000,39.967747,429230542,147342247,10,112,1,1,50#
6056,$JYJ,13370122491,20111101085019,116.432251,39.966831,429238799,147338858,25,128,1,1,50#
6534,$JYJ,13311486228,20111101085515,116.437065,39.963783,429256514,147327605,0,118,1,1,50#
32461,$JYJ,13311495028,20111101085652,116.439651,39.960426,429266060,147315220,8,230,0,0,50#
15569,$JYJ,13321180245,20111101085543,116.437332,39.963913,429257511,147328087,13,314,1,1,50#
24747,$JYJ,13311022004,20111101090120,116.431450,39.961266,429235869,147318359,15,308,1,1,50#
54756,$JYJ,13311486522,20111101090320,116.436897,39.962963,429255929,147324557,0,40,1,1,50#
38814,$JYJ,13311492226,20111101090223,116.435036,39.965309,429249081,147333248,19,302,1,1,50#
27415,$JYJ,13331156417,20111101090129,116.439835,39.961662,429266737,147319776,0,130,0,0,50#
61638,$JYJ,13381069234,20111101090340,116.439583,39.960533,429265780,147315587,26,224,0,0,50#
18889,$JYJ,13301157374,20111101090559,116.439468,39.960442,429265380,147315272,0,228,0,0,50#
9660,$JYJ,13311162414,20111101090534,116.431747,39.966988,429236977,147339447,2,118,1,1,50#
44908,$JYJ,13311431078,20111101090733,116.434181,39.965897,429245917,147335392,8,306,1,1,50#
27943,$JYJ,13311431252,20111101090631,116.439301,39.960285,429264751,147314698,19,220,0,0,50#
2292,$JYJ,13311431267,20111101090503,116.439468,39.960476,429265379,147315379,4,224,0,0,50#
78657,$JYJ,13311431600,20111101090929,116.431152,39.961323,429234766,147318561,2,306,1,1,50#
50712,$JYJ,13311489343,20111101090753,116.431519,39.967182,429236118,147340168,0,110,0,0,50#
50854,$JYJ,13311489343,20111101090756,116.431519,39.967182,429236127,147340155,0,110,1,1,50#
25520,$JYJ,13321199694,20111101090624,116.433716,39.966351,429244203,147337088,0,314,1,1,50#
18695,$JYJ,13331154945,20111101090603,116.432030,39.960770,429238011,147316527,8,110,0,0,50#
81164,$JYJ,13331154945,20111101090933,116.432602,39.960346,429240116,147314959,2,154,1,1,50#
59073,$JYJ,13301204953,20111101091304,116.432816,39.966835,429240889,147338852,0,284,1,1,50#
65750,$JYJ,13301277595,20111101091319,116.439835,39.960812,429266711,147316637,0,206,0,0,50#
80609,$JYJ,13311489696,20111101091407,116.432510,39.966450,429239777,147337435,0,0,0,0,50#
81036,$JYJ,13311489696,20111101091411,116.432510,39.966450,429239772,147337461,0,0,0,0,50#
50776,$JYJ,13311570484,20111101091234,116.439651,39.960705,429266052,147316219,15,212,0,0,50#
63823,$JYJ,13331156435,20111101091314,116.432282,39.967216,429238938,147340280,10,300,1,1,50#
56703,$JYJ,13331194859,20111101091253,116.439499,39.960705,429265499,147316248,0,228,0,0,50#
2832,$JYJ,13381077418,20111101091005,116.439430,39.960472,429265223,147315361,0,218,0,0,50#
980,$JYJ,13381271943,20111101091002,116.436249,39.962696,429253534,147323579,15,64,1,1,50#
21225,$JYJ,13301157402,20111101091604,116.439880,39.960865,429266896,147316832,6,222,0,0,50#
69639,$JYJ,13311431210,20111101091839,116.439636,39.960606,429265965,147315860,6,220,0,0,50#
22941,$JYJ,13311489606,20111101091610,116.439430,39.961903,429265235,147320632,4,42,0,0,50#
67605,$JYJ,13311492097,20111101092342,116.433937,39.966007,429245040,147335826,30,310,0,0,50#
1636,$JYJ,13321164829,20111101092005,116.436737,39.963982,429255340,147328341,30,272,1,1,50#
50009,$JYJ,13331194135,20111101092249,116.439468,39.960632,429265375,147315968,4,230,0,0,50#
29228,$JYJ,13301277593,20111101093128,116.438820,39.962913,429263004,147324387,8,308,1,1,50#
16439,$JYJ,13311431299,20111101093053,116.435684,39.965897,429251468,147335410,6,238,1,1,50#
54727,$JYJ,13311431299,20111101093256,116.435684,39.965889,429251470,147335368,0,12,0,0,50#
90248,$JYJ,13311453209,20111101093448,116.432945,39.966865,429241382,147338982,0,0,0,0,50#
93278,$JYJ,13311486229,20111101093458,116.433632,39.966305,429243901,147336896,0,326,0,0,50#
60598,$JYJ,13311564436,20111101093310,116.431137,39.961861,429234709,147320523,19,38,1,1,50#
70548,$JYJ,13311566412,20111101093339,116.434631,39.961193,429247591,147318064,6,32,1,1,50#
463,$JYJ,13311572540,20111101093000,116.439217,39.960331,429264426,147314871,6,218,0,0,50#
17485,$JYJ,13311572540,20111101093056,116.439117,39.960155,429264089,147314222,19,224,1,1,50#
677,$JYJ,13311576554,20111101092958,116.439835,39.960648,429266722,147316006,8,214,0,0,50#
19427,$JYJ,13321164341,20111101093057,116.433746,39.967735,429244300,147342177,25,32,0,0,50#
58506,$JYJ,13321164441,20111101093305,116.437836,39.963661,429259384,147327157,0,326,1,1,50#
36575,$JYJ,13321164484,20111101093155,116.436165,39.964550,429253206,147330428,21,308,1,1,50#
60978,$JYJ,13381101604,20111101093311,116.439247,39.960331,429264561,147314840,12,218,0,0,50#
46712,$JYJ,13301209491,20111101093734,116.432449,39.966999,429239526,147339491,26,314,1,1,50#
70923,$JYJ,13301214473,20111101093851,116.438400,39.963192,429261432,147325418,6,318,0,0,50#
81193,$JYJ,13311426489,20111101093922,116.430466,39.961842,429232240,147320484,0,88,1,1,50#
65919,$JYJ,13311453209,20111101093841,116.432945,39.966865,429241379,147338984,0,0,0,0,50#
13937,$JYJ,13311487237,20111101093541,116.433586,39.967758,429243713,147342254,6,216,0,0,50#
32338,$JYJ,13311489696,20111101093649,116.432510,39.966450,429239789,147337440,0,0,0,0,50#
40206,$JYJ,13311489696,20111101093719,116.432457,39.966309,429239596,147336930,10,126,1,1,50#
37095,$JYJ,13321164421,20111101093703,116.430466,39.968071,429232243,147343439,0,326,0,0,50#
78904,$JYJ,13321164421,20111101093914,116.430298,39.968166,429231628,147343796,0,306,1,1,50#
42695,$JYJ,13331154804,20111101093727,116.433769,39.960110,429244382,147314083,23,44,1,1,50#
4204,$JYJ,13381083477,20111101093513,116.432831,39.966793,429240940,147338728,6,324,0,0,50#
80709,$JYJ,13381235425,20111101093920,116.439636,39.961758,429265969,147320114,0,130,0,0,50#
10049,$JYJ,13311453209,20111101094031,116.432945,39.966865,429241372,147338994,0,0,1,1,50#
75651,$JYJ,13331154884,20111101094354,116.439430,39.960575,429265230,147315756,2,208,0,0,50#
55939,$JYJ,13311403232,20111101094751,116.436485,39.969978,429254396,147350433,17,228,1,1,50#
30832,$JYJ,13311486461,20111101094634,116.439400,39.960430,429265128,147315236,13,224,0,0,50#
52498,$JYJ,13321164406,20111101094743,116.439232,39.960014,429264480,147313689,12,38,1,1,50#
80437,$JYJ,13301251490,20111101095401,116.439880,39.960842,429266884,147316748,8,216,0,0,50#
63284,$JYJ,13311426198,20111101095309,116.439819,39.960968,429266654,147317206,23,214,0,0,50#
52599,$JYJ,13311431165,20111101095235,116.437950,39.963028,429259766,147324819,23,298,0,0,50#
89430,$JYJ,13311495053,20111101095427,116.434830,39.968948,429248329,147346654,17,226,1,1,50#
26490,$JYJ,13301214002,20111101095616,116.432701,39.966637,429240483,147338132,25,294,1,1,50#
69297,$JYJ,13301214514,20111101095832,116.434898,39.968986,429248569,147346776,0,224,0,0,50#
52597,$JYJ,13301214524,20111101095746,116.435585,39.969448,429251074,147348488,13,230,1,1,50#
19131,$JYJ,13301155514,20111101100055,116.430183,39.962105,429231224,147321447,0,312,1,1,50#
9121,$JYJ,13301204981,20111101100025,116.435715,39.962277,429251561,147322038,8,32,0,0,50#
42180,$JYJ,13311492163,20111101100207,116.434250,39.965847,429246179,147335234,2,306,1,1,50#
22711,$JYJ,13381066544,20111101100107,116.431999,39.960888,429237905,147316964,0,128,1,1,50#
19730,$JYJ,13321164494,20111101100605,116.430099,39.962109,429230898,147321460,2,168,0,0,50#
28220,$JYJ,13321180406,20111101100642,116.437080,39.963459,429256578,147326389,8,110,1,1,50#
52712,$JYJ,13301156746,20111101101320,116.439331,39.960335,429264866,147314886,0,234,0,0,50#
44804,$JYJ,13301204860,20111101101256,116.433235,39.960365,429242418,147315018,13,132,0,0,50#
16874,$JYJ,13301204992,20111101101055,116.439201,39.960247,429264398,147314557,0,228,0,0,50#
63127,$JYJ,13311431165,20111101101351,116.430199,39.968212,429231264,147343973,13,282,1,1,50#
10438,$JYJ,13311470348,20111101101035,116.439346,39.960415,429264932,147315166,4,222,0,0,50#
59369,$JYJ,13321164439,20111101101341,116.430000,39.962353,429230519,147322352,2,134,1,1,50#
22882,$JYJ,13331111434,20111101101113,116.433418,39.960155,429243116,147314249,13,38,1,1,50#
71398,$JYJ,13301209446,20111101101846,116.439682,39.960674,429266150,147316126,0,214,0,0,50#
20249,$JYJ,13311026467,20111101101600,116.433517,39.966431,429243462,147337371,0,306,0,0,50#
34240,$JYJ,13311488217,20111101101650,116.430534,39.968102,429232515,147343543,0,0,0,0,50#
35639,$JYJ,13311488217,20111101101655,116.430534,39.968102,429232520,147343556,0,0,0,0,50#
34252,$JYJ,13381069741,20111101101650,116.430054,39.967663,429230744,147341941,0,0,0,0,50#
70253,$JYJ,13381069741,20111101101847,116.432480,39.966373,429239653,147337173,0,0,0,0,50#
41812,$JYJ,13311488217,20111101102215,116.430534,39.968102,429232519,147343564,0,0,0,0,50#
77118,$JYJ,13321164560,20111101102405,116.432831,39.966839,429240937,147338866,0,0,0,0,50#
78196,$JYJ,13321164560,20111101102409,116.432831,39.966839,429240932,147338873,0,0,0,0,50#
24387,$JYJ,13381069741,20111101102120,116.432480,39.966373,429239674,147337182,0,0,0,0,50#
35783,$JYJ,13301151403,20111101102651,116.433182,39.966640,429242249,147338159,0,318,0,0,50#
42468,$JYJ,13301157234,20111101102708,116.430420,39.961201,429232096,147318124,15,198,0,0,50#
69438,$JYJ,13311023934,20111101102832,116.435570,39.965019,429251023,147332149,15,316,1,1,50#
66319,$JYJ,13311191487,20111101102824,116.438950,39.960011,429263458,147313687,19,222,0,0,50#
18474,$JYJ,13311488217,20111101102559,116.430298,39.968128,429231629,147343640,10,278,1,1,50#
25110,$JYJ,13381069741,20111101102618,116.432938,39.966190,429241364,147336487,25,126,1,1,50#
34679,$JYJ,13301135456,20111101103153,116.431663,39.966873,429236663,147339008,0,94,0,0,50#
10183,$JYJ,13301157640,20111101103035,116.430298,39.967636,429231617,147341846,0,112,0,0,50#
24593,$JYJ,13301157640,20111101103117,116.430832,39.967491,429233602,147341292,23,116,1,1,50#
91331,$JYJ,13311578584,20111101103448,116.439285,39.960308,429264687,147314782,0,224,0,0,50#
16214,$JYJ,13321164790,20111101103050,116.432152,39.967136,429238457,147339991,26,308,1,1,50#
8917,$JYJ,13321199432,20111101103026,116.430916,39.967827,429233916,147342518,21,292,1,1,50#
42897,$JYJ,13301128449,20111101103714,116.434601,39.961067,429247456,147317606,0,42,1,1,50#
49385,$JYJ,13311431314,20111101103734,116.439514,39.960560,429265551,147315683,0,218,0,0,50#
10825,$JYJ,13311480669,20111101103536,116.436089,39.964668,429252943,147330879,8,318,1,1,50#
17530,$JYJ,13311487198,20111101103557,116.432098,39.968105,429238250,147343562,0,94,0,0,50#
84481,$JYJ,13311566440,20111101103934,116.439796,39.960911,429266567,147317002,0,226,2,0,50#
19628,$JYJ,13331063401,20111101103559,116.437019,39.963459,429256380,147326397,0,142,1,1,50#
3744,$JYJ,13301104109,20111101104008,116.431168,39.965591,429234838,147334298,6,264,0,0,50#
65075,$JYJ,13301127463,20111101104321,116.433548,39.966385,429243602,147337195,8,314,1,1,50#
48951,$JYJ,13311431161,20111101104234,116.436234,39.962620,429253479,147323313,6,78,1,1,50#
8822,$JYJ,13311495321,20111101104019,116.433586,39.966320,429243719,147336951,6,320,1,1,50#
88868,$JYJ,13321199554,20111101104421,116.437553,39.963825,429258335,147327756,0,294,1,1,50#
89537,$JYJ,13301104109,20111101104940,116.434181,39.965954,429245915,147335627,13,296,1,1,50#
9413,$JYJ,13311453266,20111101104527,116.437668,39.963654,429258741,147327127,2,330,1,1,50#
2350,$JYJ,13311486478,20111101104508,116.438194,39.965797,429260666,147335005,0,0,0,0,50#
42607,$JYJ,13311486478,20111101104715,116.437180,39.964001,429256955,147328397,10,304,1,1,50#
27080,$JYJ,13311489684,20111101104626,116.434815,39.968986,429248264,147346779,0,40,1,1,50#
92223,$JYJ,13331154899,20111101104947,116.437698,39.963779,429258848,147327592,2,338,0,0,50#
95133,$JYJ,13301254200,20111101105453,116.435867,39.966084,429252104,147336088,23,200,1,1,50#
38431,$JYJ,13311487147,20111101105200,116.430496,39.968098,429232341,147343535,0,292,0,0,50#
38523,$JYJ,13311489696,20111101105159,116.433083,39.966698,429241866,147338345,0,0,0,0,50#
73254,$JYJ,13311020944,20111101110349,116.437248,39.967133,429257224,147339928,17,238,1,1,50#
32796,$JYJ,13311191464,20111101110140,116.435463,39.965370,429250641,147333457,15,220,0,0,50#
68580,$JYJ,13321164910,20111101110334,116.437874,39.963566,429259515,147326799,0,0,0,0,50#
73577,$JYJ,13321164910,20111101110349,116.437798,39.963612,429259242,147326973,0,0,0,0,50#
75183,$JYJ,13321164910,20111101110353,116.437798,39.963612,429259218,147326944,0,0,0,0,50#
63318,$JYJ,13331154896,20111101110316,116.437698,39.963638,429258843,147327056,0,0,1,1,50#
55068,$JYJ,13321164865,20111101110756,116.431885,39.960968,429237477,147317229,0,112,0,0,50#
4198,$JYJ,13321164910,20111101110515,116.437798,39.963612,429259237,147326943,0,0,0,0,50#
92045,$JYJ,13321174760,20111101110952,116.436317,39.964523,429253791,147330341,17,306,1,1,50#
10252,$JYJ,13381235435,20111101110532,116.439400,39.960403,429265123,147315108,0,224,0,0,50#
91854,$JYJ,13311486417,20111101111451,116.439720,39.960861,429266315,147316798,15,222,0,0,50#
13115,$JYJ,13331156468,20111101111040,116.435799,39.962200,429251889,147321761,4,40,1,1,50#
26070,$JYJ,13301157214,20111101111616,116.431747,39.968262,429236973,147344120,17,218,0,0,50#
44331,$JYJ,13311022664,20111101111715,116.436302,39.963982,429253743,147328317,12,132,0,0,50#
72343,$JYJ,13311453330,20111101111914,116.439423,39.960369,429265211,147315010,32,222,0,0,50#
20371,$JYJ,13321164407,20111101111602,116.433098,39.966934,429241919,147339236,21,18,0,0,50#
75121,$JYJ,13331187060,20111101111923,116.434464,39.960838,429246964,147316759,4,32,0,0,50#
43861,$JYJ,13301214158,20111101112224,116.431953,39.967426,429237743,147341039,0,328,1,1,50#
78906,$JYJ,13311403109,20111101112421,116.433151,39.960083,429242110,147313973,0,136,0,0,50#
6309,$JYJ,13311431401,20111101112016,116.439751,39.960751,429266416,147316403,10,206,0,0,50#
1370,$JYJ,13311489681,20111101112004,116.437805,39.963596,429259255,147326918,0,0,0,0,50#
2770,$JYJ,13311489681,20111101112008,116.437805,39.963596,429259233,147326888,0,0,0,0,50#
17508,$JYJ,13311489681,20111101112059,116.437805,39.963596,429259234,147326893,0,0,0,0,50#
22553,$JYJ,13311489681,20111101112115,116.437729,39.963654,429258978,147327099,0,0,0,0,50#
41980,$JYJ,13311489681,20111101112222,116.437729,39.963654,429258951,147327116,0,0,0,0,50#
43130,$JYJ,13311489681,20111101112225,116.437729,39.963654,429258954,147327112,0,0,0,0,50#
82352,$JYJ,13311489681,20111101112435,116.437729,39.963654,429258950,147327117,0,0,0,0,50#
85737,$JYJ,13311489681,20111101112445,116.437729,39.963654,429258993,147327119,0,0,0,0,50#
89461,$JYJ,13311489681,20111101112459,116.437729,39.963654,429258974,147327099,0,0,0,0,50#
14646,$JYJ,13321164910,20111101112048,116.437714,39.963745,429258909,147327437,0,0,0,0,50#
68821,$JYJ,13321164910,20111101112351,116.437561,39.963852,429258333,147327840,0,0,0,0,50#
69956,$JYJ,13321164910,20111101112355,116.437561,39.963852,429258374,147327840,0,0,0,0,50#
49141,$JYJ,13321199943,20111101112242,116.430252,39.968178,429231443,147343822,6,280,1,1,50#
43958,$JYJ,13381083458,20111101112228,116.436920,39.964203,429256006,147329151,10,302,1,1,50#
67614,$JYJ,13311426170,20111101112828,116.433037,39.966965,429241689,147339338,10,28,1,1,50#
44285,$JYJ,13311480749,20111101112719,116.432686,39.960369,429240406,147315025,15,128,1,1,50#
47377,$JYJ,13311489681,20111101112728,116.437485,39.963829,429258068,147327772,0,0,0,0,50#
48777,$JYJ,13311489681,20111101112732,116.437485,39.963829,429258093,147327778,0,0,0,0,50#
2953,$JYJ,13311495166,20111101112506,116.439148,39.960251,429264184,147314570,0,224,0,0,50#
75348,$JYJ,13321164407,20111101112853,116.439018,39.960155,429263724,147314195,0,250,1,1,50#
36416,$JYJ,13321164910,20111101112653,116.437561,39.963852,429258334,147327839,0,0,0,0,50#
43038,$JYJ,13321164910,20111101112714,116.437561,39.963852,429258361,147327839,0,0,1,1,50#
42604,$JYJ,13331194660,20111101112714,116.437431,39.963909,429257882,147328049,12,302,1,1,50#
9901,$JYJ,13370126480,20111101112532,116.434464,39.965912,429246959,147335446,17,232,0,0,50#
66724,$JYJ,13311495381,20111101113319,116.439461,39.960327,429265361,147314856,30,220,0,0,50#
46621,$JYJ,13331093461,20111101113217,116.439651,39.962433,429266027,147322614,0,304,0,0,50#
94710,$JYJ,13301214245,20111101113943,116.431465,39.967194,429235908,147340189,23,124,0,0,50#
65015,$JYJ,13311489681,20111101113813,116.437485,39.963829,429258093,147327759,0,0,0,0,50#
67889,$JYJ,13311489681,20111101113823,116.437485,39.963829,429258092,147327752,0,0,0,0,50#
69114,$JYJ,13311489681,20111101113827,116.437485,39.963829,429258054,147327753,0,0,0,0,50#
99144,$JYJ,13311489681,20111101113957,116.437485,39.963829,429258077,147327771,0,0,0,0,50#
34796,$JYJ,13311495131,20111101113640,116.439651,39.960586,429266063,147315811,34,216,0,0,50#
13102,$JYJ,13321199441,20111101113537,116.431900,39.960999,429237530,147317339,15,102,0,0,50#
465,$JYJ,13301214497,20111101113957,116.437370,39.963280,429257656,147325721,12,124,1,1,50#
81141,$JYJ,13311470301,20111101114406,116.430664,39.967869,429232991,147342682,32,290,1,1,50#
26030,$JYJ,13311489549,20111101114118,116.432602,39.967297,429240121,147340573,25,328,1,1,50#
2082,$JYJ,13311489681,20111101114007,116.437508,39.963810,429258154,147327678,12,302,1,1,50#
67692,$JYJ,13311490905,20111101114326,116.430130,39.962021,429230991,147321146,0,212,0,0,50#
46043,$JYJ,13331184782,20111101114218,116.436394,39.963917,429254080,147328086,0,0,0,0,50#
53408,$JYJ,13331184782,20111101114242,116.436615,39.963711,429254890,147327338,0,0,0,0,50#
54948,$JYJ,13331184782,20111101114246,116.436615,39.963711,429254878,147327334,0,0,0,0,50#
87144,$JYJ,13331184782,20111101114424,116.436615,39.963711,429254875,147327333,0,0,0,0,50#
86193,$JYJ,13331184799,20111101114417,116.432953,39.966999,429241400,147339478,0,234,1,1,50#
22862,$JYJ,13301157004,20111101114608,116.434349,39.960861,429246530,147316845,0,134,0,0,50#
62192,$JYJ,13311426170,20111101114803,116.430420,39.968071,429232094,147343427,6,308,1,1,50#
74919,$JYJ,13311470301,20111101114845,116.439980,39.962154,429267248,147321584,17,296,1,1,50#
81092,$JYJ,13331156451,20111101114857,116.432999,39.966789,429241575,147338708,0,300,1,1,50#
51590,$JYJ,13331184782,20111101114738,116.436615,39.963711,429254889,147327337,0,0,0,0,50#
56047,$JYJ,13331184782,20111101114751,116.436645,39.963680,429254990,147327202,0,0,0,0,50#
57521,$JYJ,13331184782,20111101114755,116.436645,39.963680,429254978,147327226,0,0,0,0,50#
92162,$JYJ,13331184782,20111101114933,116.436645,39.963680,429254969,147327217,0,0,0,0,50#
95485,$JYJ,13331184782,20111101114944,116.436691,39.963661,429255160,147327152,0,0,0,0,50#
35561,$JYJ,13301214038,20111101115142,116.439087,39.960129,429263948,147314126,0,220,0,0,50#
89026,$JYJ,13311426326,20111101115423,116.432983,39.966015,429241530,147335834,30,132,1,1,50#
63642,$JYJ,13311453378,20111101115307,116.439453,39.960632,429265323,147315976,2,228,1,1,50#
81495,$JYJ,13311570477,20111101115402,116.432854,39.966427,429241049,147337369,2,32,0,0,50#
98619,$JYJ,13331184782,20111101115457,116.436691,39.963661,429255137,147327134,0,0,0,0,50#
14916,$JYJ,13331188041,20111101115041,116.437401,39.963219,429257768,147325497,0,144,1,1,50#
29439,$JYJ,13301277579,20111101115629,116.436020,39.964241,429252682,147329304,30,130,0,0,50#
88728,$JYJ,13301277579,20111101115925,116.439003,39.960121,429263646,147314068,2,228,1,1,50#
72862,$JYJ,13311487104,20111101115840,116.439064,39.960129,429263879,147314101,0,226,0,0,50#
88109,$JYJ,13321164538,20111101115922,116.430733,39.968021,429233249,147343268,0,308,1,1,50#
4638,$JYJ,13331184782,20111101115513,116.436745,39.963520,429255340,147326615,0,0,0,0,50#
5743,$JYJ,13331184782,20111101115517,116.436745,39.963520,429255349,147326640,0,0,0,0,50#
27443,$JYJ,13331184782,20111101115623,116.436745,39.963520,429255335,147326643,0,0,0,0,50#
33169,$JYJ,13331184782,20111101115639,116.436745,39.963520,429255362,147326628,0,0,0,0,50#
34375,$JYJ,13331184782,20111101115643,116.436745,39.963520,429255341,147326615,0,0,0,0,50#
21416,$JYJ,13331194255,20111101115606,116.431816,39.960789,429237210,147316593,0,246,0,0,50#
65937,$JYJ,13311486422,20111101120327,116.439270,39.961891,429264649,147320601,26,130,0,0,50#
67441,$JYJ,13311495054,20111101120329,116.435387,39.964775,429250372,147331276,47,306,0,0,50#
55123,$JYJ,13311486479,20111101120809,116.434196,39.968441,429245986,147344767,10,202,1,1,50#
24339,$JYJ,13311486579,20111101120623,116.431686,39.961094,429236721,147317692,0,142,0,0,50#
4227,$JYJ,13321183484,20111101120511,116.439369,39.967621,429265025,147341719,0,264,0,0,50#
3318,$JYJ,13301208420,20111101121008,116.434418,39.961010,429246806,147317372,25,26,1,1,50#
80582,$JYJ,13301214872,20111101121457,116.435913,39.969700,429252273,147349430,0,214,1,1,50#
39734,$JYJ,13311495232,20111101121224,116.439636,39.960720,429266007,147316282,6,222,0,0,50#
17999,$JYJ,13370122452,20111101121102,116.431168,39.967861,429234843,147342673,4,284,1,1,50#
40269,$JYJ,13311403336,20111101121733,116.439133,39.962852,429264141,147324138,28,310,0,0,50#
3248,$JYJ,13311403565,20111101121507,116.439865,39.967598,429266851,147341644,8,82,1,1,50#
59111,$JYJ,13311470302,20111101121847,116.432518,39.966354,429239795,147337081,8,98,1,1,50#
51149,$JYJ,13311489324,20111101121826,116.434082,39.968212,429245554,147343932,23,26,1,1,50#
59969,$JYJ,13381069984,20111101121853,116.430183,39.962177,429231204,147321705,10,316,0,0,50#
12315,$JYJ,13301127455,20111101122047,116.434784,39.961277,429248148,147318378,0,32,0,0,50#
61117,$JYJ,13311470495,20111101122349,116.431450,39.967758,429235890,147342279,0,286,1,1,50#
31948,$JYJ,13311489317,20111101122158,116.437500,39.963879,429258108,147327948,0,310,1,1,50#
70902,$JYJ,13331194180,20111101122435,116.431870,39.966869,429237397,147339016,28,310,0,0,50#
68702,$JYJ,13301214155,20111101122938,116.433853,39.968105,429244725,147343562,10,38,1,1,50#
64770,$JYJ,13331184924,20111101123437,116.431450,39.967468,429235864,147341215,32,300,0,0,50#
2641,$JYJ,13311191485,20111101123505,116.430931,39.966995,429233978,147339484,30,108,1,1,50#
80593,$JYJ,13331154727,20111101124431,116.439049,39.960072,429263822,147313904,2,206,1,1,50#
12773,$JYJ,13311487291,20111101124538,116.439049,39.960011,429263816,147313660,8,216,0,0,50#
84113,$JYJ,13381066774,20111101124932,116.439400,39.960411,429265098,147315141,25,218,0,0,50#
86032,$JYJ,13381083433,20111101124940,116.436569,39.962868,429254709,147324232,8,14,1,1,50#
60164,$JYJ,13331184977,20111101125322,116.439850,39.960922,429266792,147317046,21,220,0,0,50#
11112,$JYJ,13381078247,20111101125039,116.432526,39.968918,429239838,147346542,0,0,0,0,50#
25228,$JYJ,13381095784,20111101125129,116.439247,39.960358,429264566,147314958,8,218,0,0,50#
66057,$JYJ,13301174963,20111101125842,116.434952,39.968983,429248759,147346761,0,48,0,0,50#
5175,$JYJ,13311568454,20111101125515,116.432953,39.966652,429241413,147338183,0,162,1,1,50#
48461,$JYJ,13321199554,20111101125741,116.432915,39.966873,429241249,147338998,0,234,1,1,50#
30610,$JYJ,13331184977,20111101125638,116.433670,39.960224,429244037,147314482,17,38,1,1,50#
23387,$JYJ,13331194933,20111101125613,116.437836,39.963757,429259369,147327487,23,308,1,1,50#
70691,$JYJ,13321199554,20111101130412,116.431816,39.968365,429237207,147344518,8,216,1,1,50#
70444,$JYJ,13331063440,20111101130414,116.434494,39.968739,429247085,147345885,19,214,1,1,50#
38286,$JYJ,13301155045,20111101130704,116.430199,39.962017,429231272,147321122,13,128,1,1,50#
89648,$JYJ,13301155045,20111101130951,116.438850,39.962959,429263080,147324560,0,284,0,0,50#
40725,$JYJ,13311403546,20111101130711,116.439415,39.960442,429265172,147315247,23,214,1,1,50#
78478,$JYJ,13311431146,20111101130909,116.430199,39.968311,429231261,147344306,13,288,1,1,50#
60705,$JYJ,13311495003,20111101130813,116.437736,39.963676,429258989,147327204,10,318,0,0,50#
76847,$JYJ,13331194196,20111101130906,116.431747,39.968277,429236973,147344201,13,50,1,1,50#
33784,$JYJ,13381077400,20111101130648,116.432999,39.960209,429241555,147314425,13,294,1,1,50#
66906,$JYJ,13381096754,20111101130833,116.439537,39.962444,429265628,147322660,6,308,1,1,50#
31191,$JYJ,13311403259,20111101131133,116.439636,39.961643,429265992,147319677,0,128,0,0,50#
19685,$JYJ,13331154717,20111101131101,116.430984,39.967903,429234164,147342819,2,306,1,1,50#
83614,$JYJ,13331194319,20111101131421,116.432732,39.963032,429240585,147324851,13,32,1,1,50#
38654,$JYJ,13331194994,20111101131157,116.431511,39.967735,429236082,147342190,0,0,0,0,50#
39662,$JYJ,13331194994,20111101131201,116.431511,39.967735,429236099,147342197,0,0,0,0,50#
49630,$JYJ,13301204843,20111101131750,116.437485,39.963997,429258086,147328373,13,306,1,1,50#
61520,$JYJ,13301204950,20111101131827,116.437431,39.963901,429257861,147328023,10,314,1,1,50#
8282,$JYJ,13311022114,20111101131528,116.435333,39.963093,429250161,147325045,0,114,0,0,50#
45285,$JYJ,13311426042,20111101131737,116.432503,39.966423,429239741,147337340,0,142,1,1,50#
41276,$JYJ,13311486529,20111101131726,116.435486,39.964550,429250725,147330446,32,132,0,0,50#
77967,$JYJ,13311489673,20111101131914,116.430870,39.968041,429233716,147343327,4,306,0,0,50#
56853,$JYJ,13311495178,20111101131813,116.432968,39.966961,429241453,147339315,2,236,1,1,50#
9889,$JYJ,13331194994,20111101131540,116.431450,39.967724,429235888,147342140,0,0,0,0,50#
28206,$JYJ,13331194994,20111101131641,116.431450,39.967724,429235870,147342158,0,0,0,0,50#
53481,$JYJ,13331194994,20111101131806,116.431450,39.967724,429235874,147342155,0,0,0,0,50#
56110,$JYJ,13331194994,20111101131814,116.431450,39.967724,429235854,147342144,0,0,0,0,50#
79704,$JYJ,13331194994,20111101131925,116.431450,39.967724,429235877,147342152,0,0,0,0,50#
45919,$JYJ,13381077452,20111101131743,116.430336,39.968067,429231770,147343433,0,168,1,1,50#
66432,$JYJ,13381235459,20111101131840,116.433266,39.966572,429242535,147337909,23,304,1,1,50#
22226,$JYJ,13311480686,20111101132108,116.439385,39.960312,429265045,147314783,15,204,1,1,50#
12908,$JYJ,13311486529,20111101132039,116.430931,39.967892,429233977,147342764,8,284,1,1,50#
3237,$JYJ,13331194994,20111101132010,116.431450,39.967724,429235848,147342142,0,0,0,0,50#
9297,$JYJ,13331194994,20111101132030,116.431450,39.967724,429235874,147342152,0,0,0,0,50#
45086,$JYJ,13331194994,20111101132221,116.431450,39.967724,429235882,147342141,0,0,0,0,50#
75400,$JYJ,13331194994,20111101132351,116.431450,39.967724,429235863,147342138,0,0,0,0,50#
92787,$JYJ,13331194994,20111101132444,116.431450,39.967724,429235878,147342161,0,0,0,0,50#
9191,$JYJ,13381232463,20111101132031,116.439583,39.960636,429265790,147315978,0,126,0,0,50#
60614,$JYJ,13311488227,20111101132807,116.432632,39.966316,429240236,147336951,10,130,1,1,50#
11730,$JYJ,13331194994,20111101132538,116.431221,39.967869,429235040,147342677,0,0,0,0,50#
76792,$JYJ,13331194994,20111101133354,116.431221,39.967869,429235007,147342686,0,0,0,0,50#
61099,$JYJ,13381096564,20111101133303,116.432136,39.961277,429238374,147318367,6,234,1,1,50#
61021,$JYJ,13311403233,20111101133814,116.439636,39.960465,429266006,147315342,12,220,0,0,50#
38716,$JYJ,13311162439,20111101134200,116.430702,39.961742,429233109,147320094,12,128,1,1,50#
78990,$JYJ,13311403520,20111101134359,116.430351,39.961269,429231841,147318350,26,242,0,0,50#
91760,$JYJ,13331184818,20111101134437,116.430382,39.968155,429231949,147343745,0,318,1,1,50#
53547,$JYJ,13311492187,20111101134748,116.434227,39.965973,429246086,147335691,4,316,0,0,50#
71540,$JYJ,13311191482,20111101135357,116.439087,39.962490,429263977,147322831,2,200,0,0,50#
80099,$JYJ,13311426042,20111101135426,116.438683,39.960098,429262497,147313987,28,2,1,1,50#
26671,$JYJ,13311487292,20111101135126,116.431717,39.967064,429236861,147339727,25,130,0,0,50#
30344,$JYJ,13311489518,20111101135134,116.439468,39.960419,429265361,147315166,4,220,0,0,50#
76888,$JYJ,13331184792,20111101135415,116.434776,39.968845,429248106,147346283,19,50,0,0,50#
33513,$JYJ,13331184810,20111101135145,116.439667,39.960175,429266088,147314265,0,222,0,0,50#
44225,$JYJ,13331194900,20111101135222,116.436081,39.969585,429252891,147348996,6,46,0,0,50#
41753,$JYJ,13311431400,20111101135721,116.431801,39.960774,429237167,147316530,23,304,1,1,50#
80276,$JYJ,13311492205,20111101135928,116.430214,39.968018,429231328,147343245,15,290,1,1,50#
59442,$JYJ,13301125472,20111101140307,116.439415,39.960873,429265188,147316858,0,218,0,0,50#
67246,$JYJ,13311024114,20111101140330,116.431397,39.961330,429235688,147318596,15,124,1,1,50#
21624,$JYJ,13311431534,20111101140107,116.432266,39.966816,429238860,147338795,30,134,0,0,50#
76714,$JYJ,13311431534,20111101140359,116.437286,39.963562,429257341,147326786,47,118,1,1,50#
56720,$JYJ,13311492290,20111101140302,116.431030,39.967075,429234306,147339772,17,282,1,1,50#
89523,$JYJ,13331194262,20111101140441,116.433083,39.966755,429241885,147338568,10,26,1,1,50#
64959,$JYJ,13301254266,20111101140850,116.430870,39.967838,429233718,147342592,15,306,1,1,50#
33072,$JYJ,13311403779,20111101140653,116.437386,39.963654,429257703,147327121,12,294,0,0,50#
25125,$JYJ,13331156438,20111101140622,116.439514,39.960434,429265532,147315247,0,206,0,0,50#
43282,$JYJ,13331194935,20111101140728,116.432716,39.966930,429240510,147339224,12,308,1,1,50#
74773,$JYJ,13301127455,20111101141354,116.436752,39.969784,429255371,147349722,0,312,1,1,50#
58258,$JYJ,13301184150,20111101141303,116.436737,39.962585,429255323,147323183,0,30,1,1,50#
19964,$JYJ,13311470421,20111101141104,116.439980,39.960880,429267239,147316866,17,220,0,0,50#
67530,$JYJ,13311489669,20111101141331,116.437500,39.963810,429258144,147327696,2,306,1,1,50#
36832,$JYJ,13331154826,20111101141202,116.437470,39.963890,429258007,147327998,13,306,1,1,50#
44744,$JYJ,13301214754,20111101141732,116.439369,39.960346,429265016,147314912,0,216,0,0,50#
70049,$JYJ,13301214754,20111101141850,116.439117,39.960110,429264089,147314037,13,214,1,1,50#
3196,$JYJ,13311431427,20111101141506,116.439552,39.960548,429265696,147315641,0,212,0,0,50#
4639,$JYJ,13381077423,20111101141509,116.430496,39.968094,429232370,147343506,6,288,1,1,50#
35126,$JYJ,13301214288,20111101142139,116.432854,39.966873,429241046,147338993,10,304,1,1,50#
57476,$JYJ,13331187133,20111101142251,116.438217,39.962952,429260783,147324529,6,320,0,0,50#
87906,$JYJ,13301209546,20111101142905,116.432831,39.966862,429240943,147338977,13,304,1,1,50#
32791,$JYJ,13311453446,20111101142644,116.432716,39.960472,429240512,147315404,0,240,0,0,50#
60306,$JYJ,13311486385,20111101142759,116.431732,39.968319,429236929,147344340,13,224,1,1,50#
93654,$JYJ,13331093429,20111101142920,116.430214,39.968178,429231339,147343843,30,290,1,1,50#
861,$JYJ,13331154709,20111101142500,116.439385,39.960396,429265069,147315094,25,224,0,0,50#
47572,$JYJ,13311495287,20111101143157,116.439033,39.960316,429263782,147314811,21,226,0,0,50#
90984,$JYJ,13301214198,20111101143849,116.439690,39.960693,429266184,147316192,12,228,0,0,50#
73357,$JYJ,13301125478,20111101144300,116.431831,39.960995,429237278,147317349,0,328,0,0,50#
50896,$JYJ,13311403743,20111101144207,116.439682,39.960735,429266147,147316332,17,222,0,0,50#
85077,$JYJ,13311431595,20111101144329,116.431732,39.961041,429236914,147317527,13,128,0,0,50#
105228,$JYJ,13311431595,20111101144421,116.432686,39.960457,429240424,147315359,12,314,1,1,50#
74896,$JYJ,13381101824,20111101144303,116.432900,39.966873,429241209,147339012,4,220,1,1,50#
89134,$JYJ,13321199943,20111101144840,116.430565,39.968086,429232630,147343498,8,282,1,1,50#
54885,$JYJ,13311431595,20111101145216,116.432648,39.960461,429240269,147315377,0,204,0,0,50#
3446,$JYJ,13311579647,20111101145005,116.432869,39.966881,429241076,147339036,0,230,1,1,50#
109978,$JYJ,13331194061,20111101145439,116.436714,39.963776,429255253,147327575,8,136,0,0,50#
51600,$JYJ,13301214274,20111101145711,116.433548,39.960075,429243603,147313936,15,28,1,1,50#
46257,$JYJ,13331159441,20111101145655,116.430550,39.961906,429232537,147320721,21,312,0,0,50#
5618,$JYJ,13311470353,20111101150015,116.438965,39.960175,429263495,147314297,2,224,1,1,50#
110640,$JYJ,13331184982,20111101150447,116.432770,39.969097,429240738,147347224,4,162,0,0,50#
61810,$JYJ,13331194219,20111101150238,116.430496,39.968113,429232348,147343591,8,282,1,1,50#
67468,$JYJ,13301254507,20111101150750,116.436287,39.963928,429253679,147328123,0,128,0,0,50#
52905,$JYJ,13311453447,20111101150715,116.430580,39.968571,429232676,147345272,10,282,1,1,50#
69216,$JYJ,13311486365,20111101150757,116.432800,39.966862,429240847,147338966,0,308,0,0,50#
47164,$JYJ,13311486386,20111101150706,116.432732,39.966324,429240600,147336971,13,114,1,1,50#
92603,$JYJ,13311489696,20111101150857,116.432884,39.966885,429241162,147339066,0,354,0,0,50#
77149,$JYJ,13331187125,20111101150820,116.439018,39.968986,429263711,147346750,49,216,1,1,50#
100340,$JYJ,13311191418,20111101151437,116.439003,39.960037,429263671,147313779,0,218,0,0,50#
17690,$JYJ,13311453453,20111101151045,116.433380,39.960018,429242979,147313734,10,6,0,0,50#
35735,$JYJ,13311453453,20111101151131,116.433502,39.960228,429243420,147314502,6,82,1,1,50#
18731,$JYJ,13321164356,20111101151041,116.439697,39.967575,429266213,147341566,0,48,0,0,50#
9898,$JYJ,13311492082,20111101151523,116.430618,39.967522,429232805,147341406,12,112,1,1,50#
8780,$JYJ,13311564794,20111101151524,116.432648,39.966358,429240298,147337119,0,142,0,0,50#
101613,$JYJ,13331194988,20111101151921,116.432739,39.966351,429240626,147337086,8,126,1,1,50#
88032,$JYJ,13381093024,20111101151842,116.433647,39.967545,429243965,147341471,12,22,1,1,50#
36458,$JYJ,13381101824,20111101151634,116.432999,39.966839,429241549,147338875,0,334,1,1,50#
10503,$JYJ,13381069740,20111101152029,116.435684,39.962074,429251441,147321287,23,44,0,0,50#
32532,$JYJ,13381069740,20111101152126,116.435837,39.962177,429252014,147321667,8,24,1,1,50#
108146,$JYJ,13301214257,20111101152931,116.432533,39.966427,429239870,147337351,0,100,1,1,50#
32891,$JYJ,13311495334,20111101152627,116.434029,39.960560,429245337,147315741,8,32,0,0,50#
81584,$JYJ,13331191584,20111101152827,116.438500,39.967388,429261811,147340863,21,78,1,1,50#
40759,$JYJ,13301164971,20111101153140,116.436096,39.964340,429252960,147329643,10,140,0,0,50#
52115,$JYJ,13301164971,20111101153712,116.439682,39.960579,429266156,147315777,4,222,1,1,50#
75679,$JYJ,13311486441,20111101153816,116.435982,39.969631,429252540,147349168,0,232,0,0,50#
11111,$JYJ,13331154826,20111101153525,116.430519,39.962173,429232432,147321682,0,322,0,0,50#
71189,$JYJ,13331184799,20111101153803,116.432732,39.963005,429240564,147324749,0,216,1,1,50#
54773,$JYJ,13311426087,20111101154214,116.439346,39.960243,429264902,147314527,38,40,1,1,50#
54595,$JYJ,13311486321,20111101154220,116.431519,39.961254,429236100,147318286,0,116,0,0,50#
39276,$JYJ,13311487151,20111101154141,116.433098,39.966701,429241915,147338366,0,0,0,0,50#
13938,$JYJ,13311492163,20111101154034,116.438965,39.960037,429263495,147313788,6,222,0,0,50#
7449,$JYJ,13301204951,20111101154516,116.430481,39.968170,429232311,147343817,0,308,1,1,50#
9887,$JYJ,13381077401,20111101154520,116.436867,39.963386,429255798,147326144,4,126,1,1,50#
29397,$JYJ,13301152480,20111101155113,116.433952,39.964386,429245062,147329846,4,234,0,0,50#
6568,$JYJ,13311431541,20111101155012,116.434586,39.968872,429247404,147346377,6,228,0,0,50#
116111,$JYJ,13311453273,20111101155448,116.430763,39.968006,429233354,147343191,8,284,1,1,50#
58620,$JYJ,13311021324,20111101155731,116.433350,39.967335,429242864,147340713,0,212,0,0,50#
95838,$JYJ,13311021324,20111101155859,116.434418,39.968666,429246808,147345617,8,32,1,1,50#
72120,$JYJ,13311489687,20111101155803,116.432564,39.960476,429239980,147315436,0,0,0,0,50#
73871,$JYJ,13311489687,20111101155808,116.432564,39.960476,429239960,147315440,0,0,0,0,50#
77879,$JYJ,13311489687,20111101155817,116.432564,39.960476,429239968,147315413,0,0,0,0,50#
54718,$JYJ,13301152480,20111101160215,116.436584,39.964371,429254764,147329778,8,270,1,1,50#
106749,$JYJ,13301157452,20111101160426,116.439385,39.960422,429265074,147315187,0,218,0,0,50#
57408,$JYJ,13301214247,20111101160224,116.433365,39.962505,429242896,147322895,0,142,0,0,50#
8329,$JYJ,13311431185,20111101160016,116.436348,39.964035,429253898,147328542,6,130,0,0,50#
6528,$JYJ,13311489687,20111101160016,116.432755,39.960468,429240650,147315384,0,0,0,0,50#
7938,$JYJ,13311489687,20111101160020,116.432755,39.960468,429240673,147315388,0,0,0,0,50#
9713,$JYJ,13331185084,20111101160020,116.432053,39.960804,429238097,147316625,10,128,0,0,50#
104858,$JYJ,13381100864,20111101160423,116.432564,39.966530,429239962,147337729,0,130,1,1,50#
95745,$JYJ,13301214072,20111101160900,116.430931,39.961437,429233977,147318964,0,238,1,1,50#
115482,$JYJ,13301214571,20111101160949,116.432449,39.967030,429239528,147339596,0,308,0,0,50#
650,$JYJ,13311489679,20111101160457,116.432983,39.967049,429241506,147339639,0,224,0,0,50#
51248,$JYJ,13381077423,20111101160710,116.430496,39.968071,429232353,147343424,12,290,1,1,50#
62289,$JYJ,13311489687,20111101161336,116.432755,39.960468,429240683,147315413,0,0,0,0,50#
11377,$JYJ,13381102284,20111101161024,116.431847,39.960960,429237341,147317203,0,134,1,1,50#
99568,$JYJ,13311470418,20111101161919,116.434937,39.969166,429248717,147347440,0,242,0,0,50#
6994,$JYJ,13311489687,20111101161518,116.432159,39.962589,429238498,147323233,0,0,0,0,50#
66677,$JYJ,13311453477,20111101162250,116.439835,39.960777,429266706,147316511,26,226,0,0,50#
88365,$JYJ,13311453477,20111101162347,116.439636,39.960606,429265998,147315875,6,216,1,1,50#
41385,$JYJ,13311470418,20111101162144,116.432831,39.966934,429240959,147339223,0,240,1,1,50#
90893,$JYJ,13311576439,20111101162353,116.434517,39.965607,429247150,147334346,2,324,0,0,50#
49531,$JYJ,13381093054,20111101162207,116.439499,39.965420,429265482,147333605,0,10,0,0,50#
84823,$JYJ,13301214242,20111101162838,116.430336,39.968170,429231762,147343807,0,292,0,0,50#
35900,$JYJ,13311431274,20111101162629,116.435654,39.964416,429251343,147329942,12,124,0,0,50#
36089,$JYJ,13311431274,20111101162634,116.435814,39.964344,429251941,147329683,10,128,1,1,50#
114293,$JYJ,13311492147,20111101162953,116.432518,39.965416,429239799,147333626,36,36,1,1,50#
62879,$JYJ,13311572794,20111101162742,116.439453,39.962505,429265321,147322870,12,308,0,0,50#
112973,$JYJ,13381102904,20111101162945,116.435417,39.964790,429250465,147331300,12,124,1,1,50#
63338,$JYJ,13301207486,20111101163841,116.435463,39.966805,429250642,147338746,21,214,0,0,50#
19797,$JYJ,13311403728,20111101163607,116.431831,39.967346,429237259,147340750,8,302,1,1,50#
1148,$JYJ,13311453443,20111101163501,116.433052,39.960236,429241744,147314534,0,114,1,1,50#
23889,$JYJ,13311495388,20111101163623,116.432732,39.966309,429240606,147336925,0,0,0,0,50#
25607,$JYJ,13311495388,20111101163627,116.432732,39.966309,429240605,147336919,0,0,0,0,50#
71403,$JYJ,13381095174,20111101163906,116.439964,39.966068,429267191,147336012,0,58,0,0,50#
11968,$JYJ,13381153626,20111101163532,116.439102,39.960091,429264017,147313984,19,208,1,1,50#
14826,$JYJ,13381235420,20111101163548,116.430466,39.968041,429232229,147343319,15,290,0,0,50#
112021,$JYJ,13311021745,20111101164444,116.432014,39.960899,429237953,147317002,15,132,1,1,50#
96235,$JYJ,13311162465,20111101164408,116.433052,39.966770,429241786,147338614,6,28,1,1,50#
15842,$JYJ,13311426187,20111101164043,116.431534,39.967155,429236164,147340068,19,122,0,0,50#
80370,$JYJ,13311453410,20111101164322,116.433365,39.967308,429242902,147340621,30,34,0,0,50#
7840,$JYJ,13311495388,20111101164020,116.432732,39.966309,429240595,147336914,0,0,0,0,50#
12062,$JYJ,13311495388,20111101164032,116.433121,39.966164,429242013,147336406,25,132,1,1,50#
80090,$JYJ,13311431014,20111101164828,116.439430,39.960461,429265224,147315347,8,222,0,0,50#
100704,$JYJ,13311431014,20111101164919,116.439453,39.960468,429265317,147315361,0,216,1,1,50#
80016,$JYJ,13311431466,20111101164826,116.439369,39.960270,429264998,147314635,13,202,1,1,50#
13773,$JYJ,13311487146,20111101165042,116.431137,39.969379,429234707,147348244,0,132,0,0,50#
58956,$JYJ,13321199429,20111101165232,116.439682,39.969814,429266176,147349804,0,206,0,0,50#
41427,$JYJ,13331154762,20111101165147,116.439880,39.960674,429266864,147316121,19,226,1,1,50#
88995,$JYJ,13381068841,20111101165350,116.436935,39.964176,429256069,147329052,0,174,0,0,50#
18514,$JYJ,13301214789,20111101170045,116.431015,39.967903,429234264,147342828,17,292,1,1,50#
35937,$JYJ,13311300664,20111101170132,116.439308,39.962440,429264783,147322646,47,308,1,1,50#
104590,$JYJ,13311431466,20111101170441,116.437347,39.963390,429257589,147326138,0,128,1,1,50#
35323,$JYJ,13311567840,20111101170126,116.431068,39.967800,429234472,147342450,15,292,2,0,50#
46033,$JYJ,13321180423,20111101170223,116.431900,39.967362,429237526,147340798,0,0,0,0,50#
89459,$JYJ,13321180423,20111101170409,116.431900,39.967362,429237514,147340814,0,0,0,0,50#
5917,$JYJ,13331154914,20111101170013,116.432434,39.966557,429239470,147337856,0,16,1,1,50#
12619,$JYJ,13301104075,20111101170530,116.438003,39.964127,429259967,147328852,0,228,0,0,50#
13211,$JYJ,13301156194,20111101170534,116.434082,39.966045,429245567,147335945,12,298,1,1,50#
35334,$JYJ,13311403051,20111101170627,116.434799,39.961163,429248185,147317932,13,6,1,1,50#
1707,$JYJ,13311486355,20111101170506,116.437736,39.963612,429258992,147326959,13,310,0,0,50#
34645,$JYJ,13311486355,20111101170624,116.437264,39.963932,429257252,147328131,23,304,1,1,50#
120010,$JYJ,13311492301,20111101170956,116.430664,39.968010,429232978,147343224,17,288,1,1,50#
35899,$JYJ,13301254268,20111101171132,116.430183,39.968239,429231191,147344057,6,302,1,1,50#
96380,$JYJ,13311020634,20111101171357,116.433968,39.964298,429245113,147329504,0,0,0,0,50#
42567,$JYJ,13311426291,20111101171144,116.438652,39.968533,429262376,147345110,0,86,0,0,50#
35448,$JYJ,13311488235,20111101171130,116.433449,39.965874,429243232,147335327,6,128,1,1,50#
49834,$JYJ,13331194636,20111101171201,116.430946,39.967648,429234011,147341881,28,296,1,1,50#
30732,$JYJ,13381232407,20111101171119,116.438080,39.964760,429260242,147331193,10,140,0,0,50#
6173,$JYJ,13301104075,20111101171516,116.430801,39.967945,429233490,147342985,23,294,1,1,50#
7189,$JYJ,13311020634,20111101171514,116.435066,39.964764,429249174,147331210,6,98,1,1,50#
16637,$JYJ,13311492106,20111101171541,116.430016,39.967731,429230602,147342197,0,118,0,0,50#
83186,$JYJ,13311492106,20111101171819,116.432419,39.966469,429239429,147337506,13,126,1,1,50#
101729,$JYJ,13331194312,20111101171911,116.439552,39.962547,429265688,147323010,0,248,0,0,50#
262,$JYJ,13301174934,20111101171956,116.432564,39.966835,429239987,147338857,19,314,1,1,50#
15667,$JYJ,13311431325,20111101172035,116.435936,39.964443,429252376,147330024,6,96,0,0,50#
25408,$JYJ,13311431445,20111101172100,116.439400,39.960278,429265101,147314674,21,36,1,1,50#
80633,$JYJ,13311431516,20111101172317,116.432533,39.967934,429239844,147342916,0,102,0,0,50#
11025,$JYJ,13311453415,20111101172026,116.434853,39.961201,429248382,147318076,0,52,1,1,50#
8821,$JYJ,13331194312,20111101172017,116.439346,39.962624,429264903,147323310,26,300,1,1,50#
25907,$JYJ,13311492051,20111101172600,116.431335,39.967731,429235439,147342165,6,308,1,1,50#
119725,$JYJ,13381095647,20111101173455,116.433113,39.966736,429241971,147338501,25,314,0,0,50#
74312,$JYJ,13301204834,20111101173807,116.431351,39.967747,429235516,147342220,4,316,1,1,50#
77820,$JYJ,13311431589,20111101173815,116.433601,39.966381,429243786,147337190,12,316,0,0,50#
103950,$JYJ,13311431589,20111101173916,116.433586,39.966400,429243741,147337272,4,328,1,1,50#
40688,$JYJ,13331194799,20111101173645,116.431801,39.967178,429237163,147340155,0,122,0,0,50#
103131,$JYJ,13311191490,20111101174415,116.430222,39.968162,429231355,147343790,0,0,1,1,50#
119678,$JYJ,13311403397,20111101174453,116.431564,39.962242,429236270,147321958,49,130,0,0,50#
54903,$JYJ,13311431094,20111101174213,116.430336,39.962067,429231779,147321297,8,264,0,0,50#
75943,$JYJ,13311431094,20111101174309,116.430267,39.962139,429231521,147321572,2,292,1,1,50#
16601,$JYJ,13311453387,20111101174043,116.439270,39.960613,429264650,147315908,6,224,1,1,50#
58439,$JYJ,13321164332,20111101174221,116.437630,39.963745,429258626,147327466,15,304,1,1,50#
17976,$JYJ,13321164777,20111101174043,116.434280,39.965897,429246285,147335401,12,296,1,1,50#
22271,$JYJ,13381271948,20111101174557,116.433586,39.966400,429243723,147337269,6,304,1,1,50#
106782,$JYJ,13311488235,20111101175426,116.432686,39.966320,429240416,147336978,8,126,1,1,50#
111397,$JYJ,13331194442,20111101175431,116.431969,39.961212,429237781,147318147,15,88,1,1,50#
61906,$JYJ,13301214283,20111101180233,116.431152,39.967831,429234768,147342542,17,292,1,1,50#
18964,$JYJ,13301214638,20111101180045,116.433418,39.967255,429243107,147340396,19,42,0,0,50#
89336,$JYJ,13311564480,20111101180339,116.433487,39.967579,429243352,147341601,0,216,0,0,50#
79265,$JYJ,13370122455,20111101180315,116.430031,39.961906,429230623,147320715,0,314,0,0,50#
68152,$JYJ,13321164457,20111101180746,116.434715,39.961189,429247862,147318040,0,220,0,0,50#
6634,$JYJ,13331063480,20111101181012,116.433380,39.967007,429242987,147339513,17,16,0,0,50#
45480,$JYJ,13331187025,20111101181151,116.434265,39.965870,429246239,147335288,13,312,1,1,50#
28662,$JYJ,13370126455,20111101181114,116.432869,39.960354,429241099,147314974,6,142,1,1,50#
108154,$JYJ,13381077452,20111101181432,116.430252,39.968174,429231481,147343830,15,290,1,1,50#
32764,$JYJ,13301157433,20111101181626,116.435730,39.964882,429251636,147331667,30,308,1,1,50#
95683,$JYJ,13301164951,20111101181903,116.432632,39.969204,429240238,147347608,0,262,0,0,50#
58738,$JYJ,13301184145,20111101181731,116.434685,39.964562,429247767,147330491,0,52,0,0,50#
106617,$JYJ,13311403082,20111101181926,116.434532,39.969959,429247234,147350385,0,158,1,1,50#
43264,$JYJ,13311489687,20111101181650,116.432159,39.962589,429238460,147323211,0,0,0,0,50#
54726,$JYJ,13311489687,20111101181721,116.432411,39.962784,429239417,147323935,12,38,1,1,50#
10961,$JYJ,13311576934,20111101181526,116.430084,39.962154,429230828,147321639,0,298,0,0,50#
8485,$JYJ,13321199496,20111101181519,116.430336,39.968124,429231781,147343644,10,288,1,1,50#
41743,$JYJ,13301254272,20111101182143,116.437553,39.963703,429258345,147327312,0,256,0,0,50#
99511,$JYJ,13301254272,20111101182405,116.430099,39.968227,429230899,147344002,6,292,1,1,50#
120246,$JYJ,13311426447,20111101182457,116.431053,39.967930,429234415,147342919,4,348,1,1,50#
62602,$JYJ,13331184978,20111101182237,116.432755,39.960411,429240662,147315175,8,130,1,1,50#
63090,$JYJ,13331184978,20111101182238,116.432777,39.960400,429240764,147315145,8,124,0,0,50#
7954,$JYJ,13331184992,20111101182016,116.433868,39.964260,429244775,147329386,13,46,0,0,50#
10534,$JYJ,13381083463,20111101182028,116.432968,39.960155,429241432,147314247,2,128,1,1,50#
22179,$JYJ,13311431589,20111101182554,116.433517,39.967491,429243486,147341295,0,24,0,0,50#
85887,$JYJ,13321199634,20111101182835,116.430687,39.967853,429233072,147342642,6,294,1,1,50#
64664,$JYJ,13370126426,20111101183239,116.432785,39.966206,429240784,147336542,15,126,1,1,50#
74155,$JYJ,13381101584,20111101183303,116.437920,39.963505,429259663,147326549,13,304,1,1,50#
27641,$JYJ,13311431589,20111101183607,116.432900,39.966877,429241198,147339012,0,222,1,1,50#
24989,$JYJ,13311488229,20111101183600,116.432869,39.960140,429241104,147314181,4,150,0,0,50#
88255,$JYJ,13331194910,20111101183841,116.434166,39.965931,429245877,147335536,2,318,1,1,50#
65609,$JYJ,13301204879,20111101184244,116.439049,39.962791,429263818,147323932,19,310,1,1,50#
120373,$JYJ,13311191425,20111101184459,116.432800,39.966305,429240834,147336928,19,124,1,1,50#
84067,$JYJ,13311403715,20111101184326,116.439468,39.967499,429265383,147341295,0,68,0,0,50#
43983,$JYJ,13301156048,20111101184651,116.432953,39.966217,429241407,147336585,17,126,1,1,50#
35367,$JYJ,13381232476,20111101184624,116.435699,39.969585,429251487,147349006,2,212,0,0,50#
108877,$JYJ,13381232476,20111101184926,116.433067,39.967033,429241813,147339609,2,214,1,1,50#
90139,$JYJ,13301153947,20111101185338,116.435867,39.964356,429252121,147329722,19,132,0,0,50#
67469,$JYJ,13321164468,20111101185750,116.430130,39.968224,429231027,147344006,6,304,1,1,50#
22026,$JYJ,13381093054,20111101185556,116.432983,39.966766,429241513,147338613,0,324,0,0,50#
52400,$JYJ,13301214476,20111101190708,116.439484,39.962475,429265446,147322756,21,306,1,1,50#
63353,$JYJ,13321199674,20111101190734,116.430000,39.967731,429230535,147342198,2,68,0,0,50#
94407,$JYJ,13331194271,20111101190853,116.431663,39.961193,429236670,147318089,0,322,0,0,50#
114682,$JYJ,13321174717,20111101191452,116.437233,39.967121,429257155,147339904,4,66,0,0,50#
88285,$JYJ,13331194305,20111101191341,116.430267,39.962044,429231509,147321222,4,330,0,0,50#
64475,$JYJ,13311403140,20111101191737,116.430130,39.967720,429231014,147342147,0,116,0,0,50#
94268,$JYJ,13311453294,20111101191850,116.432686,39.966949,429240417,147339306,0,330,0,0,50#
103962,$JYJ,13311566845,20111101192418,116.434998,39.965351,429248916,147333394,25,302,0,0,50#
93855,$JYJ,13331154858,20111101192352,116.436050,39.964813,429252787,147331409,13,296,1,1,50#
16310,$JYJ,13331159418,20111101192044,116.431580,39.967445,429236350,147341110,12,292,1,1,50#
45813,$JYJ,13331194622,20111101192152,116.431816,39.961025,429237234,147317441,4,140,0,0,50#
8904,$JYJ,13331194999,20111101192023,116.437126,39.963440,429256736,147326320,12,122,1,1,50#
12347,$JYJ,13311300634,20111101192533,116.433441,39.966461,429243200,147337493,26,310,1,1,50#
92026,$JYJ,13311431161,20111101192846,116.432800,39.966255,429240832,147336718,13,138,1,1,50#
94899,$JYJ,13331194720,20111101192854,116.435280,39.964859,429249955,147331555,52,130,0,0,50#
14955,$JYJ,13311487223,20111101193042,116.439583,39.967522,429265814,147341364,19,80,1,1,50#
30725,$JYJ,13311489562,20111101193117,116.439201,39.967663,429264400,147341871,0,84,0,0,50#
53862,$JYJ,13381077401,20111101193213,116.438820,39.960121,429263003,147314083,4,224,0,0,50#
85733,$JYJ,13381077401,20111101193332,116.438782,39.960053,429262857,147313838,10,220,1,1,50#
21543,$JYJ,13301155457,20111101193556,116.436066,39.964676,429252871,147330907,12,310,0,0,50#
45791,$JYJ,13301214863,20111101193651,116.433517,39.966389,429243458,147337205,8,162,1,1,50#
82492,$JYJ,13311470386,20111101193826,116.431419,39.968880,429235767,147346423,10,302,1,1,50#
2115,$JYJ,13311470366,20111101194007,116.432732,39.966499,429240592,147337646,0,182,1,1,50#
67407,$JYJ,13321174708,20111101194249,116.438820,39.962669,429262971,147323491,19,306,0,0,50#
45838,$JYJ,13331156468,20111101194159,116.431847,39.960529,429237329,147315641,0,88,0,0,50#
87608,$JYJ,13331185824,20111101194342,116.439880,39.962261,429266880,147321981,21,326,0,0,50#
91134,$JYJ,13331187106,20111101194345,116.431297,39.967701,429235293,147342060,0,286,1,1,50#
39248,$JYJ,13311495331,20111101194635,116.431816,39.960972,429237208,147317242,26,130,1,1,50#
74140,$JYJ,13331156468,20111101194803,116.437920,39.963413,429259677,147326212,0,324,0,0,50#
96245,$JYJ,13331194978,20111101194902,116.437607,39.963623,429258535,147326996,25,318,0,0,50#
64585,$JYJ,13311480680,20111101195246,116.431015,39.967899,429234286,147342788,21,298,1,1,50#
57762,$JYJ,13370122472,20111101195228,116.435684,39.962112,429251461,147321443,28,38,0,0,50#
63826,$JYJ,13370189304,20111101195240,116.433098,39.967075,429241953,147339769,0,224,0,0,50#
4982,$JYJ,13381100934,20111101195012,116.431969,39.965557,429237783,147334145,6,210,0,0,50#
95045,$JYJ,13301204841,20111101195937,116.435547,39.965282,429250953,147333119,0,0,0,0,50#
51841,$JYJ,13311492071,20111101195744,116.439583,39.966194,429265787,147336482,6,284,0,0,50#
18801,$JYJ,13331093469,20111101195551,116.433601,39.965733,429243775,147334785,34,126,1,1,50#
100536,$JYJ,13370122491,20111101195948,116.431717,39.961182,429236862,147318021,6,52,1,1,50#
55649,$JYJ,13301208432,20111101200221,116.437149,39.964047,429256820,147328562,8,312,0,0,50#
36386,$JYJ,13301214225,20111101200128,116.430367,39.968090,429231864,147343500,15,286,1,1,50#
2623,$JYJ,13311431091,20111101200006,116.436783,39.963562,429255509,147326796,4,128,1,1,50#
23512,$JYJ,13311495183,20111101200102,116.430649,39.968220,429232902,147343977,0,330,0,0,50#
39353,$JYJ,13331194250,20111101200137,116.434166,39.968315,429245860,147344323,2,262,0,0,50#
16944,$JYJ,13370189304,20111101200046,116.430733,39.967999,429233218,147343155,6,280,1,1,50#
49893,$JYJ,13381069774,20111101200205,116.439583,39.961403,429265790,147318816,0,232,1,1,50#
62446,$JYJ,13381166343,20111101200234,116.437233,39.964062,429257165,147328636,17,308,1,1,50#
72464,$JYJ,13301157471,20111101200800,116.432648,39.960491,429240291,147315489,0,302,0,0,50#
79671,$JYJ,13301208432,20111101200822,116.430969,39.967880,429234082,147342733,17,288,1,1,50#
46871,$JYJ,13321164337,20111101200702,116.436836,39.963554,429255706,147326743,12,124,1,1,50#
93109,$JYJ,13301272155,20111101201353,116.436348,39.964458,429253910,147330074,30,308,1,1,50#
118191,$JYJ,13301272155,20111101201455,116.430702,39.968109,429233119,147343582,0,290,0,0,50#
89788,$JYJ,13311300804,20111101201342,116.432983,39.960217,429241505,147314474,0,190,1,1,50#
63588,$JYJ,13311426268,20111101201236,116.432884,39.969437,429241143,147348466,2,146,0,0,50#
17638,$JYJ,13381235459,20111101201043,116.430237,39.962231,429231400,147321897,6,126,1,1,50#
65653,$JYJ,13311403232,20111101201742,116.437515,39.963882,429258168,147327974,0,304,0,0,50#
77310,$JYJ,13311492086,20111101201809,116.432999,39.966988,429241553,147339424,0,230,1,1,50#
57096,$JYJ,13321164324,20111101202222,116.436714,39.969940,429255243,147350304,0,10,0,0,50#
61827,$JYJ,13301204954,20111101202731,116.432800,39.967072,429240850,147339756,0,290,0,0,50#
107452,$JYJ,13301214681,20111101202922,116.433746,39.962452,429244335,147322719,6,106,0,0,50#
38136,$JYJ,13311453233,20111101202635,116.431717,39.967098,429236847,147339853,0,0,1,1,50#
6891,$JYJ,13311487291,20111101203019,116.436363,39.969647,429253960,147349222,25,232,0,0,50#
61041,$JYJ,13311495236,20111101203235,116.434219,39.965935,429246070,147335528,12,314,1,1,50#
86508,$JYJ,13311572794,20111101203335,116.431702,39.961281,429236802,147318398,0,118,0,0,50#
33182,$JYJ,13321180447,20111101203120,116.435753,39.969452,429251716,147348504,17,228,1,1,50#
19466,$JYJ,13331194996,20111101203051,116.439972,39.962208,429267215,147321757,25,306,1,1,50#
81110,$JYJ,13301171744,20111101203818,116.433548,39.967560,429243584,147341521,4,210,1,1,50#
85663,$JYJ,13301214226,20111101203830,116.435699,39.969662,429251489,147349275,0,280,0,0,50#
111875,$JYJ,13301254282,20111101203933,116.434868,39.968948,429248427,147346659,12,282,0,0,50#
6387,$JYJ,13311453389,20111101203517,116.430031,39.962158,429230654,147321647,10,126,1,1,50#
23838,$JYJ,13301214507,20111101204113,116.432548,39.966839,429239924,147338883,60,130,3,0,50#
56362,$JYJ,13311487179,20111101204237,116.436867,39.963886,429255804,147327982,0,134,0,0,50#
5298,$JYJ,13321164485,20111101204010,116.433250,39.964294,429242478,147329483,2,18,0,0,50#
16597,$JYJ,13321164545,20111101204100,116.431450,39.967758,429235875,147342264,0,244,1,1,50#
48337,$JYJ,13331194268,20111101204216,116.433830,39.966133,429244635,147336291,2,328,0,0,50#
29353,$JYJ,13311403702,20111101204612,116.432419,39.960571,429239436,147315788,10,286,0,0,50#
84362,$JYJ,13311453439,20111101204833,116.436706,39.963741,429255193,147327457,0,0,0,0,50#
85718,$JYJ,13311453439,20111101204837,116.436706,39.963741,429255215,147327458,0,0,0,0,50#
75766,$JYJ,13311480750,20111101204812,116.432816,39.966888,429240889,147339060,0,0,0,0,50#
73389,$JYJ,13331154796,20111101204804,116.433586,39.966373,429243709,147337166,10,304,1,1,50#
3269,$JYJ,13331184995,20111101204506,116.437050,39.963623,429256487,147327020,0,120,1,1,50#
56183,$JYJ,13311300704,20111101205217,116.437820,39.963085,429259313,147325024,25,124,1,1,50#
15545,$JYJ,13311453439,20111101205039,116.436706,39.963741,429255193,147327454,0,0,0,0,50#
54384,$JYJ,13311453439,20111101205219,116.437004,39.963482,429256300,147326492,0,0,0,0,50#
55737,$JYJ,13311453439,20111101205223,116.437004,39.963482,429256303,147326498,0,0,0,0,50#
65063,$JYJ,13311453439,20111101205247,116.437004,39.963482,429256304,147326472,0,0,0,0,50#
75051,$JYJ,13311453439,20111101205312,116.437470,39.963268,429257998,147325687,19,116,1,1,50#
86883,$JYJ,13311453472,20111101205338,116.432770,39.966946,429240741,147339282,12,298,1,1,50#
32921,$JYJ,13311492214,20111101205628,116.432480,39.965328,429239664,147333305,0,258,0,0,50#
101964,$JYJ,13311403041,20111101210415,116.437614,39.963795,429258562,147327621,0,292,0,0,50#
105802,$JYJ,13311486509,20111101210420,116.432831,39.963348,429240932,147326026,25,226,0,0,50#
83261,$JYJ,13331194997,20111101210324,116.433815,39.964298,429244555,147329504,21,46,1,1,50#
13470,$JYJ,13381101824,20111101210031,116.439087,39.967514,429263980,147341341,26,76,0,0,50#
63925,$JYJ,13381101824,20111101210241,116.439385,39.967567,429265058,147341516,13,270,1,1,50#
119299,$JYJ,13381102284,20111101210453,116.434898,39.968941,429248568,147346613,17,48,1,1,50#
18762,$JYJ,13301214260,20111101210551,116.434235,39.965446,429246114,147333752,36,130,0,0,50#
86276,$JYJ,13301214260,20111101210837,116.437538,39.963841,429258271,147327798,0,0,0,0,50#
33351,$JYJ,13311021294,20111101210627,116.434097,39.965988,429245601,147335728,12,312,1,1,50#
91902,$JYJ,13311162463,20111101210851,116.433586,39.963974,429243729,147328322,2,34,0,0,50#
15377,$JYJ,13311403041,20111101210538,116.433266,39.966579,429242555,147337924,28,308,1,1,50#
96324,$JYJ,13331093491,20111101210856,116.432282,39.960796,429238917,147316612,12,136,0,0,50#
84936,$JYJ,13331093494,20111101210830,116.430168,39.968449,429231144,147344817,23,288,1,1,50#
67286,$JYJ,13331154963,20111101210745,116.433449,39.966717,429243226,147338432,8,322,0,0,50#
39745,$JYJ,13311431552,20111101211137,116.431198,39.961292,429234939,147318435,2,134,0,0,50#
1373,$JYJ,13331093491,20111101211001,116.432465,39.960678,429239581,147316184,4,124,1,1,50#
118742,$JYJ,13301157441,20111101211946,116.438950,39.967453,429263475,147341129,25,64,0,0,50#
84582,$JYJ,13301214260,20111101211826,116.437538,39.963841,429258275,147327807,0,0,0,0,50#
86687,$JYJ,13301214260,20111101211833,116.437530,39.963791,429258237,147327604,6,302,1,1,50#
61172,$JYJ,13311495122,20111101211726,116.430153,39.961998,429231108,147321036,0,220,0,0,50#
110340,$JYJ,13301208465,20111101212426,116.431648,39.961243,429236610,147318253,0,146,0,0,50#
34325,$JYJ,13311426395,20111101212121,116.432900,39.966843,429241187,147338894,15,310,1,1,50#
51882,$JYJ,13321180245,20111101212135,116.431969,39.960991,429237796,147317326,0,308,0,0,50#
59709,$JYJ,13331194868,20111101212227,116.435066,39.969051,429249190,147347037,4,236,0,0,50#
83750,$JYJ,13331194868,20111101212324,116.434921,39.969074,429248637,147347097,12,218,1,1,50#
59671,$JYJ,13301155341,20111101212727,116.432915,39.966827,429241247,147338840,0,316,0,0,50#
5039,$JYJ,13301208465,20111101212510,116.431786,39.961208,429237122,147318132,12,104,1,1,50#
110971,$JYJ,13311426435,20111101212929,116.433266,39.966038,429242532,147335919,26,126,1,1,50#
54578,$JYJ,13311453316,20111101212712,116.432800,39.966877,429240823,147339039,21,304,1,1,50#
949,$JYJ,13331154974,20111101212501,116.436997,39.963703,429256257,147327301,0,88,1,1,50#
60794,$JYJ,13301125476,20111101213231,116.432564,39.960636,429239946,147316019,0,324,0,0,50#
106181,$JYJ,13311431087,20111101213419,116.436462,39.964474,429254297,147330136,0,0,0,0,50#
81773,$JYJ,13301214212,20111101213823,116.436737,39.963444,429255327,147326355,0,146,1,1,50#
14059,$JYJ,13301214223,20111101213534,116.437218,39.966995,429257099,147339440,2,70,0,0,50#
107705,$JYJ,13331154909,20111101213926,116.436737,39.964222,429255340,147329216,23,304,1,1,50#
10719,$JYJ,13381063242,20111101213528,116.435219,39.969219,429249759,147347647,32,52,1,1,50#
11413,$JYJ,13311431043,20111101214030,116.432358,39.960579,429239207,147315819,6,258,0,0,50#
118730,$JYJ,13311453306,20111101214455,116.433067,39.960358,429241813,147314995,2,316,0,0,50#
35457,$JYJ,13311486494,20111101214132,116.438400,39.963226,429261461,147325531,26,314,0,0,50#
71368,$JYJ,13311486494,20111101214301,116.433350,39.966518,429242859,147337683,13,310,1,1,50#
117313,$JYJ,13311577742,20111101214456,116.432083,39.960792,429238186,147316610,4,126,0,0,50#
52930,$JYJ,13321164429,20111101214215,116.430367,39.968151,429231894,147343744,0,286,1,1,50#
89682,$JYJ,13381083463,20111101214342,116.433166,39.960068,429242199,147313903,6,316,0,0,50#
37536,$JYJ,13381235478,20111101214133,116.432701,39.960392,429240483,147315116,12,128,0,0,50#
55720,$JYJ,13321164424,20111101214717,116.435997,39.964104,429252580,147328792,2,134,0,0,50#
63029,$JYJ,13321164536,20111101214736,116.438103,39.964268,429260342,147329378,12,240,0,0,50#
99890,$JYJ,13321164536,20111101214905,116.437599,39.963799,429258502,147327655,0,304,1,1,50#
65485,$JYJ,13331093421,20111101214745,116.430267,39.960972,429231528,147317275,43,32,0,0,50#
78808,$JYJ,13331194387,20111101214818,116.432632,39.966980,429240239,147339406,25,304,0,0,50#
92864,$JYJ,13381063104,20111101214852,116.430382,39.962040,429231941,147321205,0,132,0,0,50#
44698,$JYJ,13311403246,20111101215154,116.432785,39.966305,429240788,147336898,15,124,1,1,50#
90346,$JYJ,13311453384,20111101215344,116.433334,39.967312,429242802,147340614,12,216,1,1,50#
16872,$JYJ,13321164535,20111101215041,116.430435,39.961849,429232122,147320513,0,148,1,1,50#
66536,$JYJ,13321183479,20111101215751,116.439552,39.963844,429265662,147327804,19,316,1,1,50#
81634,$JYJ,13331188649,20111101215824,116.434380,39.968647,429246658,147345534,23,218,1,1,50#
31734,$JYJ,13331194992,20111101215618,116.432632,39.960499,429240229,147315494,0,126,1,1,50#
21838,$JYJ,13370126463,20111101215557,116.433983,39.964310,429245207,147329557,0,50,0,0,50#
106947,$JYJ,13301204967,20111101220426,116.435753,39.964416,429251722,147329952,41,130,0,0,50#
32451,$JYJ,13301214168,20111101220122,116.439919,39.962330,429267010,147322234,15,314,1,1,50#
27644,$JYJ,13301214225,20111101220106,116.437416,39.963894,429257809,147327986,6,316,0,0,50#
78450,$JYJ,13301214225,20111101220312,116.431397,39.967674,429235664,147341973,6,296,1,1,50#
104678,$JYJ,13311576934,20111101220418,116.437019,39.964245,429256354,147329282,0,334,0,0,50#
21915,$JYJ,13331184966,20111101220059,116.437386,39.963238,429257723,147325587,0,136,0,0,50#
11844,$JYJ,13311162406,20111101220531,116.434067,39.962097,429245513,147321380,12,128,0,0,50#
96006,$JYJ,13311453388,20111101220858,116.430252,39.967686,429231466,147342002,36,108,1,1,50#
96474,$JYJ,13311453388,20111101220859,116.430359,39.967659,429231855,147341929,36,108,1,1,50#
96999,$JYJ,13311453388,20111101220900,116.430473,39.967628,429232281,147341796,38,110,1,1,50#
97527,$JYJ,13311453388,20111101220901,116.430588,39.967598,429232689,147341699,38,112,1,1,50#
98076,$JYJ,13311453388,20111101220902,116.430695,39.967560,429233101,147341534,38,114,1,1,50#
98660,$JYJ,13311453388,20111101220903,116.430801,39.967522,429233470,147341421,36,116,0,0,50#
99163,$JYJ,13311453388,20111101220905,116.431000,39.967434,429234220,147341081,36,118,1,1,50#
99736,$JYJ,13311453388,20111101220906,116.431091,39.967392,429234560,147340915,36,120,1,1,50#
100745,$JYJ,13311453388,20111101220908,116.431282,39.967300,429235256,147340586,34,122,1,1,50#
101262,$JYJ,13311453388,20111101220909,116.431374,39.967255,429235578,147340436,34,124,1,1,50#
103561,$JYJ,13311453388,20111101220917,116.432037,39.966862,429238044,147338980,30,128,1,1,50#
104118,$JYJ,13311453388,20111101220918,116.432106,39.966816,429238276,147338802,28,128,1,1,50#
5144,$JYJ,13311486346,20111101220512,116.430718,39.961708,429233176,147319981,8,128,1,1,50#
11864,$JYJ,13311492248,20111101220528,116.430382,39.961952,429231935,147320894,19,312,0,0,50#
104279,$JYJ,13321164424,20111101220915,116.430168,39.968227,429231174,147344029,17,286,1,1,50#
64685,$JYJ,13311211346,20111101221242,116.437118,39.963982,429256731,147328312,43,310,0,0,50#
5411,$JYJ,13311453388,20111101221015,116.437378,39.963306,429257699,147325849,34,130,1,1,50#
8186,$JYJ,13311453388,20111101221020,116.437828,39.963032,429259342,147324836,38,128,1,1,50#
8666,$JYJ,13311453388,20111101221022,116.438026,39.962910,429260077,147324382,39,128,0,0,50#
9156,$JYJ,13311453388,20111101221023,116.438126,39.962845,429260427,147324133,41,128,1,1,50#
9730,$JYJ,13311453388,20111101221024,116.438232,39.962780,429260828,147323898,41,130,0,0,50#
10837,$JYJ,13311453388,20111101221025,116.438332,39.962715,429261196,147323656,41,130,1,1,50#
11307,$JYJ,13311453388,20111101221026,116.438438,39.962646,429261579,147323404,41,130,1,1,50#
13183,$JYJ,13311453388,20111101221034,116.439270,39.962105,429264622,147321396,39,130,1,1,50#
13504,$JYJ,13311453388,20111101221035,116.439362,39.962040,429264994,147321169,39,132,1,1,50#
13825,$JYJ,13311453388,20111101221036,116.439453,39.961975,429265327,147320925,38,130,1,1,50#
14387,$JYJ,13311453388,20111101221037,116.439545,39.961918,429265658,147320703,36,130,1,1,50#
14899,$JYJ,13311453388,20111101221038,116.439629,39.961857,429265947,147320487,36,130,1,1,50#
15438,$JYJ,13311453388,20111101221039,116.439720,39.961800,429266296,147320267,34,130,1,1,50#
16432,$JYJ,13311453388,20111101221041,116.439880,39.961693,429266904,147319889,32,130,1,1,50#
16926,$JYJ,13311453388,20111101221042,116.439957,39.961643,429267179,147319684,30,130,1,1,50#
114018,$JYJ,13331063422,20111101221443,116.432732,39.966228,429240578,147336621,0,134,1,1,50#
7125,$JYJ,13331093426,20111101221020,116.431183,39.961777,429234865,147320228,25,36,1,1,50#
70101,$JYJ,13301214049,20111101221756,116.439796,39.962330,429266571,147322215,28,306,1,1,50#
19742,$JYJ,13301214844,20111101221548,116.430084,39.961906,429230846,147320714,0,218,0,0,50#
47938,$JYJ,13331063422,20111101221658,116.439484,39.962490,429265431,147322804,0,312,0,0,50#
69741,$JYJ,13301214288,20111101222248,116.432732,39.966877,429240604,147339038,15,308,1,1,50#
69743,$JYJ,13311495131,20111101222249,116.435997,39.969597,429252608,147349021,19,42,0,0,50#
76615,$JYJ,13311495164,20111101222306,116.431663,39.961117,429236674,147317786,0,134,0,0,50#
34293,$JYJ,13311495313,20111101222125,116.435692,39.969463,429251471,147348553,21,228,1,1,50#
55632,$JYJ,13301214660,20111101222718,116.434883,39.969067,429248524,147347101,0,312,0,0,50#
65381,$JYJ,13311431188,20111101222742,116.430649,39.961422,429232925,147318939,17,210,1,1,50#
103548,$JYJ,13311431453,20111101222922,116.432747,39.966209,429240648,147336546,10,122,1,1,50#
51656,$JYJ,13321174877,20111101222708,116.432930,39.966820,429241319,147338825,6,42,0,0,50#
106188,$JYJ,13370126456,20111101222923,116.433830,39.967819,429244623,147342475,0,38,0,0,50#
1804,$JYJ,13381153638,20111101222507,116.431580,39.966919,429236367,147339182,4,156,0,0,50#
34755,$JYJ,13311431014,20111101223126,116.431663,39.960987,429236650,147317299,0,138,0,0,50#
113605,$JYJ,13311487124,20111101223445,116.432114,39.968693,429238319,147345736,10,136,0,0,50#
20565,$JYJ,13311495076,20111101223051,116.430183,39.960926,429231204,147317112,0,98,0,0,50#
53368,$JYJ,13331063422,20111101223211,116.437065,39.963707,429256550,147327307,0,154,1,1,50#
110893,$JYJ,13311470478,20111101223938,116.432259,39.962666,429238844,147323515,19,44,0,0,50#
74948,$JYJ,13331188149,20111101223811,116.436516,39.964550,429254513,147330434,4,294,0,0,50#
18383,$JYJ,13311453374,20111101224049,116.439316,39.962544,429264789,147323015,28,306,1,1,50#
77669,$JYJ,13321164846,20111101224307,116.432701,39.960274,429240463,147314675,10,136,0,0,50#
95111,$JYJ,13321164805,20111101224851,116.430153,39.961899,429231111,147320687,4,318,0,0,50#
109729,$JYJ,13301214278,20111101225430,116.432449,39.967262,429239543,147340460,2,316,1,1,50#
103575,$JYJ,13331184782,20111101225418,116.436882,39.963574,429255834,147326839,2,178,0,0,50#
105011,$JYJ,13331184782,20111101225422,116.436867,39.963589,429255793,147326887,0,0,0,0,50#
53943,$JYJ,13301214214,20111101225716,116.431702,39.968285,429236788,147344230,10,36,0,0,50#
97216,$JYJ,13311026465,20111101225908,116.435204,39.964054,429249699,147328620,36,132,0,0,50#
112902,$JYJ,13311403519,20111101225942,116.430786,39.967926,429233420,147342887,12,298,0,0,50#
6110,$JYJ,13311453341,20111101225516,116.432182,39.960823,429238544,147316709,0,114,0,0,50#
3207,$JYJ,13331184782,20111101225511,116.436867,39.963589,429255782,147326880,0,0,0,0,50#
60500,$JYJ,13331184782,20111101225737,116.437118,39.964287,429256722,147329464,0,190,0,0,50#
64135,$JYJ,13331184782,20111101225745,116.437118,39.964291,429256718,147329476,0,0,0,0,50#
69207,$JYJ,13331184782,20111101225758,116.437195,39.964306,429256997,147329506,0,0,0,0,50#
82072,$JYJ,13331184782,20111101225830,116.437195,39.964306,429257001,147329515,0,0,0,0,50#
15331,$JYJ,13331063401,20111101230038,116.435768,39.969624,429251765,147349117,2,116,0,0,50#
88106,$JYJ,13331063401,20111101230336,116.432915,39.967224,429241241,147340311,2,206,1,1,50#
117465,$JYJ,13331063449,20111101230452,116.433197,39.967438,429242320,147341077,12,208,1,1,50#
63102,$JYJ,13381102714,20111101230239,116.432846,39.966888,429240988,147339056,0,0,0,0,50#
66054,$JYJ,13381275854,20111101230243,116.437180,39.964054,429256944,147328580,25,308,1,1,50#
112258,$JYJ,13301214246,20111101230938,116.432587,39.963059,429240063,147324948,28,32,0,0,50#
89012,$JYJ,13311489344,20111101230841,116.431030,39.968010,429234307,147343201,15,334,1,1,50#
99911,$JYJ,13311489549,20111101230907,116.437264,39.963955,429257256,147328230,30,308,1,1,50#
46192,$JYJ,13321174726,20111101230650,116.432648,39.966221,429240282,147336611,12,118,1,1,50#
41110,$JYJ,13331184782,20111101230646,116.437065,39.963505,429256511,147326567,4,124,1,1,50#
2829,$JYJ,13381102714,20111101230508,116.432846,39.966888,429241010,147339071,0,0,0,0,50#
67925,$JYJ,13381102714,20111101230752,116.432777,39.966885,429240739,147339048,8,306,1,1,50#
119278,$JYJ,13301214840,20111101231451,116.437302,39.964062,429257379,147328615,0,300,0,0,50#
34281,$JYJ,13311487284,20111101231122,116.439964,39.962158,429267178,147321570,13,298,1,1,50#
87442,$JYJ,13301214619,20111101231840,116.432869,39.962410,429241092,147322569,2,164,0,0,50#
64335,$JYJ,13311191441,20111101231741,116.439453,39.967548,429265328,147341461,0,76,0,0,50#
97736,$JYJ,13321164574,20111101232404,116.430183,39.962036,429231212,147321204,4,138,0,0,50#
115026,$JYJ,13311426024,20111101232949,116.436600,39.962830,429254836,147324091,13,30,0,0,50#
66639,$JYJ,13321164481,20111101233747,116.439301,39.961460,429264731,147319012,39,312,0,0,50#
42847,$JYJ,13331184818,20111101233646,116.430397,39.968182,429231979,147343860,0,298,1,1,50#
54573,$JYJ,13311453353,20111101235222,116.432526,39.966228,429239837,147336624,4,134,0,0,50#
110186,$JYJ,13311487195,20111101235444,116.435967,39.964047,429252479,147328586,34,244,0,0,50#
48876,$JYJ,13311495118,20111101235207,116.437202,39.967140,429257057,147339985,32,238,0,0,50#
59640,$JYJ,13331093414,20111101235230,116.438049,39.963493,429260145,147326504,6,314,1,1,50#
