7509,$JYJ,13301254019,20111101000526,116.449432,39.892159,429302001,147063464,4,176,1,1,50#
89674,$JYJ,13301127411,20111101001427,116.444183,39.890835,429282671,147058624,0,184,2,0,50#
47323,$JYJ,13311403651,20111101001222,116.448418,39.897823,429298256,147084371,0,300,0,0,50#
22008,$JYJ,13301127411,20111101001606,116.441063,39.892468,429271202,147064662,13,280,2,0,50#
73359,$JYJ,13321199470,20111101001843,116.444817,39.896118,429285019,147078106,12,272,0,0,50#
71450,$JYJ,13311426024,20111101002341,116.444237,39.896290,429282858,147078727,28,358,0,0,50#
79971,$JYJ,13331184989,20111101002410,116.442810,39.897987,429277626,147085008,0,0,0,0,50#
59508,$JYJ,13301214615,20111101002753,116.444397,39.892452,429283454,147064569,0,266,0,0,50#
13633,$JYJ,13311426024,20111101002538,116.449783,39.897465,429303257,147083018,6,146,1,1,50#
43635,$JYJ,13321199470,20111101002706,116.442864,39.890434,429277841,147057148,8,260,0,0,50#
19083,$JYJ,13331154973,20111101003054,116.444115,39.897106,429282440,147081752,0,176,0,0,50#
31643,$JYJ,13311453241,20111101003634,116.441238,39.892380,429271870,147064343,19,260,1,1,50#
39730,$JYJ,13311492136,20111101004658,116.441048,39.893848,429271127,147069752,8,300,0,0,50#
20332,$JYJ,13311492175,20111101004557,116.448685,39.897659,429299243,147083751,4,276,0,0,50#
65004,$JYJ,13311426468,20111101005817,116.447029,39.892353,429293138,147064209,0,0,0,0,50#
79325,$JYJ,13321164521,20111101005857,116.442749,39.892132,429277402,147063404,15,82,1,1,50#
66892,$JYJ,13331093491,20111101005820,116.444054,39.892162,429282221,147063531,13,96,1,1,50#
29691,$JYJ,13301204907,20111101010125,116.448196,39.895981,429297427,147077567,0,98,0,0,50#
87400,$JYJ,13311191475,20111101010421,116.444252,39.892426,429282911,147064486,8,272,0,0,50#
3217,$JYJ,13311426434,20111101010005,116.448036,39.892464,429296855,147064596,0,282,0,0,50#
56981,$JYJ,13331154711,20111101010252,116.449699,39.893745,429302954,147069300,28,0,0,0,50#
84756,$JYJ,13381077429,20111101010926,116.440132,39.890919,429267797,147058966,6,328,0,0,50#
36418,$JYJ,13301204907,20111101011147,116.442566,39.892403,429276724,147064399,8,272,1,1,50#
41661,$JYJ,13311453289,20111101012712,116.446136,39.892094,429289855,147063238,28,94,0,0,50#
6258,$JYJ,13331194955,20111101012518,116.446770,39.892322,429292183,147064074,0,104,0,0,50#
35443,$JYJ,13311191412,20111101014149,116.440834,39.892387,429270350,147064379,0,272,0,0,50#
59287,$JYJ,13311191412,20111101014313,116.440804,39.892426,429270244,147064517,10,268,1,1,50#
23948,$JYJ,13311300724,20111101014116,116.449570,39.893867,429302481,147069776,0,0,0,0,50#
15606,$JYJ,13311453280,20111101014046,116.449570,39.895195,429302484,147074669,17,176,1,1,50#
76220,$JYJ,13301127416,20111101015914,116.449615,39.894817,429302658,147073283,0,172,0,0,50#
79174,$JYJ,13311490918,20111101020420,116.444153,39.897873,429282568,147084554,19,352,0,0,50#
32814,$JYJ,13311403257,20111101021146,116.449219,39.897274,429301207,147082342,2,118,0,0,50#
82156,$JYJ,13311495004,20111101023440,116.442780,39.898811,429277527,147088038,0,354,0,0,50#
27382,$JYJ,13311403187,20111101024132,116.442780,39.890659,429277531,147057991,10,272,0,0,50#
39318,$JYJ,13311489630,20111101024215,116.444519,39.891995,429283905,147062890,13,64,1,1,50#
83633,$JYJ,13301272063,20111101024952,116.444183,39.897102,429282679,147081740,0,12,0,0,50#
14565,$JYJ,13321191574,20111101025047,116.442749,39.892132,429277399,147063421,15,70,1,1,50#
65019,$JYJ,13311453468,20111101025853,116.442139,39.890037,429275174,147055689,26,186,0,0,50#
16695,$JYJ,13301204839,20111101031556,116.445549,39.892368,429287701,147064255,15,254,1,1,50#
66058,$JYJ,13381083475,20111101033857,116.445648,39.892426,429288066,147064476,2,266,0,0,50#
10072,$JYJ,13381083483,20111101042536,116.442802,39.891956,429277614,147062775,41,268,1,1,50#
62348,$JYJ,13311453335,20111101043358,116.442032,39.891960,429274759,147062793,2,194,0,0,50#
62576,$JYJ,13311431003,20111101044354,116.448151,39.895985,429297262,147077592,0,50,1,1,50#
23975,$JYJ,13321164886,20111101050622,116.442718,39.892197,429277274,147063668,6,108,1,1,50#
19033,$JYJ,13381083475,20111101050605,116.442215,39.892342,429275461,147064192,12,74,1,1,50#
22719,$JYJ,13331194486,20111101051118,116.441635,39.892105,429273318,147063327,47,88,0,0,50#
27118,$JYJ,13321164795,20111101051632,116.449951,39.897572,429303903,147083414,13,116,1,1,50#
68259,$JYJ,13311426349,20111101052358,116.445992,39.896103,429289343,147078019,0,0,0,0,50#
72336,$JYJ,13311426349,20111101052907,116.445992,39.896103,429289336,147078026,0,0,0,0,50#
5581,$JYJ,13311426349,20111101053018,116.448769,39.896011,429299547,147077669,49,90,1,1,50#
9876,$JYJ,13311486532,20111101055028,116.440315,39.892395,429268446,147064405,10,270,1,1,50#
35715,$JYJ,13331194949,20111101055152,116.449585,39.894699,429302525,147072823,25,178,1,1,50#
19430,$JYJ,13331154856,20111101061057,116.441498,39.898071,429272815,147085304,2,204,0,0,50#
34763,$JYJ,13331194642,20111101061143,116.443901,39.892178,429281652,147063590,0,90,3,0,50#
29298,$JYJ,13301156043,20111101061626,116.446831,39.892078,429292417,147063176,17,86,1,1,50#
81151,$JYJ,13331156410,20111101062404,116.441864,39.892193,429274155,147063637,10,130,1,1,50#
88258,$JYJ,13311492134,20111101063418,116.446533,39.892349,429291338,147064203,19,272,1,1,50#
96711,$JYJ,13311162406,20111101063944,116.444000,39.896046,429282003,147077818,0,0,0,0,50#
17040,$JYJ,13331156449,20111101063547,116.444214,39.892456,429282785,147064601,10,264,1,1,50#
37718,$JYJ,13370122423,20111101063646,116.449387,39.895969,429301804,147077519,15,96,1,1,50#
16321,$JYJ,13311162406,20111101064046,116.444000,39.896046,429281996,147077844,0,0,0,0,50#
85984,$JYJ,13301214271,20111101065911,116.449280,39.892231,429301430,147063738,26,274,1,1,50#
61048,$JYJ,13311495197,20111101065757,116.444031,39.892376,429282110,147064299,0,274,0,0,50#
45218,$JYJ,13311563724,20111101070210,116.446251,39.890629,429290303,147057843,4,136,0,0,50#
73823,$JYJ,13311563724,20111101070327,116.446480,39.890507,429291138,147057407,13,154,1,1,50#
104013,$JYJ,13301214027,20111101071452,116.449768,39.897560,429303224,147083373,15,90,1,1,50#
102601,$JYJ,13301214753,20111101072958,116.445419,39.896034,429287213,147077771,34,258,0,0,50#
28299,$JYJ,13301214753,20111101073124,116.444267,39.896667,429282985,147080109,4,240,1,1,50#
83753,$JYJ,13311486326,20111101073902,116.449501,39.890480,429302226,147057262,23,176,1,1,50#
28754,$JYJ,13321164489,20111101073618,116.447937,39.892429,429296461,147064489,0,262,0,0,50#
40000,$JYJ,13321164489,20111101073655,116.447601,39.892380,429295240,147064306,26,272,1,1,50#
55274,$JYJ,13331188843,20111101073735,116.444397,39.892120,429283485,147063376,2,96,1,1,50#
29566,$JYJ,13321174971,20111101074119,116.449699,39.895420,429302944,147075491,23,176,1,1,50#
35896,$JYJ,13331154901,20111101074639,116.442665,39.892422,429277090,147064498,25,274,1,1,50#
39680,$JYJ,13311492266,20111101075151,116.444115,39.895027,429282427,147074063,19,0,1,1,50#
33446,$JYJ,13311403399,20111101075632,116.447098,39.892364,429293378,147064248,43,268,3,0,50#
83111,$JYJ,13301156774,20111101080940,116.444550,39.896023,429284048,147077755,17,78,2,0,50#
32788,$JYJ,13311492271,20111101081133,116.441765,39.898708,429273775,147087662,10,0,1,1,50#
64654,$JYJ,13311486305,20111101081904,116.449867,39.892189,429303587,147063590,0,330,0,0,50#
89767,$JYJ,13301164967,20111101082943,116.444130,39.897377,429282495,147082758,6,178,1,1,50#
65558,$JYJ,13311495175,20111101082835,116.449654,39.895863,429302817,147077105,34,204,1,1,50#
49291,$JYJ,13301157468,20111101083233,116.440201,39.892376,429268050,147064316,13,282,0,0,50#
42587,$JYJ,13321180439,20111101084222,116.443169,39.891998,429278968,147062924,0,0,0,0,50#
46640,$JYJ,13321180439,20111101085237,116.444481,39.895969,429283767,147077535,17,76,1,1,50#
34526,$JYJ,13301157402,20111101085655,116.444519,39.898544,429283922,147087046,8,168,1,1,50#
22307,$JYJ,13321180454,20111101085614,116.440865,39.890552,429270485,147057603,23,148,0,0,50#
47365,$JYJ,13321180454,20111101085736,116.440185,39.890087,429267971,147055877,0,58,1,1,50#
63873,$JYJ,13331093403,20111101090836,116.444984,39.892326,429285621,147064100,47,274,0,0,50#
76727,$JYJ,13331093403,20111101090923,116.444183,39.892326,429282698,147064135,12,258,1,1,50#
52431,$JYJ,13331194192,20111101090756,116.443886,39.892246,429281565,147063834,0,0,0,0,50#
67136,$JYJ,13331194192,20111101090848,116.443085,39.892349,429278651,147064201,28,268,1,1,50#
42375,$JYJ,13301125438,20111101091208,116.442802,39.890243,429277603,147056437,13,96,0,0,50#
65511,$JYJ,13311431549,20111101091317,116.442299,39.892143,429275752,147063444,26,78,1,1,50#
91929,$JYJ,13301155436,20111101091950,116.449585,39.893269,429302550,147067556,34,358,0,0,50#
56855,$JYJ,13311403716,20111101091757,116.442352,39.892357,429275940,147064240,12,268,1,1,50#
69670,$JYJ,13381235458,20111101091839,116.449966,39.897629,429303956,147083629,0,256,1,1,50#
82425,$JYJ,13301277573,20111101092436,116.442413,39.892384,429276188,147064332,28,264,1,1,50#
57229,$JYJ,13311564407,20111101092307,116.442200,39.890373,429275362,147056928,4,358,1,1,50#
14732,$JYJ,13331194463,20111101092055,116.444054,39.892315,429282198,147064094,17,262,1,1,50#
67959,$JYJ,13301150147,20111101092845,116.442314,39.898014,429275800,147085089,25,268,0,0,50#
25337,$JYJ,13311486347,20111101093116,116.449654,39.893883,429302816,147069818,36,180,1,1,50#
42248,$JYJ,13301150147,20111101093723,116.442146,39.898048,429275200,147085233,15,274,1,1,50#
32763,$JYJ,13301214093,20111101093647,116.443230,39.891228,429279164,147060064,2,248,1,1,50#
53767,$JYJ,13381153618,20111101094253,116.449547,39.893639,429302397,147068929,0,312,1,1,50#
74618,$JYJ,13301214077,20111101094848,116.443184,39.890728,429279020,147058224,0,8,1,1,50#
52463,$JYJ,13311453274,20111101095238,116.443565,39.892273,429280421,147063943,15,260,1,1,50#
44747,$JYJ,13311453490,20111101095214,116.444183,39.892380,429282692,147064306,12,252,1,1,50#
71025,$JYJ,13311489473,20111101095336,116.449715,39.894943,429303038,147073720,23,176,1,1,50#
91137,$JYJ,13331156483,20111101095431,116.443497,39.890671,429280168,147058039,0,0,1,1,50#
87869,$JYJ,13301164939,20111101095932,116.443802,39.897995,429281261,147085014,4,96,1,1,50#
12825,$JYJ,13311403579,20111101095537,116.441269,39.892044,429271939,147063114,6,22,1,1,50#
17989,$JYJ,13311453275,20111101095551,116.449516,39.891632,429302293,147061525,0,186,0,0,50#
63171,$JYJ,13311488196,20111101095814,116.449600,39.893623,429302590,147068870,30,178,1,1,50#
8870,$JYJ,13301251410,20111101100023,116.448883,39.892055,429299965,147063076,38,92,0,0,50#
14051,$JYJ,13331194309,20111101100045,116.445114,39.892071,429286084,147063188,60,90,0,0,50#
55729,$JYJ,13311489416,20111101100819,116.441269,39.892391,429271955,147064385,32,274,0,0,50#
52305,$JYJ,13311577624,20111101100811,116.445732,39.897663,429288379,147083789,0,98,1,1,50#
45360,$JYJ,13321180384,20111101100745,116.444168,39.896648,429282646,147080050,0,334,0,0,50#
69411,$JYJ,13381093064,20111101100912,116.441582,39.892372,429273103,147064315,39,270,0,0,50#
60038,$JYJ,13311486427,20111101101346,116.449997,39.893799,429304067,147069506,32,180,1,1,50#
74097,$JYJ,13311486511,20111101101855,116.449387,39.892593,429301820,147065069,17,254,1,1,50#
23846,$JYJ,13311492224,20111101102114,116.449547,39.890526,429302404,147057462,17,352,1,1,50#
22742,$JYJ,13311495394,20111101102111,116.441368,39.892124,429272336,147063405,8,106,1,1,50#
89343,$JYJ,13301207984,20111101102933,116.449585,39.894795,429302543,147073181,12,164,1,1,50#
28839,$JYJ,13311426129,20111101103132,116.449417,39.895920,429301911,147077331,12,90,1,1,50#
54126,$JYJ,13311489501,20111101103754,116.441734,39.891983,429273655,147062859,0,90,0,0,50#
68881,$JYJ,13311492312,20111101103839,116.449516,39.891045,429302300,147059343,19,178,1,1,50#
11770,$JYJ,13311431368,20111101104034,116.442169,39.892002,429275284,147062939,2,80,1,1,50#
48495,$JYJ,13311431126,20111101105228,116.441231,39.891220,429271810,147060052,6,272,0,0,50#
66423,$JYJ,13311431126,20111101105321,116.440567,39.890713,429269372,147058181,26,190,1,1,50#
95335,$JYJ,13311578044,20111101105452,116.442398,39.890869,429276131,147058776,0,8,0,0,50#
70883,$JYJ,13311565847,20111101110342,116.449951,39.891872,429303880,147062401,23,84,1,1,50#
65886,$JYJ,13311426129,20111101110829,116.447067,39.895947,429293273,147077462,15,88,1,1,50#
23890,$JYJ,13331111455,20111101110619,116.449486,39.896015,429302184,147077678,8,118,1,1,50#
15971,$JYJ,13301104128,20111101111053,116.447632,39.892013,429295341,147062936,12,100,1,1,50#
10587,$JYJ,13301157624,20111101111032,116.444115,39.892429,429282424,147064510,0,266,0,0,50#
48605,$JYJ,13301157624,20111101111233,116.440651,39.892490,429269678,147064763,15,270,1,1,50#
22758,$JYJ,13301164956,20111101111114,116.440781,39.891357,429270163,147060586,4,76,0,0,50#
45572,$JYJ,13301164956,20111101111228,116.442314,39.891788,429275806,147062152,26,86,1,1,50#
22131,$JYJ,13331194933,20111101111114,116.444351,39.896458,429283301,147079338,23,6,0,0,50#
15431,$JYJ,13311023934,20111101111543,116.442284,39.891937,429275707,147062691,0,0,0,0,50#
41587,$JYJ,13311023934,20111101111705,116.443817,39.892067,429281323,147063156,0,0,1,1,50#
53116,$JYJ,13311563934,20111101111752,116.444016,39.895882,429282064,147077220,8,98,1,1,50#
10901,$JYJ,13311453237,20111101112033,116.448052,39.892414,429296885,147064428,4,72,0,0,50#
60551,$JYJ,13311453442,20111101112319,116.444298,39.897644,429283118,147083741,15,90,1,1,50#
68824,$JYJ,13321189884,20111101112346,116.447113,39.895977,429293471,147077552,21,86,0,0,50#
74767,$JYJ,13301214151,20111101112840,116.449715,39.895542,429303019,147075928,2,184,1,1,50#
66645,$JYJ,13311489558,20111101112829,116.445618,39.892376,429287935,147064304,0,264,0,0,50#
93484,$JYJ,13311489558,20111101112954,116.440483,39.892429,429269076,147064540,15,274,1,1,50#
38749,$JYJ,13311492301,20111101112657,116.447418,39.892899,429294563,147066206,0,354,0,0,50#
51375,$JYJ,13311492301,20111101112737,116.448387,39.892727,429298143,147065573,25,80,1,1,50#
1949,$JYJ,13331194412,20111101112501,116.448235,39.897831,429297561,147084400,0,326,1,1,50#
74486,$JYJ,13301272971,20111101113338,116.444885,39.895962,429285279,147077525,10,90,1,1,50#
44610,$JYJ,13321164548,20111101113215,116.448570,39.892235,429298804,147063755,0,106,1,1,50#
29850,$JYJ,13301164967,20111101113627,116.447464,39.892433,429294755,147064504,17,268,1,1,50#
69705,$JYJ,13321164555,20111101113825,116.449585,39.891766,429302524,147062020,13,186,0,0,50#
74119,$JYJ,13331194995,20111101113836,116.449852,39.895454,429303542,147075598,4,318,0,0,50#
92906,$JYJ,13331063413,20111101114436,116.449432,39.892864,429301986,147066071,25,282,1,1,50#
68560,$JYJ,13301208464,20111101114824,116.449753,39.893200,429303179,147067318,17,2,1,1,50#
19722,$JYJ,13311470462,20111101114602,116.445648,39.897789,429288067,147084261,0,116,0,0,50#
3029,$JYJ,13311570341,20111101114506,116.448402,39.897846,429298191,147084426,6,292,0,0,50#
57574,$JYJ,13311492196,20111101115254,116.443764,39.892406,429281149,147064415,13,260,1,1,50#
23947,$JYJ,13331185184,20111101115108,116.449768,39.894497,429303223,147072089,0,24,0,0,50#
12176,$JYJ,13301156463,20111101115534,116.440849,39.892593,429270412,147065111,13,268,1,1,50#
16042,$JYJ,13301208433,20111101115545,116.447502,39.892532,429294877,147064843,0,274,0,0,50#
78870,$JYJ,13311426297,20111101115854,116.447884,39.892704,429296276,147065498,30,260,1,1,50#
97068,$JYJ,13311431292,20111101115950,116.449600,39.890564,429302602,147057592,0,184,0,0,50#
81829,$JYJ,13331194162,20111101115904,116.449783,39.898128,429303274,147085457,0,44,0,0,50#
166,$JYJ,13331194423,20111101115501,116.449730,39.895496,429303087,147075777,2,32,0,0,50#
30691,$JYJ,13370129569,20111101115628,116.442520,39.891025,429276575,147059348,0,92,0,0,50#
82682,$JYJ,13370129569,20111101115906,116.444130,39.891140,429282491,147059736,12,358,1,1,50#
40170,$JYJ,13321199314,20111101120722,116.449631,39.895592,429302690,147076138,13,184,1,1,50#
4937,$JYJ,13311492283,20111101121016,116.443214,39.890797,429279120,147058504,0,286,0,0,50#
27739,$JYJ,13311492283,20111101121135,116.440185,39.890904,429267962,147058889,25,324,1,1,50#
20377,$JYJ,13331185654,20111101121112,116.440506,39.892483,429269172,147064727,17,270,1,1,50#
41723,$JYJ,13370189215,20111101121742,116.443603,39.894997,429280540,147073958,0,102,0,0,50#
17864,$JYJ,13301254019,20111101122620,116.447601,39.898186,429295253,147085702,10,166,0,0,50#
42047,$JYJ,13301254019,20111101122754,116.448280,39.898060,429297768,147085216,10,172,1,1,50#
57203,$JYJ,13301125450,20111101123407,116.446549,39.897747,429291359,147084092,23,90,1,1,50#
47003,$JYJ,13301214851,20111101123315,116.444481,39.897407,429283789,147082840,21,176,1,1,50#
2689,$JYJ,13311492337,20111101123007,116.440536,39.892681,429269272,147065439,12,280,1,1,50#
41101,$JYJ,13311403369,20111101123720,116.442749,39.892197,429277400,147063656,26,72,1,1,50#
22244,$JYJ,13311431466,20111101123620,116.448486,39.892380,429298512,147064274,39,272,0,0,50#
11289,$JYJ,13311453391,20111101123540,116.448692,39.895924,429299246,147077368,17,88,1,1,50#
17962,$JYJ,13370126417,20111101124101,116.449699,39.896019,429302971,147077680,19,38,1,1,50#
35971,$JYJ,13301214516,20111101124648,116.445579,39.896049,429287824,147077853,25,274,1,1,50#
49418,$JYJ,13311487235,20111101124742,116.449852,39.897591,429303518,147083499,0,48,1,1,50#
17154,$JYJ,13321199449,20111101124551,116.442520,39.891972,429276582,147062833,6,94,1,1,50#
86090,$JYJ,13381069234,20111101124936,116.443130,39.892380,429278788,147064326,6,270,1,1,50#
40349,$JYJ,13301125049,20111101125215,116.441582,39.892879,429273108,147066185,21,268,1,1,50#
82930,$JYJ,13311403212,20111101125435,116.447067,39.892288,429293286,147063952,6,264,1,1,50#
79814,$JYJ,13331194709,20111101125424,116.448769,39.897465,429299553,147083036,8,280,0,0,50#
41184,$JYJ,13370122460,20111101125217,116.442802,39.897957,429277606,147084893,13,100,1,1,50#
38094,$JYJ,13331093423,20111101125707,116.446587,39.897690,429291507,147083866,0,0,1,1,50#
88683,$JYJ,13381066664,20111101125956,116.444481,39.895992,429283794,147077623,8,88,1,1,50#
50164,$JYJ,13381095543,20111101125750,116.449615,39.890480,429302670,147057269,6,128,0,0,50#
80968,$JYJ,13381083485,20111101130451,116.440987,39.892403,429270928,147064426,19,266,1,1,50#
19572,$JYJ,13301214027,20111101130604,116.444099,39.897713,429282360,147083992,13,94,1,1,50#
51023,$JYJ,13311566524,20111101130743,116.443184,39.898209,429279013,147085800,0,340,0,0,50#
86356,$JYJ,13311486228,20111101131946,116.443100,39.890652,429278680,147057968,0,104,1,1,50#
81364,$JYJ,13311495045,20111101131926,116.449730,39.894192,429303086,147070950,15,332,1,1,50#
86214,$JYJ,13311564441,20111101131942,116.440315,39.892303,429268435,147064054,0,98,0,0,50#
33735,$JYJ,13331194448,20111101131704,116.449600,39.890648,429302614,147057903,2,216,0,0,50#
52084,$JYJ,13331194643,20111101131802,116.447037,39.895989,429293159,147077603,13,272,0,0,50#
27377,$JYJ,13301208480,20111101132624,116.440552,39.890835,429269305,147058633,0,268,0,0,50#
16761,$JYJ,13301214287,20111101132550,116.444435,39.892128,429283586,147063381,8,94,0,0,50#
63499,$JYJ,13301164992,20111101133307,116.444168,39.897076,429282612,147081625,12,178,1,1,50#
47416,$JYJ,13311489481,20111101133225,116.449699,39.890480,429302971,147057262,2,76,0,0,50#
66880,$JYJ,13381083430,20111101133325,116.444450,39.892357,429283655,147064246,4,0,0,0,50#
67272,$JYJ,13311489427,20111101133846,116.444214,39.897697,429282790,147083914,0,352,0,0,50#
55058,$JYJ,13331194419,20111101133754,116.446365,39.890266,429290721,147056518,0,166,0,0,50#
41181,$JYJ,13311426299,20111101134159,116.443520,39.895012,429280239,147074038,6,156,0,0,50#
79660,$JYJ,13311426299,20111101134359,116.442917,39.895847,429278034,147077095,10,78,1,1,50#
80186,$JYJ,13301214550,20111101135423,116.444054,39.892563,429282220,147064999,25,266,1,1,50#
52183,$JYJ,13311489427,20111101135250,116.446068,39.896580,429289613,147079790,0,338,1,1,50#
51651,$JYJ,13311567142,20111101135244,116.449631,39.895546,429302732,147075939,26,178,1,1,50#
21530,$JYJ,13301214435,20111101135610,116.449631,39.891796,429302706,147062126,13,0,1,1,50#
70328,$JYJ,13311021084,20111101135855,116.440331,39.892448,429268521,147064597,45,270,1,1,50#
40297,$JYJ,13311431264,20111101135717,116.449097,39.897629,429300739,147083649,10,154,0,0,50#
73603,$JYJ,13311453323,20111101135903,116.449753,39.893589,429303159,147068722,23,178,1,1,50#
80044,$JYJ,13331194994,20111101135927,116.444641,39.896389,429284353,147079081,2,292,0,0,50#
8044,$JYJ,13311492110,20111101140524,116.448418,39.897900,429298244,147084651,0,252,0,0,50#
26681,$JYJ,13311492110,20111101140626,116.448387,39.897869,429298139,147084541,6,156,1,1,50#
56009,$JYJ,13311492176,20111101140825,116.446747,39.892090,429292088,147063235,32,96,0,0,50#
42999,$JYJ,13381063142,20111101140727,116.442764,39.890583,429277480,147057690,0,92,0,0,50#
78432,$JYJ,13381063142,20111101140945,116.442864,39.890614,429277810,147057826,0,106,1,1,50#
77602,$JYJ,13311191493,20111101141403,116.449982,39.891922,429304019,147062607,0,128,1,1,50#
13372,$JYJ,13381063142,20111101141043,116.444336,39.892487,429283246,147064695,0,8,0,0,50#
28284,$JYJ,13301209446,20111101141628,116.445633,39.897785,429288026,147084248,0,262,0,0,50#
49188,$JYJ,13301209446,20111101141741,116.445900,39.897720,429288982,147083984,19,88,1,1,50#
67276,$JYJ,13311486519,20111101142314,116.448570,39.897686,429298811,147083834,13,260,0,0,50#
103520,$JYJ,13301272063,20111101142943,116.449699,39.892517,429302982,147064801,0,6,0,0,50#
43484,$JYJ,13331184973,20111101142716,116.449646,39.894951,429302752,147073757,0,174,0,0,50#
93778,$JYJ,13331184973,20111101142923,116.449638,39.892475,429302751,147064627,0,0,1,1,50#
68769,$JYJ,13381063142,20111101142819,116.445648,39.892368,429288066,147064278,12,274,1,1,50#
41269,$JYJ,13301214525,20111101143143,116.445099,39.890984,429286035,147059180,0,226,0,0,50#
115364,$JYJ,13301254230,20111101143444,116.449966,39.892036,429303961,147063017,8,84,0,0,50#
103437,$JYJ,13301272063,20111101143415,116.449654,39.893719,429302805,147069205,4,2,1,1,50#
44013,$JYJ,13311426410,20111101143153,116.441231,39.892002,429271801,147062946,0,0,1,1,50#
65446,$JYJ,13311431503,20111101143246,116.442131,39.890434,429275118,147057148,0,208,0,0,50#
77325,$JYJ,13331187136,20111101143315,116.441170,39.892448,429271585,147064580,21,296,0,0,50#
29126,$JYJ,13311022644,20111101143612,116.445579,39.897766,429287812,147084149,23,270,1,1,50#
15847,$JYJ,13311486519,20111101143539,116.448463,39.897732,429298413,147084008,0,134,1,1,50#
62731,$JYJ,13381153637,20111101143740,116.446549,39.896080,429291385,147077936,0,274,0,0,50#
84507,$JYJ,13301155448,20111101144832,116.442146,39.891750,429275171,147062027,0,174,0,0,50#
104986,$JYJ,13301155448,20111101144922,116.442215,39.891846,429275457,147062378,12,46,1,1,50#
107095,$JYJ,13311453474,20111101144927,116.449715,39.893898,429303025,147069877,4,12,0,0,50#
45484,$JYJ,13311470470,20111101144653,116.444336,39.892040,429283226,147063079,4,86,0,0,50#
48623,$JYJ,13311486220,20111101144701,116.445831,39.892368,429288759,147064256,25,262,1,1,50#
63252,$JYJ,13301254172,20111101145237,116.447586,39.890682,429295199,147058023,2,220,0,0,50#
110713,$JYJ,13301272019,20111101145437,116.444183,39.891975,429282686,147062815,0,152,0,0,50#
22626,$JYJ,13311403226,20111101145055,116.447434,39.892441,429294612,147064513,25,268,0,0,50#
3269,$JYJ,13311453474,20111101145009,116.449600,39.893745,429302584,147069329,21,182,1,1,50#
82077,$JYJ,13311495351,20111101145323,116.449570,39.892235,429302504,147063763,10,264,1,1,50#
101534,$JYJ,13331188543,20111101145417,116.449638,39.894020,429302734,147070333,19,0,1,1,50#
22681,$JYJ,13301254172,20111101145556,116.449532,39.891888,429302363,147062474,17,178,1,1,50#
65512,$JYJ,13311403226,20111101145742,116.449364,39.892197,429301745,147063618,0,90,1,1,50#
22929,$JYJ,13311487268,20111101145602,116.446030,39.896103,429289452,147078044,0,274,0,0,50#
20867,$JYJ,13311489344,20111101145555,116.443886,39.892418,429281590,147064468,0,284,0,0,50#
81628,$JYJ,13321189848,20111101145823,116.446716,39.892410,429291979,147064406,8,264,1,1,50#
8557,$JYJ,13331063402,20111101145522,116.443787,39.890728,429281201,147058233,6,276,0,0,50#
47047,$JYJ,13311431064,20111101150153,116.441818,39.896938,429273992,147081130,4,194,0,0,50#
114630,$JYJ,13331194090,20111101150456,116.449684,39.895630,429302893,147076257,19,176,1,1,50#
44196,$JYJ,13301214729,20111101150655,116.449753,39.891834,429303145,147062271,17,38,1,1,50#
97951,$JYJ,13301214861,20111101150909,116.449669,39.895226,429302848,147074779,0,0,0,0,50#
41892,$JYJ,13301104075,20111101151150,116.449631,39.890758,429302709,147058319,19,354,1,1,50#
34363,$JYJ,13301156241,20111101151129,116.442100,39.895828,429275022,147077048,19,258,0,0,50#
100338,$JYJ,13301254387,20111101151441,116.448052,39.892036,429296888,147063042,19,90,1,1,50#
8058,$JYJ,13311492106,20111101151017,116.441284,39.892433,429272012,147064549,2,278,0,0,50#
28788,$JYJ,13311492106,20111101151114,116.440750,39.892460,429270042,147064647,0,272,1,1,50#
102028,$JYJ,13301155343,20111101152427,116.443733,39.892307,429281026,147064057,12,316,0,0,50#
70355,$JYJ,13301204893,20111101152307,116.448280,39.897770,429297764,147084149,0,198,1,1,50#
88820,$JYJ,13301204971,20111101152354,116.449615,39.893936,429302649,147070023,15,58,0,0,50#
95928,$JYJ,13311426236,20111101152412,116.449631,39.890610,429302696,147057749,12,2,1,1,50#
55920,$JYJ,13311489427,20111101152225,116.447350,39.896019,429294312,147077701,0,100,0,0,50#
29016,$JYJ,13311488227,20111101152613,116.440147,39.892525,429267830,147064863,2,302,0,0,50#
105347,$JYJ,13381153653,20111101152927,116.449753,39.890980,429303167,147059122,10,270,0,0,50#
23026,$JYJ,13311453478,20111101153056,116.449654,39.894901,429302798,147073567,0,198,1,1,50#
82740,$JYJ,13311470305,20111101153341,116.442017,39.892342,429274689,147064202,21,88,0,0,50#
35850,$JYJ,13311489427,20111101153132,116.449631,39.891205,429302728,147059964,0,332,1,1,50#
111667,$JYJ,13301204961,20111101153953,116.443649,39.890739,429280734,147058261,8,266,0,0,50#
106835,$JYJ,13311489481,20111101153941,116.447647,39.892288,429295412,147063947,15,266,1,1,50#
110346,$JYJ,13311489690,20111101153945,116.440269,39.892471,429268278,147064689,15,272,1,1,50#
56797,$JYJ,13331187195,20111101153724,116.447350,39.891975,429294317,147062796,2,92,0,0,50#
72695,$JYJ,13381101224,20111101153809,116.442482,39.892052,429276424,147063130,19,74,1,1,50#
85739,$JYJ,13381102654,20111101153842,116.441170,39.890827,429271599,147058609,0,268,1,1,50#
70678,$JYJ,13301204961,20111101154300,116.440987,39.892410,429270903,147064461,10,260,1,1,50#
19979,$JYJ,13311492176,20111101154050,116.444420,39.892429,429283559,147064508,13,272,1,1,50#
66032,$JYJ,13331035494,20111101154746,116.449692,39.894344,429302938,147071536,30,356,0,0,50#
56742,$JYJ,13331156480,20111101154720,116.444351,39.897224,429283283,147082194,0,186,0,0,50#
67747,$JYJ,13331156480,20111101154748,116.444336,39.897156,429283260,147081941,17,174,1,1,50#
92069,$JYJ,13301156974,20111101155348,116.442368,39.891510,429275990,147061138,0,214,0,0,50#
81549,$JYJ,13311426425,20111101155321,116.449585,39.893837,429302522,147069669,8,192,0,0,50#
52613,$JYJ,13331186486,20111101155210,116.444969,39.892097,429285572,147063260,23,84,1,1,50#
55319,$JYJ,13381100604,20111101155215,116.445618,39.896103,429287958,147078044,0,86,0,0,50#
104401,$JYJ,13381100604,20111101155420,116.447281,39.895939,429294071,147077403,23,94,1,1,50#
76901,$JYJ,13331154802,20111101155813,116.449997,39.896191,429304061,147078343,0,8,0,0,50#
69829,$JYJ,13331159475,20111101155754,116.443603,39.890743,429280530,147058284,12,256,0,0,50#
50680,$JYJ,13331184992,20111101155707,116.444199,39.896080,429282719,147077975,8,248,1,1,50#
33072,$JYJ,13311191475,20111101160122,116.447464,39.896008,429294725,147077670,10,104,0,0,50#
103157,$JYJ,13311431171,20111101160418,116.446320,39.891350,429290548,147060492,0,292,0,0,50#
49822,$JYJ,13301128422,20111101160705,116.449486,39.891930,429302182,147062628,17,188,0,0,50#
23546,$JYJ,13311021064,20111101160601,116.444428,39.892334,429283572,147064142,0,0,1,1,50#
105626,$JYJ,13311403217,20111101160924,116.449898,39.896278,429303674,147078650,0,252,0,0,50#
58011,$JYJ,13321183432,20111101160730,116.449715,39.892963,429303018,147066439,6,358,0,0,50#
90049,$JYJ,13311489385,20111101161854,116.449669,39.891327,429302855,147060384,0,24,0,0,50#
78743,$JYJ,13321183421,20111101161827,116.441734,39.891037,429273691,147059375,0,168,1,1,50#
17613,$JYJ,13311470392,20111101162046,116.440750,39.892448,429270035,147064580,19,268,1,1,50#
22006,$JYJ,13321183421,20111101162057,116.448082,39.891865,429297030,147062380,2,58,0,0,50#
72284,$JYJ,13331194053,20111101162303,116.444946,39.896439,429285483,147079291,8,148,0,0,50#
113240,$JYJ,13331194894,20111101162949,116.446098,39.897579,429289726,147083489,19,270,0,0,50#
107418,$JYJ,13381068994,20111101162932,116.444267,39.892391,429282968,147064353,19,266,1,1,50#
3177,$JYJ,13381077450,20111101162509,116.448715,39.897533,429299365,147083299,8,94,2,0,50#
13966,$JYJ,13311492293,20111101163036,116.442047,39.891899,429274817,147062574,0,176,0,0,50#
42888,$JYJ,13311403486,20111101163736,116.449684,39.891537,429302902,147061168,12,196,0,0,50#
88364,$JYJ,13301254062,20111101164345,116.449547,39.890572,429302383,147057631,0,182,0,0,50#
95784,$JYJ,13331184844,20111101164403,116.442383,39.891663,429276051,147061693,4,170,0,0,50#
7059,$JYJ,13301254062,20111101164519,116.449654,39.890884,429302815,147058766,19,4,1,1,50#
113644,$JYJ,13321183431,20111101164957,116.441353,39.890636,429272249,147057914,0,348,0,0,50#
63916,$JYJ,13370189101,20111101164742,116.442230,39.891449,429275493,147060908,15,182,0,0,50#
113366,$JYJ,13301155407,20111101165447,116.447319,39.895897,429294221,147077272,2,96,0,0,50#
112395,$JYJ,13301209490,20111101165449,116.446831,39.891983,429292416,147062848,6,254,1,1,50#
115894,$JYJ,13311403321,20111101165455,116.445770,39.897736,429288509,147084046,0,302,0,0,50#
56283,$JYJ,13311487147,20111101165229,116.446770,39.896000,429292210,147077662,0,266,0,0,50#
98347,$JYJ,13311487147,20111101165414,116.446915,39.895954,429292735,147077476,8,90,1,1,50#
12093,$JYJ,13321164508,20111101165037,116.449333,39.892303,429301631,147064007,10,264,1,1,50#
77733,$JYJ,13381083425,20111101165321,116.440735,39.892448,429270004,147064593,28,268,0,0,50#
33349,$JYJ,13301157549,20111101165624,116.449715,39.895012,429303022,147073989,13,182,0,0,50#
66608,$JYJ,13301157549,20111101165754,116.449783,39.892322,429303284,147064063,8,188,1,1,50#
91537,$JYJ,13301214674,20111101165916,116.444252,39.896763,429282929,147080491,0,0,0,0,50#
65947,$JYJ,13321189854,20111101165749,116.442100,39.891907,429275032,147062596,2,80,0,0,50#
94151,$JYJ,13331194456,20111101165921,116.443184,39.897755,429279017,147084156,2,240,0,0,50#
87921,$JYJ,13301272693,20111101170842,116.442307,39.891346,429275769,147060527,0,0,0,0,50#
47617,$JYJ,13311486474,20111101170701,116.442871,39.898617,429277874,147087336,0,138,0,0,50#
31678,$JYJ,13301214480,20111101171118,116.442467,39.891922,429276354,147062639,0,84,0,0,50#
52134,$JYJ,13311020314,20111101171207,116.442215,39.890865,429275456,147058740,0,0,0,0,50#
63068,$JYJ,13311431313,20111101171235,116.447113,39.892448,429293465,147064547,6,80,1,1,50#
23028,$JYJ,13301157446,20111101171557,116.442398,39.895542,429276120,147075972,8,248,0,0,50#
51302,$JYJ,13301174940,20111101171708,116.444336,39.892361,429283233,147064232,13,264,1,1,50#
32028,$JYJ,13381096684,20111101171623,116.449799,39.896992,429303326,147081292,41,358,0,0,50#
116220,$JYJ,13301157644,20111101172444,116.448334,39.892254,429297952,147063824,17,262,0,0,50#
40337,$JYJ,13311487270,20111101172137,116.442436,39.891563,429276248,147061304,0,176,1,1,50#
36089,$JYJ,13311489511,20111101172131,116.442017,39.891556,429274716,147061311,2,116,1,1,50#
85509,$JYJ,13301157446,20111101172828,116.449417,39.895916,429301931,147077319,13,80,1,1,50#
30591,$JYJ,13301157644,20111101172611,116.444351,39.892288,429283281,147063979,13,258,1,1,50#
34505,$JYJ,13331194834,20111101172622,116.441750,39.898533,429273742,147087022,13,8,1,1,50#
85857,$JYJ,13301214619,20111101173336,116.444214,39.890923,429282806,147058952,0,0,0,0,50#
83347,$JYJ,13331194407,20111101173324,116.449654,39.892464,429302799,147064575,4,350,0,0,50#
11798,$JYJ,13301214559,20111101173528,116.449684,39.895981,429302914,147077563,23,202,0,0,50#
40354,$JYJ,13301214559,20111101173641,116.449684,39.895672,429302903,147076430,19,174,1,1,50#
6668,$JYJ,13301214619,20111101173514,116.444214,39.890980,429282787,147059154,10,346,1,1,50#
39160,$JYJ,13311431545,20111101173639,116.449814,39.895607,429303392,147076184,17,0,0,0,50#
28022,$JYJ,13321174606,20111101174610,116.444199,39.897675,429282730,147083834,10,180,1,1,50#
100382,$JYJ,13311426081,20111101175407,116.449234,39.892487,429301231,147064687,0,276,0,0,50#
112983,$JYJ,13311489304,20111101175437,116.444115,39.895851,429282409,147077129,8,58,1,1,50#
23138,$JYJ,13331184924,20111101175058,116.441765,39.891655,429273767,147061654,12,84,1,1,50#
79471,$JYJ,13311403001,20111101175813,116.443153,39.892353,429278887,147064219,19,262,1,1,50#
94181,$JYJ,13311403346,20111101175850,116.449730,39.892632,429303087,147065211,2,4,0,0,50#
2794,$JYJ,13311426081,20111101175505,116.449203,39.892464,429301134,147064599,6,270,1,1,50#
57768,$JYJ,13311426369,20111101175722,116.449631,39.892010,429302698,147062913,10,200,0,0,50#
94799,$JYJ,13311426369,20111101175853,116.449600,39.891884,429302584,147062445,13,32,1,1,50#
85847,$JYJ,13311489468,20111101175834,116.444580,39.894924,429284157,147073703,0,52,0,0,50#
120453,$JYJ,13311489567,20111101180001,116.449547,39.890823,429302417,147058555,0,174,0,0,50#
32736,$JYJ,13370129523,20111101175615,116.441437,39.892281,429272598,147063980,10,76,1,1,50#
85365,$JYJ,13311489567,20111101180333,116.442398,39.892399,429276112,147064414,13,260,1,1,50#
52263,$JYJ,13381077450,20111101180211,116.449448,39.894718,429302036,147072910,0,206,2,0,50#
74787,$JYJ,13381077450,20111101180304,116.449417,39.894718,429301922,147072917,10,178,2,0,50#
56674,$JYJ,13381078294,20111101180222,116.444183,39.896877,429282678,147080909,0,172,0,0,50#
100597,$JYJ,13381102284,20111101180408,116.444717,39.892090,429284650,147063261,0,80,0,0,50#
5052,$JYJ,13301156074,20111101180510,116.441582,39.899315,429273119,147089906,0,134,0,0,50#
12667,$JYJ,13301214772,20111101180530,116.441315,39.891747,429272107,147062019,12,96,1,1,50#
92103,$JYJ,13311492108,20111101180851,116.445785,39.897625,429288580,147083660,2,286,0,0,50#
32250,$JYJ,13331194950,20111101180619,116.441231,39.891533,429271802,147061230,10,110,1,1,50#
95772,$JYJ,13301277587,20111101181354,116.442467,39.892426,429276375,147064503,10,266,1,1,50#
85796,$JYJ,13311426031,20111101181332,116.446083,39.891777,429289649,147062067,15,136,0,0,50#
44540,$JYJ,13321164410,20111101181150,116.449516,39.891003,429302296,147059198,0,180,0,0,50#
77011,$JYJ,13301156074,20111101181812,116.449532,39.893715,429302345,147069214,0,198,1,1,50#
56758,$JYJ,13301272217,20111101181721,116.448318,39.892307,429297875,147064037,4,186,0,0,50#
75144,$JYJ,13301272217,20111101181809,116.448463,39.892220,429298431,147063707,15,82,1,1,50#
86149,$JYJ,13311495379,20111101181835,116.449417,39.891273,429301908,147060196,0,12,0,0,50#
110056,$JYJ,13321164472,20111101181932,116.442650,39.890568,429277020,147057641,0,124,0,0,50#
48587,$JYJ,13321164839,20111101181705,116.443764,39.890720,429281141,147058190,13,268,0,0,50#
86362,$JYJ,13321164839,20111101181840,116.442436,39.891857,429276247,147062390,6,358,1,1,50#
5372,$JYJ,13321174768,20111101181511,116.440353,39.893700,429268610,147069214,0,300,0,0,50#
25231,$JYJ,13311426369,20111101182103,116.449501,39.891441,429302254,147060808,0,312,0,0,50#
96744,$JYJ,13311495379,20111101182358,116.440201,39.892448,429268012,147064583,10,270,1,1,50#
48759,$JYJ,13301157094,20111101182658,116.444084,39.890984,429282320,147059177,8,188,0,0,50#
62,$JYJ,13301204909,20111101182457,116.444069,39.890995,429282272,147059201,2,202,0,0,50#
77152,$JYJ,13331184970,20111101182813,116.442726,39.890682,429277330,147058085,0,0,0,0,50#
12594,$JYJ,13331184970,20111101183033,116.442482,39.892017,429276430,147062981,19,74,1,1,50#
34880,$JYJ,13301209475,20111101183624,116.449364,39.892357,429301710,147064189,17,268,1,1,50#
68292,$JYJ,13301209475,20111101183748,116.440498,39.892422,429269107,147064488,0,280,0,0,50#
93518,$JYJ,13301254035,20111101184348,116.444130,39.890904,429282483,147058867,0,186,0,0,50#
12039,$JYJ,13331194497,20111101184033,116.449516,39.897686,429302313,147083831,0,0,0,0,50#
13628,$JYJ,13311470363,20111101184529,116.442253,39.890091,429275580,147055888,12,190,0,0,50#
4064,$JYJ,13321164805,20111101184507,116.441063,39.892468,429271203,147064668,12,276,0,0,50#
22416,$JYJ,13321183407,20111101184552,116.449669,39.894695,429302858,147072819,34,182,1,1,50#
52998,$JYJ,13381063174,20111101184710,116.449516,39.891537,429302307,147061161,0,6,1,1,50#
43254,$JYJ,13311492068,20111101185143,116.442169,39.891426,429275250,147060820,6,190,0,0,50#
51277,$JYJ,13301214507,20111101190208,116.448982,39.892319,429300315,147064048,0,262,0,0,50#
101663,$JYJ,13301214507,20111101190413,116.447899,39.892113,429296327,147063302,0,58,1,1,50#
36059,$JYJ,13301251462,20111101190131,116.449898,39.892563,429303672,147064947,0,2,0,0,50#
90952,$JYJ,13301254527,20111101190347,116.441017,39.892479,429271037,147064690,4,260,0,0,50#
98673,$JYJ,13311431324,20111101190406,116.444633,39.892139,429284328,147063416,38,92,1,1,50#
9858,$JYJ,13301254527,20111101190522,116.440231,39.892517,429268144,147064850,12,268,1,1,50#
63053,$JYJ,13321199432,20111101190734,116.440666,39.895576,429269750,147076135,0,68,0,0,50#
33065,$JYJ,13311021745,20111101191124,116.449631,39.891403,429302724,147060695,8,358,1,1,50#
113467,$JYJ,13381066648,20111101191937,116.449898,39.891819,429303704,147062215,19,84,1,1,50#
17524,$JYJ,13301204901,20111101192043,116.442131,39.891788,429275149,147062139,4,314,0,0,50#
103867,$JYJ,13301204901,20111101192419,116.447601,39.892166,429295228,147063502,6,90,1,1,50#
109646,$JYJ,13311576704,20111101192437,116.449486,39.894157,429302199,147070820,4,236,1,1,50#
24724,$JYJ,13311191467,20111101192600,116.444183,39.897221,429282686,147082151,0,188,0,0,50#
63904,$JYJ,13321164805,20111101192737,116.442100,39.891350,429275024,147060529,0,302,0,0,50#
90334,$JYJ,13321164805,20111101192843,116.442032,39.891338,429274779,147060503,2,342,1,1,50#
102645,$JYJ,13381102614,20111101192914,116.443832,39.891548,429281376,147061243,15,180,0,0,50#
117379,$JYJ,13301214082,20111101193950,116.444115,39.896160,429282440,147078268,0,94,0,0,50#
98321,$JYJ,13311191427,20111101193903,116.445984,39.892334,429289312,147064150,6,88,0,0,50#
72542,$JYJ,13311426037,20111101193801,116.449684,39.893555,429302924,147068604,12,6,0,0,50#
112943,$JYJ,13311426037,20111101193939,116.449219,39.892342,429301210,147064138,21,266,1,1,50#
80162,$JYJ,13311495175,20111101193808,116.442100,39.892105,429275014,147063325,2,76,1,1,50#
102076,$JYJ,13331194863,20111101193910,116.449913,39.896404,429303734,147079127,21,250,0,0,50#
39746,$JYJ,13370126488,20111101193639,116.449547,39.890236,429302412,147056392,0,230,0,0,50#
27888,$JYJ,13381102904,20111101193612,116.440300,39.892696,429268390,147065505,0,44,1,1,50#
79910,$JYJ,13311403739,20111101194320,116.442818,39.898064,429277666,147085269,0,14,0,0,50#
104245,$JYJ,13311453234,20111101194420,116.449432,39.893978,429301964,147070165,8,200,1,1,50#
118291,$JYJ,13381077450,20111101194455,116.444099,39.890858,429282352,147058700,0,98,2,0,50#
48492,$JYJ,13311492194,20111101194702,116.448067,39.892426,429296963,147064447,0,314,0,0,50#
50743,$JYJ,13381077450,20111101194705,116.443535,39.892658,429280313,147065338,13,268,2,0,50#
79951,$JYJ,13311403739,20111101195321,116.448448,39.897697,429298380,147083909,15,116,1,1,50#
54212,$JYJ,13311492194,20111101195218,116.441551,39.892090,429273013,147063281,6,82,1,1,50#
62750,$JYJ,13311492326,20111101195236,116.440597,39.899780,429269502,147091625,2,170,0,0,50#
29827,$JYJ,13331156483,20111101195110,116.444214,39.891033,429282794,147059368,15,176,0,0,50#
47476,$JYJ,13311489565,20111101195734,116.441132,39.892429,429271475,147064518,13,268,0,0,50#
10774,$JYJ,13381102164,20111101195529,116.444130,39.890987,429282491,147059180,6,184,0,0,50#
86640,$JYJ,13311486496,20111101200342,116.440300,39.892406,429268390,147064429,0,188,0,0,50#
114322,$JYJ,13311486545,20111101200450,116.449348,39.892368,429301653,147064241,10,96,0,0,50#
58065,$JYJ,13311487273,20111101200230,116.442337,39.890911,429275897,147058920,4,150,0,0,50#
83783,$JYJ,13311487273,20111101200333,116.442299,39.890869,429275749,147058764,10,254,1,1,50#
64158,$JYJ,13331154899,20111101200742,116.442215,39.897942,429275427,147084834,0,340,1,1,50#
108494,$JYJ,13311426316,20111101201426,116.448784,39.896973,429299619,147081220,4,186,0,0,50#
84532,$JYJ,13311495167,20111101201327,116.449951,39.894703,429303881,147072830,0,48,0,0,50#
88905,$JYJ,13331187128,20111101201338,116.442947,39.898060,429278136,147085281,0,226,0,0,50#
9894,$JYJ,13311403523,20111101201522,116.443100,39.890656,429278679,147057981,13,278,1,1,50#
63797,$JYJ,13311577748,20111101201738,116.445885,39.896080,429288931,147077935,0,266,0,0,50#
23364,$JYJ,13331187128,20111101201602,116.442947,39.898052,429278145,147085226,13,76,1,1,50#
83004,$JYJ,13331194892,20111101201826,116.446404,39.897858,429290841,147084506,23,268,0,0,50#
111517,$JYJ,13331194892,20111101201939,116.446152,39.897819,429289919,147084373,2,238,1,1,50#
60018,$JYJ,13381066542,20111101201729,116.444084,39.890755,429282322,147058317,15,16,1,1,50#
653,$JYJ,13301155754,20111101201959,116.449997,39.893570,429304050,147068654,0,4,0,0,50#
5301,$JYJ,13301254230,20111101202510,116.445564,39.892674,429287767,147065402,0,270,1,1,50#
8758,$JYJ,13311191432,20111101202521,116.444702,39.892426,429284588,147064478,0,254,1,1,50#
53243,$JYJ,13311426463,20111101202712,116.448998,39.897591,429300396,147083505,15,270,0,0,50#
93826,$JYJ,13311426463,20111101202853,116.449768,39.897682,429303221,147083813,6,84,1,1,50#
19180,$JYJ,13311492207,20111101202550,116.449249,39.895748,429301294,147076700,4,190,0,0,50#
77043,$JYJ,13381235478,20111101202808,116.449814,39.894062,429303386,147070472,0,228,0,0,50#
104922,$JYJ,13301214716,20111101203420,116.440399,39.892448,429268781,147064612,0,352,1,1,50#
1763,$JYJ,13311403259,20111101203007,116.446930,39.891163,429292792,147059823,19,306,0,0,50#
74781,$JYJ,13311403259,20111101203306,116.442596,39.890842,429276856,147058649,10,280,1,1,50#
89442,$JYJ,13331194777,20111101203346,116.443199,39.892700,429279043,147065499,23,270,1,1,50#
94595,$JYJ,13381077404,20111101203359,116.444420,39.892475,429283564,147064685,0,286,1,1,50#
44137,$JYJ,13301214745,20111101203652,116.444252,39.890816,429282928,147058547,0,0,0,0,50#
55151,$JYJ,13311585844,20111101204232,116.441551,39.899532,429272982,147090703,0,112,0,0,50#
48243,$JYJ,13331194073,20111101204213,116.444000,39.892357,429282015,147064226,2,286,0,0,50#
70372,$JYJ,13301254129,20111101204756,116.443680,39.890591,429280815,147057723,0,128,0,0,50#
24112,$JYJ,13311191432,20111101204601,116.442383,39.890911,429276061,147058917,0,98,1,1,50#
89710,$JYJ,13311489645,20111101204844,116.444550,39.894943,429284022,147073756,4,46,1,1,50#
66478,$JYJ,13321164413,20111101205249,116.444214,39.892368,429282810,147064288,10,254,1,1,50#
98736,$JYJ,13331187135,20111101205411,116.448486,39.892120,429298510,147063333,41,268,0,0,50#
15877,$JYJ,13311487245,20111101205545,116.440804,39.892475,429270261,147064692,0,296,0,0,50#
113652,$JYJ,13331156466,20111101205941,116.440468,39.892487,429268995,147064727,21,266,0,0,50#
74528,$JYJ,13301204950,20111101210304,116.449913,39.892674,429303764,147065352,0,294,0,0,50#
91855,$JYJ,13301214126,20111101210347,116.446030,39.891037,429289452,147059349,8,184,0,0,50#
69163,$JYJ,13311431490,20111101210250,116.441170,39.891224,429271582,147060077,4,354,0,0,50#
77546,$JYJ,13311492194,20111101210314,116.448730,39.892418,429299417,147064434,25,270,0,0,50#
95725,$JYJ,13311492194,20111101210359,116.448006,39.892452,429296745,147064547,0,0,1,1,50#
67358,$JYJ,13321164324,20111101210246,116.448700,39.891853,429299291,147062363,0,100,0,0,50#
73707,$JYJ,13321164324,20111101210302,116.448715,39.891888,429299324,147062458,10,88,1,1,50#
83143,$JYJ,13321199445,20111101210328,116.442230,39.895981,429275478,147077616,0,266,0,0,50#
110973,$JYJ,13331187108,20111101210433,116.449135,39.892380,429300896,147064287,25,268,1,1,50#
51339,$JYJ,13301204950,20111101210707,116.449951,39.892689,429303883,147065424,0,294,1,1,50#
83130,$JYJ,13301214839,20111101210825,116.442284,39.891701,429275694,147061818,4,186,0,0,50#
15985,$JYJ,13311431543,20111101210539,116.442352,39.891693,429275949,147061800,0,182,0,0,50#
35176,$JYJ,13311431543,20111101210627,116.442230,39.891018,429275505,147059314,21,186,1,1,50#
21674,$JYJ,13311492224,20111101210558,116.444153,39.891495,429282571,147061057,38,182,0,0,50#
62599,$JYJ,13311492224,20111101210732,116.448463,39.892124,429298428,147063350,10,86,1,1,50#
2297,$JYJ,13311022754,20111101211003,116.444367,39.895901,429283365,147077310,0,72,0,0,50#
115585,$JYJ,13311403257,20111101211443,116.449966,39.892101,429303954,147063239,23,80,1,1,50#
77091,$JYJ,13311426333,20111101211310,116.444054,39.891972,429282194,147062820,0,142,0,0,50#
22669,$JYJ,13311487273,20111101211057,116.444748,39.896259,429284747,147078623,10,264,1,1,50#
51106,$JYJ,13311431493,20111101211707,116.448502,39.897610,429298579,147083572,0,272,0,0,50#
59111,$JYJ,13311486231,20111101211724,116.446663,39.892414,429291806,147064429,0,268,0,0,50#
67283,$JYJ,13311492175,20111101211743,116.443787,39.892422,429281211,147064490,0,272,0,0,50#
7489,$JYJ,13301214718,20111101212020,116.443603,39.894440,429280532,147071911,4,130,0,0,50#
92248,$JYJ,13301251479,20111101212346,116.448784,39.897648,429299584,147083719,0,254,0,0,50#
8364,$JYJ,13311403517,20111101212018,116.444115,39.892357,429282447,147064236,0,272,1,1,50#
94333,$JYJ,13331194091,20111101212340,116.448448,39.892303,429298356,147064002,32,268,1,1,50#
120622,$JYJ,13331194896,20111101212450,116.446449,39.892201,429291031,147063632,0,104,0,0,50#
4501,$JYJ,13311489392,20111101212509,116.442337,39.891815,429275870,147062241,0,358,1,1,50#
9595,$JYJ,13321164874,20111101212521,116.447136,39.892170,429293550,147063517,12,80,1,1,50#
64560,$JYJ,13301214536,20111101213236,116.445869,39.897648,429288872,147083718,0,332,0,0,50#
22866,$JYJ,13321164763,20111101213057,116.443901,39.892128,429281625,147063391,2,50,0,0,50#
114128,$JYJ,13321189864,20111101213436,116.447082,39.892197,429293343,147063640,21,50,1,1,50#
86450,$JYJ,13331194762,20111101213333,116.449684,39.895512,429302890,147075840,28,180,0,0,50#
48074,$JYJ,13370189168,20111101213156,116.440102,39.892513,429267646,147064837,6,282,1,1,50#
61221,$JYJ,13381100994,20111101213229,116.446014,39.892242,429289431,147063816,30,272,1,1,50#
56430,$JYJ,13311453214,20111101213722,116.442253,39.890331,429275579,147056769,19,182,0,0,50#
91698,$JYJ,13311453214,20111101213852,116.442116,39.890392,429275072,147057019,0,38,1,1,50#
48011,$JYJ,13331154734,20111101213700,116.444168,39.891056,429282635,147059449,10,180,0,0,50#
105009,$JYJ,13331184821,20111101213921,116.444618,39.892448,429284281,147064555,21,272,0,0,50#
10,$JYJ,13331194762,20111101213502,116.447533,39.892345,429294990,147064156,25,264,1,1,50#
31506,$JYJ,13311453318,20111101214119,116.444435,39.895893,429283600,147077274,12,80,0,0,50#
47187,$JYJ,13321164481,20111101214157,116.449570,39.891560,429302506,147061243,12,2,0,0,50#
1689,$JYJ,13321174892,20111101214003,116.444115,39.891964,429282438,147062783,0,142,0,0,50#
116382,$JYJ,13311191485,20111101214948,116.444252,39.892128,429282921,147063405,19,74,1,1,50#
80585,$JYJ,13331154792,20111101214819,116.449936,39.892117,429303814,147063306,12,96,1,1,50#
26166,$JYJ,13331187126,20111101214609,116.449303,39.892345,429301491,147064170,8,270,1,1,50#
62381,$JYJ,13331194924,20111101214732,116.443283,39.890659,429279361,147057968,10,84,0,0,50#
1683,$JYJ,13301214218,20111101215002,116.444099,39.892391,429282352,147064370,0,272,0,0,50#
73282,$JYJ,13321164503,20111101215306,116.446258,39.890346,429290330,147056795,0,0,0,0,50#
19978,$JYJ,13321164579,20111101215052,116.447220,39.891918,429293832,147062581,4,136,0,0,50#
69992,$JYJ,13321164579,20111101215258,116.449814,39.891949,429303403,147062706,15,94,1,1,50#
27077,$JYJ,13311565476,20111101215608,116.449852,39.897030,429303512,147081434,30,182,0,0,50#
36398,$JYJ,13321164503,20111101215634,116.444176,39.892208,429282663,147063702,19,322,1,1,50#
8901,$JYJ,13321164558,20111101215525,116.448753,39.892330,429299501,147064089,15,270,1,1,50#
45059,$JYJ,13311492067,20111101220151,116.442230,39.890808,429275509,147058532,19,286,0,0,50#
58344,$JYJ,13311492167,20111101220225,116.449547,39.892372,429302416,147064262,17,252,1,1,50#
117701,$JYJ,13321164324,20111101220451,116.444115,39.892513,429282448,147064817,0,272,0,0,50#
67027,$JYJ,13331154825,20111101220239,116.449699,39.895779,429302956,147076824,0,196,1,1,50#
106639,$JYJ,13331194320,20111101220424,116.440147,39.892540,429267816,147064928,30,270,1,1,50#
15755,$JYJ,13370122407,20111101220041,116.449951,39.892013,429303880,147062913,23,88,1,1,50#
36390,$JYJ,13311300564,20111101220633,116.448799,39.897671,429299665,147083789,28,274,0,0,50#
54378,$JYJ,13311431027,20111101220712,116.448196,39.895981,429297445,147077550,12,30,1,1,50#
78751,$JYJ,13321164516,20111101220813,116.448799,39.897655,429299644,147083733,0,304,0,0,50#
103423,$JYJ,13321164516,20111101220913,116.448730,39.897648,429299389,147083701,0,218,1,1,50#
34758,$JYJ,13331123662,20111101220625,116.449303,39.891987,429301496,147062828,0,94,0,0,50#
75800,$JYJ,13311489427,20111101221310,116.442398,39.891323,429276127,147060439,0,178,0,0,50#
56974,$JYJ,13321164509,20111101221221,116.444168,39.891369,429282642,147060600,36,178,0,0,50#
107788,$JYJ,13321164509,20111101221428,116.444351,39.890728,429283302,147058214,0,140,1,1,50#
77578,$JYJ,13301214582,20111101221811,116.448334,39.897686,429297961,147083859,6,290,0,0,50#
62591,$JYJ,13311470404,20111101221737,116.441635,39.890682,429273326,147058063,0,310,0,0,50#
2182,$JYJ,13311489427,20111101221503,116.442131,39.890572,429275134,147057676,0,276,1,1,50#
64685,$JYJ,13311489615,20111101221739,116.442268,39.891968,429275649,147062827,0,102,0,0,50#
119528,$JYJ,13311489615,20111101221956,116.447769,39.891659,429295879,147061629,17,118,1,1,50#
89327,$JYJ,13331154751,20111101221841,116.440506,39.892372,429269150,147064317,25,268,0,0,50#
63467,$JYJ,13301214212,20111101222234,116.443420,39.890698,429279870,147058112,2,276,0,0,50#
51425,$JYJ,13301214223,20111101222205,116.446915,39.892269,429292745,147063885,8,278,0,0,50#
71022,$JYJ,13301214223,20111101222252,116.446053,39.892303,429289568,147064034,0,250,1,1,50#
15892,$JYJ,13301214582,20111101222039,116.448280,39.897610,429297754,147083586,0,106,1,1,50#
96237,$JYJ,13311162412,20111101222355,116.444130,39.891937,429282462,147062690,0,358,1,1,50#
46541,$JYJ,13381069534,20111101222150,116.449585,39.894821,429302550,147073267,13,184,0,0,50#
688,$JYJ,13301128440,20111101222459,116.442764,39.898006,429277463,147085069,0,290,0,0,50#
44533,$JYJ,13311495153,20111101222650,116.446014,39.891460,429289403,147060905,0,12,0,0,50#
64127,$JYJ,13331093409,20111101222742,116.446297,39.897492,429290465,147083164,15,268,0,0,50#
73334,$JYJ,13301128440,20111101223302,116.443230,39.890469,429279162,147057265,12,264,1,1,50#
11072,$JYJ,13301214688,20111101223026,116.444199,39.897053,429282739,147081547,0,20,0,0,50#
45046,$JYJ,13301214688,20111101223151,116.444153,39.897015,429282565,147081419,19,172,1,1,50#
44604,$JYJ,13311486503,20111101223152,116.444282,39.892540,429283023,147064925,25,266,1,1,50#
17841,$JYJ,13331194283,20111101223045,116.442635,39.898583,429277004,147087200,2,152,0,0,50#
57645,$JYJ,13311565742,20111101223722,116.449669,39.893913,429302834,147069931,0,116,0,0,50#
58449,$JYJ,13331154861,20111101223726,116.441353,39.890381,429272262,147056982,6,206,0,0,50#
38710,$JYJ,13331187814,20111101223641,116.448669,39.897587,429299178,147083498,0,268,0,0,50#
1693,$JYJ,13331194283,20111101223503,116.446434,39.897774,429290977,147084200,12,82,1,1,50#
1758,$JYJ,13301214870,20111101224003,116.442146,39.890499,429275208,147057387,21,178,0,0,50#
45927,$JYJ,13311403261,20111101224153,116.444183,39.892010,429282671,147062943,17,86,1,1,50#
113753,$JYJ,13311453360,20111101224439,116.449722,39.894260,429303063,147071227,0,14,0,0,50#
94328,$JYJ,13311486501,20111101224352,116.447708,39.892326,429295655,147064083,10,264,1,1,50#
47555,$JYJ,13311191482,20111101224659,116.442284,39.890636,429275705,147057913,2,310,0,0,50#
77827,$JYJ,13311431229,20111101224809,116.448166,39.895866,429297322,147077131,10,98,0,0,50#
58373,$JYJ,13321199542,20111101224722,116.449516,39.892208,429302291,147063664,0,18,0,0,50#
112259,$JYJ,13331184988,20111101224935,116.441071,39.892479,429271245,147064719,0,0,0,0,50#
2065,$JYJ,13331184988,20111101225007,116.440865,39.892487,429270454,147064743,13,270,1,1,50#
104148,$JYJ,13301164951,20111101225921,116.441620,39.898910,429273251,147088419,8,358,0,0,50#
80697,$JYJ,13311162429,20111101225823,116.449333,39.897457,429301628,147082986,0,274,0,0,50#
42847,$JYJ,13301254016,20111101230146,116.449348,39.894558,429301684,147072323,0,2,0,0,50#
106120,$JYJ,13311492105,20111101230422,116.442100,39.898224,429275027,147085873,6,84,0,0,50#
114097,$JYJ,13311191413,20111101230946,116.440582,39.892605,429269417,147065187,4,266,1,1,50#
93871,$JYJ,13311191465,20111101230853,116.448616,39.897705,429299004,147083926,0,254,0,0,50#
2701,$JYJ,13311301064,20111101230508,116.445778,39.897846,429288532,147084464,23,274,0,0,50#
109797,$JYJ,13311301064,20111101230935,116.440155,39.892502,429267844,147064785,25,270,1,1,50#
55685,$JYJ,13311403320,20111101230719,116.442665,39.892319,429277097,147064098,13,78,1,1,50#
80942,$JYJ,13311489630,20111101231319,116.447937,39.896053,429296492,147077842,25,88,0,0,50#
118044,$JYJ,13381101824,20111101231450,116.449799,39.898636,429303329,147087356,0,286,0,0,50#
91856,$JYJ,13311492194,20111101232352,116.442192,39.895893,429275339,147077282,13,260,0,0,50#
18020,$JYJ,13381083441,20111101232044,116.443619,39.890835,429280605,147058641,2,268,0,0,50#
105167,$JYJ,13311300674,20111101232925,116.444054,39.890781,429282192,147058431,0,338,1,1,50#
9150,$JYJ,13311453368,20111101232522,116.447266,39.892216,429294031,147063695,34,92,0,0,50#
38722,$JYJ,13311492194,20111101232640,116.444534,39.896004,429283983,147077680,0,0,1,1,50#
81492,$JYJ,13311453222,20111101233322,116.444534,39.895966,429283959,147077548,0,82,0,0,50#
30083,$JYJ,13311480693,20111101233115,116.446770,39.892185,429292200,147063600,0,86,0,0,50#
11987,$JYJ,13311495343,20111101233030,116.449516,39.890877,429302269,147058734,0,186,0,0,50#
62675,$JYJ,13331194981,20111101233236,116.442917,39.897850,429278036,147084496,2,258,0,0,50#
98024,$JYJ,13301204939,20111101233907,116.448532,39.897957,429298668,147084853,0,318,0,0,50#
94360,$JYJ,13321199834,20111101233903,116.441116,39.892384,429271411,147064368,17,258,1,1,50#
25358,$JYJ,13301204939,20111101234102,116.448280,39.897858,429297747,147084473,6,142,1,1,50#
99071,$JYJ,13311431189,20111101234915,116.446030,39.896141,429289478,147078180,12,272,0,0,50#
68497,$JYJ,13311453307,20111101235253,116.449852,39.897717,429303511,147083937,25,178,1,1,50#
80057,$JYJ,13311453439,20111101235326,116.449776,39.892902,429303258,147066215,0,0,0,0,50#
97634,$JYJ,13311486230,20111101235412,116.440567,39.891258,429269377,147060192,0,288,0,0,50#
62172,$JYJ,13311495105,20111101235235,116.449699,39.893646,429302971,147068942,6,6,0,0,50#
6560,$JYJ,13321164579,20111101235019,116.445984,39.892078,429289299,147063185,17,70,0,0,50#
65571,$JYJ,13381083452,20111101235250,116.440643,39.890747,429269658,147058338,30,268,0,0,50#
