14068,$JYJ,13311162484,20111101000551,116.456230,39.999683,429327032,147459794,15,264,1,1,50#
33760,$JYJ,13311480756,20111101000647,116.452034,39.999496,429311608,147459169,0,0,1,1,50#
46088,$JYJ,13311021084,20111101002225,116.453186,39.995617,429315832,147444859,0,0,0,0,50#
10779,$JYJ,13301214495,20111101002530,116.451416,39.997997,429309307,147453648,36,180,1,1,50#
9354,$JYJ,13311480761,20111101002524,116.459831,39.996002,429340240,147446204,6,248,0,0,50#
51378,$JYJ,13311431094,20111101003235,116.451431,39.994095,429309384,147439231,49,0,0,0,50#
46218,$JYJ,13331063401,20111101003219,116.450104,39.996540,429304483,147448286,4,36,0,0,50#
217,$JYJ,13311021084,20111101003454,116.451752,39.995609,429310569,147444839,12,68,1,1,50#
35718,$JYJ,13331093404,20111101003646,116.451317,39.995239,429308942,147443481,0,318,1,1,50#
29195,$JYJ,13331184903,20111101004122,116.459969,39.995819,429340778,147445546,0,110,0,0,50#
82871,$JYJ,13321174747,20111101004910,116.456665,39.997627,429328631,147452226,15,176,1,1,50#
46586,$JYJ,13311495164,20111101005216,116.452515,39.991547,429313349,147429853,0,106,0,0,50#
16825,$JYJ,13331192214,20111101005049,116.459785,39.995819,429340108,147445548,0,0,1,1,50#
11909,$JYJ,13301128410,20111101005530,116.456596,39.997837,429328371,147452993,0,0,0,0,50#
47367,$JYJ,13301204836,20111101005722,116.458397,39.991756,429334988,147430553,0,0,0,0,50#
65911,$JYJ,13301214290,20111101005820,116.451752,39.999741,429310564,147460071,0,0,0,0,50#
20627,$JYJ,13311453272,20111101005557,116.456566,39.994480,429328263,147440627,10,188,0,0,50#
24625,$JYJ,13311492124,20111101005607,116.456215,39.994675,429326964,147441344,17,178,0,0,50#
28813,$JYJ,13331191534,20111101010123,116.451431,39.994022,429309377,147438968,0,8,0,0,50#
63850,$JYJ,13301214125,20111101011821,116.457054,39.999821,429330049,147460302,6,302,1,1,50#
8424,$JYJ,13301214290,20111101011525,116.456505,39.995319,429328032,147443735,17,176,1,1,50#
18963,$JYJ,13381275854,20111101011554,116.450897,39.995800,429307394,147445545,0,136,0,0,50#
91065,$JYJ,13321164815,20111101012444,116.459297,39.999893,429338276,147460548,0,74,0,0,50#
77238,$JYJ,13301156341,20111101013908,116.450333,39.996807,429305348,147449252,6,180,2,0,50#
18600,$JYJ,13311487222,20111101013555,116.456398,39.999744,429327658,147460040,2,104,0,0,50#
14855,$JYJ,13311470409,20111101014047,116.451302,39.994625,429308907,147441203,13,182,0,0,50#
29550,$JYJ,13311470409,20111101014136,116.451324,39.994434,429308997,147440513,17,178,1,1,50#
56851,$JYJ,13321174632,20111101015812,116.452461,39.995602,429313147,147444804,8,84,1,1,50#
81115,$JYJ,13311162442,20111101020428,116.456818,39.999886,429329176,147460557,19,350,1,1,50#
83210,$JYJ,13311403482,20111101020942,116.456604,39.994389,429328387,147440276,10,174,1,1,50#
83067,$JYJ,13381077429,20111101020942,116.457886,39.997849,429333084,147453034,2,238,0,0,50#
75603,$JYJ,13311495328,20111101021918,116.458885,39.997818,429336778,147452921,6,58,0,0,50#
23397,$JYJ,13301254200,20111101022116,116.456764,39.999931,429328993,147460734,26,348,0,0,50#
78785,$JYJ,13311431309,20111101022428,116.457001,39.999569,429329872,147459385,15,48,0,0,50#
48512,$JYJ,13321180435,20111101022242,116.459602,39.995983,429339428,147446125,26,268,0,0,50#
2355,$JYJ,13331194139,20111101022004,116.451317,39.995899,429308955,147445900,19,180,1,1,50#
81761,$JYJ,13331194139,20111101022437,116.456337,39.993279,429327431,147436182,28,178,0,0,50#
17298,$JYJ,13301214198,20111101022558,116.457176,39.995853,429330481,147445675,21,268,1,1,50#
47274,$JYJ,13311403482,20111101022742,116.453148,39.995697,429315696,147445141,19,90,0,0,50#
12956,$JYJ,13311403482,20111101023044,116.451294,39.994621,429308879,147441170,10,180,1,1,50#
75021,$JYJ,13321180435,20111101023411,116.459869,39.995777,429340396,147445383,4,48,1,1,50#
24459,$JYJ,13301214539,20111101030124,116.453064,39.996800,429315376,147449210,0,30,0,0,50#
62383,$JYJ,13321164910,20111101030845,116.456604,39.993324,429328400,147436356,28,180,0,0,50#
15014,$JYJ,13311495004,20111101031549,116.456680,39.997978,429328662,147453513,13,0,1,1,50#
47995,$JYJ,13331154954,20111101032754,116.452080,39.995472,429311777,147444332,32,88,1,1,50#
47977,$JYJ,13311431319,20111101041302,116.456718,39.993549,429328821,147437192,30,358,0,0,50#
52475,$JYJ,13321164604,20111101041823,116.453270,39.995350,429316133,147443846,51,200,1,1,50#
51351,$JYJ,13331093453,20111101044809,116.456619,39.994957,429328434,147442365,32,4,1,1,50#
47049,$JYJ,13301184026,20111101045250,116.456581,39.997574,429328313,147452016,23,180,1,1,50#
33209,$JYJ,13331093453,20111101045159,116.451447,39.998802,429309438,147456589,0,184,0,0,50#
67870,$JYJ,13311487236,20111101050905,116.450134,39.995770,429304590,147445422,2,270,0,0,50#
20224,$JYJ,13331188041,20111101050613,116.454147,39.999630,429319361,147459637,0,272,1,1,50#
10291,$JYJ,13301184026,20111101052535,116.456581,39.997849,429328329,147453057,13,152,1,1,50#
47532,$JYJ,13301164977,20111101054237,116.452698,39.991528,429314043,147429756,8,36,0,0,50#
15639,$JYJ,13331156422,20111101054548,116.451317,39.997540,429308939,147451947,32,176,1,1,50#
26296,$JYJ,13311162406,20111101055123,116.456535,39.997890,429328148,147453183,0,0,0,0,50#
27623,$JYJ,13311162406,20111101055128,116.456535,39.997890,429328131,147453206,0,0,0,0,50#
57753,$JYJ,13311162406,20111101055305,116.456535,39.997890,429328123,147453188,0,0,0,0,50#
14304,$JYJ,13331093426,20111101055544,116.456635,39.997505,429328518,147451792,26,180,1,1,50#
1650,$JYJ,13301214893,20111101060504,116.456551,39.994511,429328206,147440741,0,0,0,0,50#
2954,$JYJ,13301214893,20111101060508,116.456551,39.994511,429328193,147440751,0,0,0,0,50#
16429,$JYJ,13301214893,20111101060551,116.456551,39.994511,429328214,147440729,0,0,0,0,50#
58044,$JYJ,13301214893,20111101060801,116.456665,39.990097,429328596,147424456,0,0,0,0,50#
59286,$JYJ,13301214893,20111101061800,116.456665,39.990097,429328600,147424475,0,0,0,0,50#
57013,$JYJ,13311489603,20111101061754,116.454285,39.999706,429319871,147459909,39,268,1,1,50#
93613,$JYJ,13311431089,20111101063433,116.453064,39.995792,429315366,147445489,17,254,1,1,50#
22920,$JYJ,13311453387,20111101063108,116.456680,39.990208,429328658,147424856,0,0,0,0,50#
56918,$JYJ,13311453387,20111101063248,116.456604,39.990074,429328376,147424393,0,0,0,0,50#
72040,$JYJ,13331156422,20111101063335,116.453384,39.995827,429316566,147445629,34,86,1,1,50#
20080,$JYJ,13311403662,20111101063555,116.451119,39.994602,429308250,147441123,0,282,1,1,50#
77621,$JYJ,13311453387,20111101063848,116.456543,39.990120,429328158,147424537,10,142,1,1,50#
78159,$JYJ,13311403662,20111101064344,116.456596,39.998264,429328361,147454568,12,182,1,1,50#
51696,$JYJ,13311480681,20111101064226,116.454231,39.999573,429319680,147459421,0,246,1,1,50#
51281,$JYJ,13311495341,20111101064227,116.451256,39.991997,429308713,147431504,38,2,1,1,50#
81522,$JYJ,13311495341,20111101064357,116.456757,39.999214,429328971,147458081,39,4,0,0,50#
34221,$JYJ,13321164917,20111101064134,116.456436,39.994602,429327762,147441067,12,168,1,1,50#
56713,$JYJ,13311403662,20111101065344,116.451218,39.994663,429308592,147441326,13,178,1,1,50#
11688,$JYJ,13311470459,20111101065050,116.451469,39.998905,429309528,147456986,0,204,1,1,50#
14469,$JYJ,13301214855,20111101065537,116.451485,39.998859,429309580,147456825,23,180,1,1,50#
63637,$JYJ,13311492089,20111101070258,116.454201,39.999630,429319575,147459637,13,264,1,1,50#
89665,$JYJ,13311492155,20111101070415,116.451218,39.993046,429308583,147435392,32,0,0,0,50#
8019,$JYJ,13331194248,20111101070019,116.454300,39.999600,429319936,147459501,19,268,1,1,50#
42459,$JYJ,13311453246,20111101070701,116.456215,39.993591,429326962,147437348,25,0,1,1,50#
5562,$JYJ,13301214818,20111101071012,116.456467,39.997719,429327901,147452560,13,180,1,1,50#
52900,$JYJ,13331184812,20111101071225,116.451386,39.997181,429309216,147450625,10,186,1,1,50#
30370,$JYJ,13301204843,20111101071625,116.451149,39.994049,429308360,147439075,4,180,0,0,50#
67088,$JYJ,13301204843,20111101071808,116.451050,39.991310,429307988,147428996,12,132,1,1,50#
92153,$JYJ,13311403485,20111101072431,116.451134,39.994259,429308271,147439865,0,184,0,0,50#
47918,$JYJ,13311486520,20111101072717,116.451431,39.994087,429309388,147439225,0,0,0,0,50#
86969,$JYJ,13311570314,20111101072908,116.451233,39.991928,429308646,147431269,23,356,1,1,50#
101605,$JYJ,13301214604,20111101073453,116.456520,39.995441,429328079,147444173,8,216,0,0,50#
90253,$JYJ,13311191485,20111101073421,116.454384,39.999618,429320252,147459572,0,260,1,1,50#
15199,$JYJ,13311486520,20111101073045,116.451370,39.994389,429309167,147440329,0,0,1,1,50#
8331,$JYJ,13301214604,20111101073523,116.456413,39.995384,429327688,147443972,10,184,1,1,50#
4812,$JYJ,13311300734,20111101073513,116.451599,39.994919,429310001,147442290,43,166,0,0,50#
30595,$JYJ,13311300734,20111101073627,116.451218,39.990051,429308602,147424343,2,210,1,1,50#
80515,$JYJ,13311470405,20111101073852,116.456604,39.998894,429328396,147456897,23,176,1,1,50#
57289,$JYJ,13331194836,20111101074247,116.451035,39.995335,429307931,147443833,28,178,1,1,50#
98344,$JYJ,13311453207,20111101075438,116.451187,39.995144,429308501,147443110,23,176,1,1,50#
96285,$JYJ,13311486587,20111101075434,116.454117,39.995655,429319250,147444965,36,80,1,1,50#
91814,$JYJ,13331194402,20111101075926,116.456497,39.999798,429327997,147460213,12,208,1,1,50#
28808,$JYJ,13331188543,20111101080122,116.455124,39.995846,429322936,147445662,12,266,1,1,50#
83038,$JYJ,13311453486,20111101080939,116.456116,39.999802,429326621,147460254,15,274,1,1,50#
89783,$JYJ,13331154782,20111101082945,116.456665,39.992653,429328596,147433890,19,178,0,0,50#
91415,$JYJ,13311431600,20111101083950,116.453064,39.995548,429315362,147444595,21,242,1,1,50#
71287,$JYJ,13311426182,20111101084921,116.454269,39.995678,429319818,147445051,0,214,1,1,50#
41081,$JYJ,13311403681,20111101090228,116.453148,39.995812,429315696,147445563,0,260,1,1,50#
21541,$JYJ,13311300664,20111101090612,116.455833,39.995838,429325570,147445636,23,264,1,1,50#
18944,$JYJ,13311431193,20111101091053,116.450966,39.991562,429307656,147429895,34,182,1,1,50#
16623,$JYJ,13311487128,20111101091050,116.451347,39.997757,429309091,147452754,10,184,1,1,50#
28862,$JYJ,13331194300,20111101091125,116.455330,39.995865,429323728,147445747,8,268,1,1,50#
22661,$JYJ,13331194466,20111101091109,116.451332,39.996704,429309024,147448853,32,188,0,0,50#
84741,$JYJ,13301104102,20111101091928,116.452202,39.995792,429312205,147445483,0,268,0,0,50#
84857,$JYJ,13301104102,20111101091932,116.452202,39.995792,429312220,147445507,0,268,1,1,50#
21494,$JYJ,13331194357,20111101091609,116.455948,39.999676,429325990,147459779,19,264,1,1,50#
58603,$JYJ,13381102734,20111101091806,116.456513,39.998436,429328077,147455224,6,180,1,1,50#
88363,$JYJ,13311489324,20111101092453,116.456284,39.999729,429327213,147459991,15,236,1,1,50#
76227,$JYJ,13311495182,20111101092417,116.456665,39.999165,429328625,147457885,4,44,0,0,50#
41092,$JYJ,13331156426,20111101092217,116.458198,39.995758,429334257,147445337,6,164,0,0,50#
55131,$JYJ,13301214082,20111101092807,116.454117,39.999523,429319272,147459222,8,260,1,1,50#
68059,$JYJ,13301214242,20111101092844,116.456680,39.993305,429328653,147436286,30,356,1,1,50#
79453,$JYJ,13331156429,20111101092923,116.454330,39.999584,429320052,147459454,0,80,1,1,50#
61196,$JYJ,13331194089,20111101092825,116.451218,39.994499,429308573,147440746,13,174,1,1,50#
15468,$JYJ,13381066694,20111101092546,116.456520,39.998585,429328107,147455764,4,182,0,0,50#
77844,$JYJ,13311470417,20111101093406,116.451256,39.994949,429308721,147442397,15,180,1,1,50#
80691,$JYJ,13311470475,20111101093418,116.456787,39.990250,429329082,147425039,0,184,1,1,50#
29881,$JYJ,13321164795,20111101093131,116.451332,39.992981,429309019,147435144,15,352,1,1,50#
2492,$JYJ,13381066694,20111101093006,116.456497,39.997826,429327999,147452945,10,156,1,1,50#
27811,$JYJ,13311495053,20111101093628,116.456535,39.999138,429328142,147457779,4,180,0,0,50#
64407,$JYJ,13321164337,20111101093837,116.458099,39.995899,429333911,147445851,15,270,1,1,50#
71894,$JYJ,13311489324,20111101094346,116.451370,39.998077,429309163,147453926,26,176,1,1,50#
68478,$JYJ,13321164347,20111101094332,116.450165,39.995739,429304727,147445322,2,38,0,0,50#
90382,$JYJ,13321164347,20111101094438,116.451080,39.995476,429308075,147444332,2,154,1,1,50#
61154,$JYJ,13331194956,20111101094310,116.451233,39.994560,429308666,147440977,0,174,1,1,50#
62366,$JYJ,13311453207,20111101094811,116.453163,39.995804,429315764,147445548,21,268,1,1,50#
44057,$JYJ,13331194306,20111101094719,116.457169,39.990334,429330466,147425320,6,48,0,0,50#
29868,$JYJ,13311488201,20111101095632,116.459854,39.996220,429340318,147447012,0,0,0,0,50#
32545,$JYJ,13301214193,20111101100139,116.456520,39.994469,429328066,147440595,0,0,0,0,50#
55126,$JYJ,13311431125,20111101100257,116.451981,39.995762,429311401,147445373,0,278,0,0,50#
36935,$JYJ,13331184982,20111101100152,116.454246,39.995670,429319749,147445025,0,104,0,0,50#
50426,$JYJ,13331184982,20111101100237,116.454246,39.995670,429319733,147445035,0,92,1,1,50#
52705,$JYJ,13311492124,20111101100808,116.451164,39.990509,429308387,147426028,56,0,0,0,50#
32026,$JYJ,13381101854,20111101100655,116.454292,39.995747,429319877,147445315,0,0,0,0,50#
69070,$JYJ,13301251439,20111101101410,116.456703,39.990078,429328769,147424379,0,152,2,0,50#
74385,$JYJ,13301251439,20111101101427,116.456718,39.990120,429328832,147424550,6,60,2,0,50#
55563,$JYJ,13311403502,20111101101328,116.456566,39.994186,429328258,147439524,0,184,0,0,50#
41152,$JYJ,13311453473,20111101101238,116.451248,39.994377,429308717,147440282,15,170,1,1,50#
79905,$JYJ,13331184800,20111101101437,116.451218,39.990879,429308611,147427378,21,4,0,0,50#
14556,$JYJ,13331194327,20111101101051,116.456635,39.991867,429328492,147430978,26,168,1,1,50#
47175,$JYJ,13311403567,20111101101726,116.456551,39.991913,429328179,147431175,0,164,0,0,50#
45234,$JYJ,13311492055,20111101101723,116.456581,39.993175,429328318,147435824,15,162,1,1,50#
60397,$JYJ,13321164586,20111101101814,116.454132,39.999603,429319321,147459534,12,268,1,1,50#
72602,$JYJ,13331063417,20111101101850,116.456986,39.993038,429329808,147435300,8,184,1,1,50#
61458,$JYJ,13331093434,20111101101813,116.456802,39.991535,429329124,147429780,0,178,0,0,50#
87347,$JYJ,13311489583,20111101102433,116.452599,39.995766,429313655,147445405,6,274,1,1,50#
37215,$JYJ,13331194820,20111101102201,116.456718,39.995480,429328827,147444297,0,96,0,0,50#
81797,$JYJ,13301214009,20111101102911,116.459084,39.999912,429337503,147460634,0,92,0,0,50#
95805,$JYJ,13301214009,20111101102953,116.459152,39.999927,429337782,147460670,13,76,1,1,50#
76618,$JYJ,13370126494,20111101102859,116.455681,39.995770,429324983,147445371,32,264,1,1,50#
23440,$JYJ,13311453408,20111101103117,116.451340,39.992359,429309041,147432836,0,188,0,0,50#
15031,$JYJ,13381235425,20111101103046,116.451233,39.994453,429308648,147440574,13,202,1,1,50#
4820,$JYJ,13331063496,20111101103515,116.451324,39.998508,429309005,147455529,10,178,1,1,50#
29167,$JYJ,13331154824,20111101104130,116.450966,39.991066,429307660,147428088,8,178,1,1,50#
72935,$JYJ,13311162405,20111101105341,116.454201,39.993813,429319543,147438179,8,202,0,0,50#
30716,$JYJ,13311431403,20111101105132,116.450470,39.997009,429305858,147449992,0,308,0,0,50#
33423,$JYJ,13311431403,20111101105144,116.450302,39.997215,429305228,147450772,6,334,1,1,50#
93193,$JYJ,13311453293,20111101105448,116.452553,39.991520,429313493,147429727,2,90,0,0,50#
34397,$JYJ,13311570479,20111101105142,116.451401,39.997883,429309261,147453196,17,172,1,1,50#
24983,$JYJ,13311453293,20111101105624,116.451515,39.993687,429309707,147437754,30,0,1,1,50#
55851,$JYJ,13311565547,20111101105757,116.454750,39.999443,429321601,147458951,0,84,0,0,50#
68651,$JYJ,13311300804,20111101110330,116.456764,39.991634,429328982,147430138,0,4,1,1,50#
11676,$JYJ,13311565547,20111101110034,116.456367,39.993218,429327541,147435960,13,194,1,1,50#
91192,$JYJ,13311453293,20111101110949,116.451012,39.990997,429307825,147427814,23,176,1,1,50#
20358,$JYJ,13311470442,20111101110606,116.451218,39.994122,429308574,147439336,34,180,1,1,50#
4396,$JYJ,13321164302,20111101110513,116.454819,39.994953,429321812,147442368,0,58,0,0,50#
70628,$JYJ,13331187124,20111101110847,116.456734,39.993267,429328879,147436139,2,220,1,1,50#
24710,$JYJ,13331194944,20111101110620,116.456650,39.990212,429328561,147424877,0,142,1,1,50#
21547,$JYJ,13331156480,20111101111108,116.456734,39.992863,429328877,147434659,13,2,1,1,50#
60492,$JYJ,13311403777,20111101111825,116.456802,39.992260,429329124,147432425,12,350,1,1,50#
9115,$JYJ,13311495381,20111101111527,116.457085,39.999561,429330184,147459360,0,0,0,0,50#
5521,$JYJ,13301127456,20111101112017,116.450485,39.991276,429305905,147428875,0,262,0,0,50#
35655,$JYJ,13301204891,20111101112203,116.456337,39.999359,429327431,147458597,0,156,0,0,50#
26196,$JYJ,13301155344,20111101112618,116.450249,39.996594,429305032,147448465,4,328,0,0,50#
48755,$JYJ,13311486474,20111101112731,116.452263,39.995617,429312448,147444859,0,0,0,0,50#
47296,$JYJ,13370126485,20111101112724,116.451202,39.994503,429308518,147440743,15,164,1,1,50#
3762,$JYJ,13311403036,20111101113008,116.451286,39.994576,429308847,147441012,13,168,1,1,50#
97825,$JYJ,13311403268,20111101113446,116.456635,39.994408,429328488,147440371,8,228,1,1,50#
70555,$JYJ,13301126149,20111101113826,116.459846,39.996292,429340306,147447284,0,294,0,0,50#
64754,$JYJ,13301214268,20111101113809,116.456703,39.999184,429328758,147457973,28,6,0,0,50#
50109,$JYJ,13331184975,20111101113729,116.458160,39.999908,429334113,147460633,36,260,0,0,50#
56839,$JYJ,13311191415,20111101114252,116.455337,39.999588,429323726,147459457,43,266,1,1,50#
50910,$JYJ,13311470302,20111101114230,116.456749,39.998920,429328946,147456997,17,356,0,0,50#
86622,$JYJ,13311487107,20111101114423,116.451263,39.994404,429308745,147440399,26,168,1,1,50#
34100,$JYJ,13311495314,20111101114642,116.452232,39.995827,429312329,147445610,12,268,0,0,50#
68266,$JYJ,13311489669,20111101115824,116.451652,39.993126,429310189,147435685,13,190,0,0,50#
28501,$JYJ,13370126405,20111101115623,116.451431,39.993233,429309386,147436070,15,358,1,1,50#
21435,$JYJ,13301184153,20111101120104,116.455635,39.997898,429324846,147453246,8,288,0,0,50#
63738,$JYJ,13301184153,20111101120319,116.453834,39.999565,429318228,147459384,26,240,1,1,50#
66518,$JYJ,13311021648,20111101120332,116.456970,39.999657,429329748,147459691,0,34,0,0,50#
74485,$JYJ,13311495141,20111101120352,116.451630,39.991524,429310102,147429761,36,84,0,0,50#
72627,$JYJ,13311495301,20111101120204,116.456619,39.991104,429328453,147428194,38,350,0,0,50#
79560,$JYJ,13321174726,20111101120421,116.451431,39.999428,429309360,147458899,10,182,1,1,50#
37268,$JYJ,13331093464,20111101120151,116.454353,39.993950,429320101,147438696,4,176,0,0,50#
22409,$JYJ,13301214218,20111101120619,116.456749,39.997921,429328923,147453290,4,6,0,0,50#
38007,$JYJ,13301214218,20111101120711,116.456749,39.997921,429328946,147453319,0,6,1,1,50#
54020,$JYJ,13311495141,20111101120805,116.452301,39.991585,429312555,147429986,4,266,1,1,50#
51133,$JYJ,13331154714,20111101120757,116.450951,39.991440,429307591,147429452,34,182,1,1,50#
20291,$JYJ,13301157414,20111101121109,116.451119,39.992416,429308221,147433045,28,180,1,1,50#
44400,$JYJ,13331154714,20111101121755,116.451447,39.994850,429309415,147442022,0,0,1,1,50#
44469,$JYJ,13301214791,20111101122246,116.457901,39.999840,429333153,147460381,38,80,0,0,50#
70838,$JYJ,13311492300,20111101122430,116.456863,39.999721,429329344,147459950,0,254,0,0,50#
17446,$JYJ,13311453311,20111101122616,116.451447,39.993000,429309450,147435196,0,18,0,0,50#
35150,$JYJ,13331154714,20111101122727,116.451515,39.994678,429309685,147441385,15,4,1,1,50#
62810,$JYJ,13331194035,20111101122916,116.450966,39.995369,429307675,147443945,13,162,1,1,50#
68043,$JYJ,13301174963,20111101123455,116.451370,39.994587,429309154,147441071,6,152,1,1,50#
41091,$JYJ,13311426407,20111101123259,116.451736,39.990440,429310509,147425781,0,264,0,0,50#
17346,$JYJ,13311426407,20111101123601,116.452667,39.990395,429313905,147425604,10,80,1,1,50#
80070,$JYJ,13311492203,20111101123939,116.456635,39.991920,429328517,147431189,8,186,0,0,50#
52686,$JYJ,13321164544,20111101123803,116.454598,39.995991,429321000,147446210,2,102,0,0,50#
70571,$JYJ,13331154763,20111101123904,116.456818,39.993218,429329191,147435959,15,170,1,1,50#
54025,$JYJ,13331154821,20111101123808,116.456734,39.991955,429328871,147431316,34,178,1,1,50#
43725,$JYJ,13301126149,20111101124232,116.456520,39.998981,429328086,147457235,0,180,0,0,50#
50581,$JYJ,13301126149,20111101124250,116.456535,39.998974,429328121,147457194,10,170,1,1,50#
77903,$JYJ,13331063440,20111101124427,116.456871,39.999954,429329384,147460812,0,0,0,0,50#
16651,$JYJ,13370126486,20111101124057,116.456764,39.993519,429328996,147437094,15,156,1,1,50#
3862,$JYJ,13381153604,20111101124013,116.451119,39.990719,429308236,147426787,34,182,1,1,50#
27658,$JYJ,13311489630,20111101124626,116.454269,39.999454,429319795,147458973,23,90,1,1,50#
52046,$JYJ,13311489455,20111101125753,116.453499,39.995693,429316976,147445116,25,90,1,1,50#
134,$JYJ,13311495105,20111101125456,116.456818,39.991283,429329178,147428837,2,176,0,0,50#
48386,$JYJ,13321174737,20111101125744,116.451363,39.997097,429309128,147450312,23,182,1,1,50#
68810,$JYJ,13321199640,20111101125850,116.451401,39.993057,429309286,147435421,0,4,0,0,50#
48819,$JYJ,13331184782,20111101125745,116.456627,39.998169,429328479,147454222,25,186,0,0,50#
33146,$JYJ,13321199640,20111101130148,116.456566,39.992840,429328231,147434593,25,180,1,1,50#
60762,$JYJ,13331188041,20111101130332,116.456284,39.990173,429327218,147424749,4,216,1,1,50#
66145,$JYJ,13311431440,20111101130831,116.456413,39.992031,429327687,147431600,0,262,0,0,50#
68003,$JYJ,13321164874,20111101130837,116.453415,39.997482,429316661,147451726,0,138,0,0,50#
54528,$JYJ,13381100624,20111101130754,116.451164,39.993530,429308384,147437166,17,172,1,1,50#
42539,$JYJ,13301214182,20111101131208,116.450935,39.990559,429307574,147426220,10,184,1,1,50#
79360,$JYJ,13321164874,20111101131403,116.456665,39.991604,429328610,147430033,25,176,1,1,50#
9921,$JYJ,13311403321,20111101131537,116.452484,39.991558,429313250,147429898,0,78,0,0,50#
86281,$JYJ,13311403681,20111101132420,116.451553,39.995457,429309812,147444258,13,348,0,0,50#
53264,$JYJ,13311431299,20111101132244,116.455650,39.995766,429324906,147445384,47,92,0,0,50#
318,$JYJ,13311191459,20111101133001,116.456764,39.992157,429328979,147432073,2,178,0,0,50#
80485,$JYJ,13311191459,20111101133406,116.451164,39.991245,429308384,147428726,23,238,1,1,50#
37340,$JYJ,13321180410,20111101133152,116.451553,39.999115,429309837,147457757,2,188,0,0,50#
60379,$JYJ,13311489490,20111101133815,116.456749,39.998680,429328948,147456121,0,354,0,0,50#
87330,$JYJ,13311489490,20111101133949,116.456619,39.999111,429328451,147457684,17,180,1,1,50#
9671,$JYJ,13311492290,20111101133533,116.451202,39.994297,429308544,147439985,25,150,1,1,50#
73076,$JYJ,13381102024,20111101133904,116.456764,39.991520,429328981,147429724,32,356,1,1,50#
96377,$JYJ,13301156134,20111101134451,116.450447,39.997635,429305768,147452318,6,350,0,0,50#
50554,$JYJ,13311431015,20111101134233,116.456116,39.991989,429326616,147431430,0,260,0,0,50#
20484,$JYJ,13311431454,20111101134059,116.453819,39.995445,429318160,147444220,32,2,0,0,50#
66608,$JYJ,13311490926,20111101134322,116.455635,39.995888,429324838,147445837,25,264,1,1,50#
48584,$JYJ,13321190194,20111101134230,116.456596,39.994598,429328378,147441055,0,110,0,0,50#
67067,$JYJ,13321190194,20111101134324,116.456017,39.995548,429326241,147444552,0,164,1,1,50#
27808,$JYJ,13311191466,20111101134622,116.454735,39.999565,429321537,147459384,0,248,1,1,50#
52040,$JYJ,13311492106,20111101134744,116.451431,39.993450,429309399,147436862,2,180,0,0,50#
87284,$JYJ,13311492106,20111101134939,116.451431,39.993660,429309391,147437637,12,328,1,1,50#
26104,$JYJ,13311563455,20111101134618,116.454819,39.995663,429321824,147444982,30,90,1,1,50#
27738,$JYJ,13301155477,20111101135126,116.452934,39.997379,429314911,147451345,10,10,0,0,50#
30870,$JYJ,13311211346,20111101135136,116.453751,39.999611,429317921,147459570,21,268,1,1,50#
31394,$JYJ,13311564942,20111101135137,116.458168,39.999897,429334125,147460574,25,264,0,0,50#
38467,$JYJ,13311431193,20111101135712,116.451431,39.998669,429309367,147456101,15,178,1,1,50#
56966,$JYJ,13311489455,20111101135814,116.456680,39.998772,429328689,147456439,15,0,0,0,50#
85118,$JYJ,13311489455,20111101135936,116.458069,39.999916,429333767,147460648,26,70,1,1,50#
42139,$JYJ,13311564942,20111101135723,116.451202,39.993355,429308526,147436508,21,178,1,1,50#
30566,$JYJ,13311191415,20111101140137,116.456734,39.994595,429328883,147441035,17,12,0,0,50#
64637,$JYJ,13321174759,20111101140326,116.451500,39.999001,429309642,147457317,10,178,0,0,50#
11457,$JYJ,13311495236,20111101140539,116.456787,39.999001,429329066,147457298,4,356,1,1,50#
45183,$JYJ,13301155497,20111101141221,116.451332,39.991600,429309025,147430033,10,2,1,1,50#
59148,$JYJ,13311191416,20111101141311,116.454025,39.999657,429318912,147459736,0,148,0,0,50#
42886,$JYJ,13381069747,20111101141217,116.456718,39.999062,429328817,147457513,0,6,0,0,50#
76670,$JYJ,13381069747,20111101141404,116.457031,39.999508,429329963,147459168,25,74,1,1,50#
50886,$JYJ,13311191416,20111101141749,116.454063,39.999603,429319036,147459522,0,130,0,0,50#
83422,$JYJ,13311403485,20111101141930,116.456749,39.998875,429328920,147456817,38,354,0,0,50#
45495,$JYJ,13311403485,20111101142214,116.456596,39.997871,429328365,147453138,19,180,1,1,50#
47888,$JYJ,13331111434,20111101142219,116.457100,39.995850,429330222,147445674,0,268,0,0,50#
18411,$JYJ,13381095314,20111101142051,116.451187,39.993408,429308491,147436727,21,172,1,1,50#
91058,$JYJ,13301138240,20111101142917,116.456680,39.998798,429328655,147456559,0,18,0,0,50#
31370,$JYJ,13311470386,20111101142641,116.457252,39.991291,429330793,147428877,28,172,1,1,50#
78730,$JYJ,13311495344,20111101142843,116.451347,39.994923,429309049,147442306,34,178,0,0,50#
92124,$JYJ,13311492274,20111101143351,116.451332,39.994537,429309027,147440872,0,182,0,0,50#
11278,$JYJ,13311403122,20111101144029,116.458397,39.999176,429334983,147457904,0,94,0,0,50#
48321,$JYJ,13311426255,20111101144159,116.456665,39.991520,429328595,147429712,0,0,0,0,50#
22451,$JYJ,13311431015,20111101144056,116.456413,39.992016,429327685,147431525,13,86,1,1,50#
108689,$JYJ,13311492124,20111101144428,116.456619,39.992497,429328446,147433307,23,182,0,0,50#
24888,$JYJ,13331194496,20111101144104,116.456482,39.991722,429327953,147430442,0,274,0,0,50#
106262,$JYJ,13381232409,20111101144423,116.451531,39.997200,429309765,147450707,13,4,0,0,50#
66304,$JYJ,13301104107,20111101144748,116.456581,39.997726,429328294,147452607,15,176,1,1,50#
15317,$JYJ,13311480756,20111101144541,116.459793,39.995911,429340096,147445871,0,0,0,0,50#
49604,$JYJ,13331154899,20111101144701,116.458054,39.999950,429333712,147460779,4,244,0,0,50#
76711,$JYJ,13381083459,20111101144812,116.456680,39.992794,429328676,147434421,13,352,1,1,50#
78718,$JYJ,13301156134,20111101145817,116.451119,39.995338,429308229,147443846,10,154,1,1,50#
109331,$JYJ,13301214467,20111101145932,116.459686,39.995892,429339737,147445809,17,264,1,1,50#
41739,$JYJ,13311403192,20111101145642,116.456566,39.999031,429328254,147457417,23,176,1,1,50#
30325,$JYJ,13311431299,20111101145616,116.456535,39.999256,429328156,147458226,4,152,1,1,50#
98893,$JYJ,13311453211,20111101145909,116.452469,39.991188,429313201,147428519,6,218,1,1,50#
94584,$JYJ,13311470409,20111101145858,116.457863,39.999764,429333037,147460097,0,0,0,0,50#
63238,$JYJ,13321164476,20111101145742,116.451347,39.998646,429309084,147456038,4,186,0,0,50#
85876,$JYJ,13311403027,20111101150340,116.456535,39.998699,429328157,147456186,0,298,0,0,50#
107720,$JYJ,13321164337,20111101150440,116.452835,39.995819,429314525,147445585,0,268,0,0,50#
48774,$JYJ,13321180447,20111101150202,116.453300,39.995693,429316268,147445127,0,76,0,0,50#
92120,$JYJ,13321180447,20111101150359,116.456665,39.991672,429328633,147430260,19,174,1,1,50#
4819,$JYJ,13331194886,20111101150013,116.456787,39.999237,429329084,147458151,4,356,0,0,50#
5960,$JYJ,13301128446,20111101150514,116.451187,39.992866,429308500,147434705,19,182,1,1,50#
68821,$JYJ,13311431177,20111101150755,116.456581,39.997623,429328305,147452225,13,184,0,0,50#
83725,$JYJ,13311495317,20111101150832,116.458550,39.992836,429335563,147434543,4,246,0,0,50#
60401,$JYJ,13331194737,20111101150738,116.457397,39.990696,429331302,147426652,38,26,0,0,50#
103952,$JYJ,13301214083,20111101151449,116.452347,39.991547,429312739,147429857,10,82,0,0,50#
59137,$JYJ,13381083418,20111101151251,116.459007,39.999912,429337230,147460636,0,0,0,0,50#
16078,$JYJ,13301125433,20111101151539,116.453270,39.995571,429316158,147444687,0,94,0,0,50#
81863,$JYJ,13301125433,20111101151825,116.453751,39.995682,429317917,147445089,25,88,1,1,50#
35125,$JYJ,13301214083,20111101151632,116.452400,39.991573,429312951,147429937,12,266,1,1,50#
103897,$JYJ,13311403567,20111101151924,116.455933,39.999573,429325945,147459420,8,118,0,0,50#
8906,$JYJ,13311426401,20111101151519,116.456749,39.993717,429328920,147437818,0,180,0,0,50#
34443,$JYJ,13311426401,20111101151629,116.456932,39.994419,429329581,147440397,0,108,1,1,50#
50596,$JYJ,13321183433,20111101151713,116.456749,39.999954,429328924,147460800,0,356,0,0,50#
9079,$JYJ,13381083470,20111101151522,116.451485,39.993713,429309595,147437835,13,356,1,1,50#
11026,$JYJ,13301125433,20111101152027,116.456703,39.990868,429328765,147427309,0,168,0,0,50#
38938,$JYJ,13311403567,20111101152145,116.456596,39.997833,429328362,147452993,4,172,1,1,50#
53011,$JYJ,13311486233,20111101152220,116.459877,39.995830,429340431,147445568,12,102,1,1,50#
81281,$JYJ,13311570423,20111101152334,116.456764,39.992180,429328993,147432158,26,352,1,1,50#
25865,$JYJ,13381153616,20111101152111,116.454369,39.993881,429320167,147438446,8,182,0,0,50#
48011,$JYJ,13311431096,20111101152701,116.456902,39.999439,429329496,147458908,17,68,1,1,50#
17584,$JYJ,13311470386,20111101152548,116.451469,39.994705,429309524,147441481,30,354,0,0,50#
71216,$JYJ,13301204902,20111101153317,116.456749,39.993061,429328919,147435376,0,182,0,0,50#
16569,$JYJ,13311431299,20111101153040,116.457970,39.998123,429333416,147454045,0,6,0,0,50#
47597,$JYJ,13321164917,20111101153201,116.456299,39.991982,429327279,147431424,21,158,1,1,50#
79249,$JYJ,13331187099,20111101153334,116.459099,39.995865,429337578,147445699,41,88,0,0,50#
68526,$JYJ,13311431299,20111101153755,116.456619,39.999329,429328445,147458505,4,176,1,1,50#
101692,$JYJ,13381063164,20111101153928,116.452682,39.995689,429313961,147445114,4,58,0,0,50#
96840,$JYJ,13331184784,20111101154405,116.451050,39.991943,429307960,147431320,2,182,1,1,50#
71218,$JYJ,13311490931,20111101154800,116.452950,39.995701,429314947,147445148,17,88,0,0,50#
93245,$JYJ,13311490931,20111101154853,116.453087,39.995670,429315463,147445047,0,18,1,1,50#
73690,$JYJ,13301214783,20111101155302,116.454369,39.993992,429320158,147438840,0,114,0,0,50#
104497,$JYJ,13301272876,20111101155420,116.451187,39.994560,429308494,147440973,0,0,1,1,50#
56842,$JYJ,13311162495,20111101155219,116.451263,39.994526,429308761,147440841,13,170,1,1,50#
30590,$JYJ,13321164906,20111101155115,116.456718,39.990662,429328819,147426531,4,186,1,1,50#
46436,$JYJ,13321183499,20111101155155,116.459900,39.996014,429340497,147446252,13,238,1,1,50#
62693,$JYJ,13331194886,20111101155234,116.456734,39.996052,429328874,147446403,26,2,0,0,50#
43797,$JYJ,13311403036,20111101155650,116.451286,39.994610,429308843,147441134,12,174,1,1,50#
90002,$JYJ,13381232401,20111101155845,116.456680,39.992260,429328687,147432447,13,182,1,1,50#
10072,$JYJ,13301214893,20111101160025,116.456795,39.999153,429329094,147457862,30,2,0,0,50#
102219,$JYJ,13311470456,20111101160420,116.451233,39.994568,429308640,147440986,0,194,0,0,50#
84533,$JYJ,13311487210,20111101160330,116.453300,39.996002,429316246,147446275,2,224,0,0,50#
90130,$JYJ,13321164852,20111101160350,116.456802,39.990063,429329126,147424343,0,184,0,0,50#
51508,$JYJ,13321199634,20111101160209,116.450531,39.996941,429306089,147449728,0,0,0,0,50#
38536,$JYJ,13331184924,20111101160136,116.451836,39.995708,429310851,147445185,25,84,1,1,50#
265,$JYJ,13331194310,20111101155958,116.451431,39.999176,429309372,147457990,0,182,0,0,50#
80380,$JYJ,13331194310,20111101160322,116.454300,39.995720,429319942,147445197,12,86,1,1,50#
112646,$JYJ,13301156547,20111101160947,116.450981,39.993305,429307714,147436351,13,176,1,1,50#
2270,$JYJ,13311470456,20111101160503,116.451233,39.994522,429308647,147440836,12,172,1,1,50#
12805,$JYJ,13311480670,20111101160531,116.451317,39.994503,429308936,147440753,10,172,1,1,50#
10846,$JYJ,13311487291,20111101160526,116.456863,39.991955,429329341,147431322,0,44,0,0,50#
27658,$JYJ,13311487291,20111101160609,116.456749,39.993290,429328914,147436235,17,354,1,1,50#
82698,$JYJ,13321164423,20111101160827,116.458298,39.993019,429334611,147435209,17,356,0,0,50#
75563,$JYJ,13331194886,20111101161417,116.456596,39.997921,429328374,147453302,15,174,1,1,50#
13042,$JYJ,13321183494,20111101161534,116.451317,39.991890,429308947,147431102,30,356,1,1,50#
93597,$JYJ,13331194808,20111101161903,116.452103,39.991573,429311837,147429948,8,74,0,0,50#
116326,$JYJ,13301125486,20111101162456,116.453384,39.995750,429316538,147445343,0,268,0,0,50#
12862,$JYJ,13301125493,20111101162030,116.456032,39.999527,429326293,147459241,25,86,0,0,50#
65524,$JYJ,13311480670,20111101162247,116.455269,39.995762,429323478,147445371,19,84,1,1,50#
66637,$JYJ,13331194426,20111101162254,116.459213,39.999023,429338001,147457356,8,182,0,0,50#
17459,$JYJ,13331194454,20111101162042,116.456467,39.999382,429327903,147458707,0,184,0,0,50#
74101,$JYJ,13331154826,20111101162811,116.456665,39.991482,429328610,147429559,0,26,0,0,50#
43074,$JYJ,13301125486,20111101163153,116.456566,39.997299,429328239,147451010,13,172,1,1,50#
17625,$JYJ,13301272155,20111101163045,116.450447,39.996826,429305766,147449308,17,2,0,0,50#
42489,$JYJ,13311431299,20111101163152,116.456566,39.999241,429328249,147458182,6,176,1,1,50#
33733,$JYJ,13311162402,20111101163656,116.456703,39.998085,429328741,147453904,30,0,1,1,50#
10910,$JYJ,13311480670,20111101163529,116.456718,39.992485,429328815,147433254,10,0,1,1,50#
58006,$JYJ,13321183494,20111101163821,116.451263,39.994965,429308779,147442469,38,180,1,1,50#
6952,$JYJ,13381271984,20111101163517,116.458664,39.997555,429335984,147451944,2,100,0,0,50#
96297,$JYJ,13301208429,20111101164404,116.456253,39.999458,429327090,147458996,0,218,0,0,50#
74862,$JYJ,13311162410,20111101164308,116.453049,39.995617,429315317,147444851,26,74,1,1,50#
39566,$JYJ,13311495179,20111101164143,116.459785,39.995693,429340107,147445084,15,264,0,0,50#
109742,$JYJ,13321164588,20111101164443,116.456818,39.991589,429329161,147429946,10,6,0,0,50#
112674,$JYJ,13331154800,20111101164448,116.459480,39.995800,429338959,147445452,2,238,1,1,50#
108473,$JYJ,13301104010,20111101164939,116.456863,39.999474,429329357,147459030,12,48,0,0,50#
66164,$JYJ,13311495179,20111101164748,116.451248,39.995270,429308720,147443583,10,172,1,1,50#
116446,$JYJ,13301127498,20111101165457,116.454948,39.995689,429322291,147445108,17,268,1,1,50#
17007,$JYJ,13301214009,20111101165047,116.456734,39.991264,429328864,147428774,49,172,0,0,50#
101074,$JYJ,13301214683,20111101165418,116.456802,39.992687,429329118,147433999,36,354,0,0,50#
23210,$JYJ,13381066864,20111101165106,116.458816,39.999924,429336521,147460657,8,306,0,0,50#
41236,$JYJ,13311470330,20111101165647,116.456650,39.993137,429328567,147435676,0,194,0,0,50#
61857,$JYJ,13311487291,20111101165740,116.451248,39.994549,429308700,147440925,15,204,0,0,50#
82984,$JYJ,13311487291,20111101165842,116.451332,39.994282,429309026,147439934,17,168,1,1,50#
33702,$JYJ,13311489386,20111101165623,116.457649,39.999683,429332219,147459789,17,256,0,0,50#
69028,$JYJ,13311487136,20111101170320,116.456635,39.997421,429328526,147451456,2,156,0,0,50#
105608,$JYJ,13311487136,20111101170446,116.455948,39.995884,429325964,147445795,26,264,1,1,50#
82411,$JYJ,13311487291,20111101170349,116.456734,39.991776,429328879,147430660,17,176,1,1,50#
41405,$JYJ,13331185749,20111101170158,116.456787,39.997589,429329086,147452098,15,2,1,1,50#
81459,$JYJ,13381066754,20111101170349,116.456863,39.999153,429329370,147457843,2,14,0,0,50#
103895,$JYJ,13301184056,20111101170918,116.459915,39.994782,429340576,147441694,0,126,0,0,50#
77520,$JYJ,13311191452,20111101170815,116.459045,39.999855,429337360,147460431,6,236,1,1,50#
114793,$JYJ,13311431299,20111101170941,116.456734,39.999130,429328875,147457751,0,182,1,1,50#
7525,$JYJ,13311025840,20111101171016,116.456818,39.993038,429329183,147435313,0,20,0,0,50#
110237,$JYJ,13311300834,20111101171431,116.456451,39.999603,429327825,147459501,0,14,0,0,50#
63362,$JYJ,13331194809,20111101171237,116.456818,39.998882,429329187,147456866,10,358,0,0,50#
84237,$JYJ,13381066754,20111101171328,116.456734,39.990177,429328847,147424750,2,198,0,0,50#
27298,$JYJ,13381101604,20111101171106,116.455986,39.995830,429326125,147445613,10,260,0,0,50#
6427,$JYJ,13311191452,20111101171517,116.451088,39.995941,429308108,147446067,8,196,1,1,50#
15692,$JYJ,13311300834,20111101171537,116.453819,39.999603,429318155,147459536,17,270,1,1,50#
80454,$JYJ,13311453410,20111101171820,116.456787,39.990139,429329058,147424626,0,196,0,0,50#
77330,$JYJ,13331154800,20111101171815,116.453148,39.995945,429315678,147446052,2,4,3,0,50#
101231,$JYJ,13331194031,20111101171914,116.450485,39.997181,429305906,147450614,0,348,0,0,50#
23197,$JYJ,13311453410,20111101172055,116.456886,39.992031,429329421,147431604,15,356,1,1,50#
16770,$JYJ,13311563934,20111101172039,116.456070,39.995869,429326425,147445752,0,266,0,0,50#
93028,$JYJ,13311563934,20111101172346,116.453163,39.995663,429315751,147445007,0,274,1,1,50#
92680,$JYJ,13331194310,20111101172346,116.451485,39.993904,429309574,147438526,0,16,0,0,50#
98134,$JYJ,13301254268,20111101172901,116.450180,39.991325,429304798,147429049,0,28,0,0,50#
66943,$JYJ,13311403154,20111101172742,116.453087,39.997063,429315450,147450189,0,4,0,0,50#
107412,$JYJ,13321164612,20111101172927,116.451103,39.993462,429308176,147436899,0,0,0,0,50#
114129,$JYJ,13370129530,20111101172941,116.451202,39.994583,429308546,147441050,0,194,0,0,50#
115643,$JYJ,13370129530,20111101172948,116.451202,39.994587,429308521,147441055,4,180,1,1,50#
95654,$JYJ,13331194076,20111101173357,116.456764,39.999558,429328970,147459332,25,82,0,0,50#
24749,$JYJ,13311453446,20111101173605,116.456741,39.994312,429328918,147440017,0,0,0,0,50#
13594,$JYJ,13331050134,20111101173533,116.451469,39.998997,429309517,147457326,12,188,0,0,50#
5155,$JYJ,13331194076,20111101173509,116.457535,39.999615,429331802,147459541,10,80,1,1,50#
11748,$JYJ,13331194552,20111101173532,116.451447,39.998917,429309454,147457011,0,190,0,0,50#
39360,$JYJ,13311403715,20111101174135,116.452797,39.995606,429314383,147444787,0,262,0,0,50#
120844,$JYJ,13311403715,20111101174454,116.456581,39.994080,429328320,147439133,15,176,1,1,50#
36363,$JYJ,13311487140,20111101174127,116.451531,39.994030,429309728,147439002,4,348,0,0,50#
14991,$JYJ,13301157434,20111101175041,116.459549,39.995827,429339231,147445553,13,268,1,1,50#
99411,$JYJ,13301157434,20111101175405,116.456680,39.993019,429328677,147435222,6,356,0,0,50#
58312,$JYJ,13311480793,20111101175227,116.459572,39.995903,429339293,147445829,2,276,0,0,50#
103538,$JYJ,13311403567,20111101175914,116.456764,39.999817,429328986,147460306,0,62,0,0,50#
70469,$JYJ,13331194076,20111101175750,116.456749,39.997803,429328922,147452865,0,152,0,0,50#
112822,$JYJ,13381100604,20111101175939,116.451447,39.998901,429309415,147456968,0,164,0,0,50#
86115,$JYJ,13331035824,20111101180333,116.456551,39.993362,429328206,147436498,21,182,0,0,50#
105064,$JYJ,13331035824,20111101180419,116.456566,39.993137,429328244,147435678,4,192,1,1,50#
57925,$JYJ,13301254330,20111101180723,116.451263,39.994106,429308770,147439282,0,198,0,0,50#
84430,$JYJ,13301254330,20111101180829,116.451263,39.993984,429308769,147438854,17,178,1,1,50#
106886,$JYJ,13311495064,20111101180928,116.456680,39.998707,429328690,147456220,0,8,0,0,50#
60545,$JYJ,13370129521,20111101180728,116.456398,39.995056,429327630,147442757,0,176,0,0,50#
76834,$JYJ,13370129521,20111101180810,116.456467,39.994858,429327870,147442018,15,170,1,1,50#
49373,$JYJ,13301155341,20111101181201,116.456200,39.999702,429326930,147459881,0,258,0,0,50#
8609,$JYJ,13311453307,20111101181018,116.458252,39.999992,429334439,147460925,6,256,1,1,50#
3028,$JYJ,13311480703,20111101181005,116.450867,39.995670,429307303,147445071,12,264,1,1,50#
115930,$JYJ,13311486591,20111101181449,116.451263,39.995110,429308778,147442994,34,186,0,0,50#
49313,$JYJ,13311495064,20111101181158,116.456718,39.991676,429328828,147430297,26,172,1,1,50#
92953,$JYJ,13311565547,20111101181351,116.459915,39.995983,429340547,147446135,8,58,1,1,50#
59748,$JYJ,13311572347,20111101181226,116.456398,39.999855,429327659,147460442,12,272,0,0,50#
103894,$JYJ,13331194365,20111101181422,116.456596,39.999222,429328388,147458090,12,2,0,0,50#
118592,$JYJ,13331194365,20111101181501,116.456818,39.999451,429329186,147458943,15,70,1,1,50#
61477,$JYJ,13381093054,20111101181232,116.456535,39.999260,429328123,147458239,0,178,1,1,50#
54690,$JYJ,13311470468,20111101181721,116.459305,39.995789,429338316,147445440,28,88,0,0,50#
99129,$JYJ,13311486591,20111101181907,116.456413,39.995796,429327710,147445482,0,88,0,0,50#
46706,$JYJ,13311486598,20111101181656,116.459663,39.995991,429339652,147446162,21,266,1,1,50#
31465,$JYJ,13331063417,20111101181619,116.456451,39.997433,429327829,147451517,0,352,0,0,50#
70852,$JYJ,13331063417,20111101181758,116.456848,39.999386,429329312,147458721,10,72,1,1,50#
47432,$JYJ,13301214294,20111101182156,116.451736,39.999931,429310485,147460754,0,352,0,0,50#
51865,$JYJ,13301214294,20111101182709,116.451248,39.994572,429308695,147440992,6,174,1,1,50#
31740,$JYJ,13311020604,20111101183116,116.456635,39.997498,429328508,147451751,15,0,0,0,50#
110040,$JYJ,13311403375,20111101183434,116.450851,39.995647,429307243,147444986,15,264,1,1,50#
6326,$JYJ,13311486481,20111101183017,116.451172,39.994457,429308412,147440595,0,0,0,0,50#
16692,$JYJ,13311486481,20111101183044,116.451111,39.992893,429308180,147434830,54,182,1,1,50#
12895,$JYJ,13321164468,20111101183032,116.456650,39.991474,429328573,147429537,2,24,0,0,50#
21682,$JYJ,13301171714,20111101183555,116.456619,39.993248,429328458,147436097,0,172,0,0,50#
91678,$JYJ,13311020604,20111101183849,116.451080,39.992744,429308108,147434257,19,180,1,1,50#
35566,$JYJ,13311426191,20111101183626,116.453400,39.995724,429316626,147445218,0,354,0,0,50#
87338,$JYJ,13311426191,20111101183834,116.454414,39.995666,429320356,147445000,8,84,1,1,50#
37155,$JYJ,13311453298,20111101183634,116.453613,39.999500,429317417,147459163,34,88,0,0,50#
79411,$JYJ,13311489551,20111101183814,116.458015,39.997807,429333592,147452860,0,96,0,0,50#
47534,$JYJ,13331194634,20111101183658,116.456902,39.990028,429329506,147424195,4,190,0,0,50#
97219,$JYJ,13331194634,20111101183903,116.456802,39.992210,429329121,147432270,26,350,1,1,50#
110795,$JYJ,13301125465,20111101184432,116.457031,39.999523,429329957,147459200,0,86,0,0,50#
109299,$JYJ,13301204843,20111101184429,116.451515,39.994198,429309683,147439627,17,2,0,0,50#
2991,$JYJ,13311492160,20111101184005,116.451233,39.992096,429308657,147431863,17,358,0,0,50#
44356,$JYJ,13311572545,20111101184149,116.451248,39.995197,429308701,147443324,15,176,1,1,50#
22323,$JYJ,13331194634,20111101184059,116.456833,39.999409,429329248,147458776,0,10,0,0,50#
41584,$JYJ,13301164945,20111101184639,116.451469,39.995922,429309525,147445967,0,146,0,0,50#
9007,$JYJ,13311162439,20111101184523,116.456749,39.998245,429328919,147454488,0,282,0,0,50#
120671,$JYJ,13311480795,20111101185001,116.459503,39.995918,429339051,147445892,12,278,1,1,50#
2090,$JYJ,13331184995,20111101184503,116.458397,39.990814,429334963,147427085,8,350,0,0,50#
86226,$JYJ,13331190284,20111101184832,116.456764,39.994076,429328983,147439135,2,334,0,0,50#
93755,$JYJ,13381077425,20111101184848,116.454697,39.994984,429321385,147442509,6,206,0,0,50#
120052,$JYJ,13311191483,20111101185459,116.451302,39.999683,429308898,147459842,15,178,1,1,50#
29132,$JYJ,13311453277,20111101185111,116.456482,39.998642,429327955,147455971,13,356,1,1,50#
52087,$JYJ,13311486540,20111101185211,116.451279,39.994606,429308801,147441146,17,182,0,0,50#
58273,$JYJ,13321164426,20111101185224,116.451569,39.998898,429309890,147456956,28,2,0,0,50#
37120,$JYJ,13331194801,20111101185134,116.452599,39.999542,429313690,147459306,0,274,0,0,50#
64516,$JYJ,13311403515,20111101185743,116.454102,39.995674,429319208,147445060,6,104,0,0,50#
60222,$JYJ,13311453424,20111101185729,116.453552,39.995815,429317176,147445576,0,270,0,0,50#
46912,$JYJ,13321189864,20111101185656,116.459831,39.995052,429340262,147442699,0,98,0,0,50#
85887,$JYJ,13331187072,20111101185832,116.454300,39.993843,429319939,147438310,17,178,0,0,50#
30806,$JYJ,13381066684,20111101185617,116.451302,39.994587,429308923,147441053,2,184,0,0,50#
103439,$JYJ,13311426367,20111101190421,116.451355,39.997181,429309088,147450632,8,192,0,0,50#
37294,$JYJ,13301214009,20111101190632,116.456596,39.993767,429328359,147438007,13,188,0,0,50#
99408,$JYJ,13311431325,20111101190905,116.451103,39.992836,429308155,147434600,13,186,0,0,50#
14334,$JYJ,13311453455,20111101191037,116.458717,39.999832,429336168,147460331,4,90,0,0,50#
7628,$JYJ,13311487151,20111101191021,116.451119,39.992550,429308222,147433537,17,182,1,1,50#
1486,$JYJ,13331192214,20111101191005,116.456367,39.999344,429327545,147458545,0,0,0,0,50#
2988,$JYJ,13331192214,20111101191009,116.456367,39.999344,429327528,147458563,0,0,0,0,50#
54124,$JYJ,13331192214,20111101191219,116.456367,39.999344,429327543,147458564,0,0,0,0,50#
108038,$JYJ,13301214721,20111101191923,116.456665,39.998253,429328637,147454536,34,6,0,0,50#
54900,$JYJ,13311489341,20111101191715,116.457680,39.999828,429332359,147460334,0,262,0,0,50#
70724,$JYJ,13321191548,20111101191755,116.451797,39.999618,429310709,147459601,0,20,0,0,50#
30946,$JYJ,13301155374,20111101192116,116.455185,39.994408,429323156,147440372,36,314,0,0,50#
88007,$JYJ,13301155374,20111101192340,116.456497,39.990017,429328002,147424157,4,320,1,1,50#
68852,$JYJ,13301174988,20111101192255,116.456482,39.999310,429327959,147458429,0,178,0,0,50#
77249,$JYJ,13311426013,20111101192317,116.451668,39.997658,429310256,147452393,19,2,0,0,50#
1649,$JYJ,13331194103,20111101192002,116.456650,39.997570,429328574,147451999,17,356,0,0,50#
1688,$JYJ,13301174988,20111101192500,116.456566,39.997601,429328269,147452136,23,178,1,1,50#
59375,$JYJ,13311026466,20111101192724,116.456581,39.993065,429328316,147435400,0,186,0,0,50#
73843,$JYJ,13331194103,20111101192801,116.451134,39.992973,429308273,147435126,12,180,1,1,50#
52618,$JYJ,13321191548,20111101193211,116.451149,39.993008,429308325,147435231,0,200,1,1,50#
11785,$JYJ,13301125486,20111101193530,116.456581,39.994545,429328290,147440872,4,182,0,0,50#
5172,$JYJ,13301150243,20111101193510,116.454170,39.999588,429319462,147459476,51,88,0,0,50#
78566,$JYJ,13301150243,20111101193814,116.456703,39.992855,429328758,147434639,19,176,1,1,50#
54808,$JYJ,13301214255,20111101193715,116.450783,39.991222,429306998,147428676,13,202,1,1,50#
69782,$JYJ,13301214429,20111101193754,116.450798,39.994629,429307044,147441202,2,164,0,0,50#
106356,$JYJ,13311492058,20111101193921,116.451416,39.992100,429309314,147431897,19,4,0,0,50#
5612,$JYJ,13331093450,20111101193511,116.453384,39.995777,429316569,147445439,30,270,0,0,50#
27352,$JYJ,13331156447,20111101193607,116.451416,39.993717,429309318,147437837,39,172,0,0,50#
75233,$JYJ,13331187108,20111101193804,116.456581,39.999279,429328293,147458307,13,158,1,1,50#
48830,$JYJ,13311431522,20111101194202,116.457535,39.999206,429331838,147458034,2,46,0,0,50#
47007,$JYJ,13331154858,20111101194157,116.456566,39.998249,429328273,147454521,4,12,0,0,50#
65648,$JYJ,13381100624,20111101194244,116.450081,39.995674,429304407,147445066,41,266,0,0,50#
112923,$JYJ,13301214279,20111101194940,116.459663,39.995838,429339618,147445607,26,90,0,0,50#
54113,$JYJ,13311431269,20111101194716,116.453949,39.999519,429318653,147459206,0,106,0,0,50#
35211,$JYJ,13321180417,20111101194630,116.455467,39.994556,429324222,147440900,0,212,0,0,50#
44501,$JYJ,13301156764,20111101195151,116.458183,39.999348,429334193,147458542,0,18,0,0,50#
65926,$JYJ,13301157490,20111101195245,116.455063,39.995232,429322726,147443414,0,80,0,0,50#
116096,$JYJ,13301157490,20111101195453,116.456902,39.990055,429329477,147424322,13,172,1,1,50#
33171,$JYJ,13311403538,20111101195126,116.451370,39.993126,429309154,147435663,0,2,1,1,50#
100415,$JYJ,13331156465,20111101195417,116.454880,39.995686,429322061,147445085,23,90,0,0,50#
21146,$JYJ,13381083448,20111101195056,116.451569,39.994049,429309864,147439066,38,170,0,0,50#
74684,$JYJ,13311453285,20111101195843,116.456749,39.997948,429328909,147453415,6,4,0,0,50#
35001,$JYJ,13331185840,20111101195631,116.455620,39.995476,429324784,147444313,26,90,1,1,50#
86750,$JYJ,13331194303,20111101195917,116.451836,39.999920,429310866,147460709,0,10,0,0,50#
96932,$JYJ,13311453285,20111101200405,116.456581,39.999260,429328309,147458240,17,168,1,1,50#
45633,$JYJ,13311480693,20111101200155,116.456947,39.997887,429329638,147453180,4,2,0,0,50#
44342,$JYJ,13301214869,20111101201145,116.459450,39.995857,429338849,147445668,34,88,0,0,50#
75477,$JYJ,13311426013,20111101201306,116.451119,39.992424,429308226,147433098,23,182,1,1,50#
5608,$JYJ,13311426453,20111101201012,116.459984,39.996071,429340807,147446465,8,68,1,1,50#
74350,$JYJ,13311487219,20111101201304,116.456718,39.994408,429328823,147440365,0,174,0,0,50#
15422,$JYJ,13301104098,20111101201537,116.459999,39.995987,429340885,147446145,17,280,1,1,50#
29657,$JYJ,13301253466,20111101201614,116.459984,39.993423,429340819,147436685,0,334,0,0,50#
68011,$JYJ,13311301034,20111101201748,116.451263,39.996536,429308755,147448233,13,166,1,1,50#
106948,$JYJ,13331156465,20111101201926,116.454254,39.991741,429319764,147430540,0,0,0,0,50#
57421,$JYJ,13331194833,20111101201721,116.459831,39.995830,429340258,147445561,0,102,0,0,50#
24079,$JYJ,13381232416,20111101201601,116.458366,39.990158,429334869,147424675,10,358,0,0,50#
106228,$JYJ,13311431323,20111101202427,116.451317,39.991459,429308960,147429513,34,2,1,1,50#
74735,$JYJ,13301128448,20111101202803,116.455017,39.995129,429322563,147443022,0,358,0,0,50#
3600,$JYJ,13301214639,20111101202507,116.459366,39.999882,429338529,147460528,0,70,0,0,50#
83147,$JYJ,13301214639,20111101202828,116.454132,39.995796,429319291,147445483,17,268,1,1,50#
48671,$JYJ,13331159489,20111101202656,116.459183,39.997433,429337867,147451481,21,106,0,0,50#
117968,$JYJ,13331159489,20111101202949,116.457367,39.999767,429331197,147460105,13,78,1,1,50#
78763,$JYJ,13331194421,20111101202817,116.456848,39.999981,429329310,147460888,15,346,1,1,50#
76071,$JYJ,13301204943,20111101203313,116.459915,39.993362,429340580,147436480,0,0,0,0,50#
90168,$JYJ,13301204943,20111101203347,116.459915,39.993362,429340580,147436463,0,0,1,1,50#
80494,$JYJ,13311300684,20111101203323,116.456612,39.990490,429328410,147425902,39,346,0,0,50#
58578,$JYJ,13321164504,20111101203224,116.459732,39.996025,429339892,147446299,12,268,1,1,50#
7027,$JYJ,13311426056,20111101203515,116.456596,39.997658,429328374,147452332,0,334,1,1,50#
39896,$JYJ,13311453401,20111101203637,116.456749,39.998680,429328910,147456109,4,4,0,0,50#
15294,$JYJ,13311495292,20111101204055,116.459801,39.995827,429340126,147445553,12,192,0,0,50#
46475,$JYJ,13331187124,20111101204209,116.458069,39.995613,429333789,147444792,47,88,0,0,50#
75457,$JYJ,13331187124,20111101204320,116.459648,39.995697,429339572,147445073,15,248,1,1,50#
107782,$JYJ,13301104157,20111101204929,116.451164,39.994347,429308377,147440166,0,194,0,0,50#
54269,$JYJ,13301156814,20111101204716,116.454399,39.993576,429320270,147437320,0,158,0,0,50#
81480,$JYJ,13311431066,20111101204824,116.454216,39.995106,429319615,147442960,8,184,0,0,50#
27025,$JYJ,13381077451,20111101204607,116.451202,39.992645,429308538,147433918,34,356,1,1,50#
59701,$JYJ,13311431066,20111101205234,116.451119,39.992908,429308235,147434859,23,182,1,1,50#
12136,$JYJ,13381166344,20111101205032,116.451050,39.990898,429307980,147427448,32,176,1,1,50#
3562,$JYJ,13301157404,20111101205506,116.457932,39.998318,429333270,147454757,6,354,0,0,50#
99288,$JYJ,13311191458,20111101205906,116.451164,39.993515,429308410,147437113,6,166,0,0,50#
75850,$JYJ,13311495375,20111101205828,116.450851,39.991066,429307252,147428090,21,180,1,1,50#
78423,$JYJ,13321164385,20111101205816,116.453430,39.995575,429316746,147444702,0,170,0,0,50#
114166,$JYJ,13301171744,20111101210441,116.451202,39.993237,429308536,147436088,21,184,1,1,50#
30541,$JYJ,13381095347,20111101210116,116.454170,39.995880,429319451,147445792,25,270,0,0,50#
105235,$JYJ,13311162495,20111101210921,116.456619,39.998444,429328456,147455229,0,180,0,0,50#
115249,$JYJ,13311488160,20111101210951,116.451370,39.996819,429309153,147449296,30,186,1,1,50#
59176,$JYJ,13331194116,20111101210730,116.451370,39.996788,429309160,147449183,12,172,1,1,50#
60878,$JYJ,13331194275,20111101210734,116.454315,39.999653,429319990,147459706,0,280,0,0,50#
113225,$JYJ,13331194275,20111101210945,116.456551,39.998661,429328205,147456040,2,160,1,1,50#
44045,$JYJ,13301214666,20111101211148,116.450836,39.991280,429307207,147428859,10,96,1,1,50#
7581,$JYJ,13311162495,20111101211016,116.456619,39.998428,429328447,147455193,0,180,1,1,50#
94554,$JYJ,13311403108,20111101211357,116.454933,39.995151,429322257,147443116,0,154,0,0,50#
30293,$JYJ,13331194358,20111101211118,116.451416,39.998917,429309305,147457030,0,212,0,0,50#
120792,$JYJ,13370129512,20111101211458,116.458565,39.999348,429335592,147458537,12,18,0,0,50#
61606,$JYJ,13381078249,20111101211232,116.451553,39.999981,429309812,147460958,4,192,0,0,50#
94133,$JYJ,13381078249,20111101211352,116.451347,39.997379,429309066,147451360,15,184,1,1,50#
53562,$JYJ,13381101974,20111101211215,116.456680,39.996765,429328687,147449046,45,0,0,0,50#
105163,$JYJ,13381101974,20111101211420,116.457901,39.999657,429333160,147459681,6,76,1,1,50#
105162,$JYJ,13301214212,20111101211917,116.451286,39.994743,429308852,147441622,0,192,0,0,50#
109073,$JYJ,13311020294,20111101211927,116.456947,39.990036,429329634,147424250,12,6,1,1,50#
26000,$JYJ,13311426167,20111101211604,116.456596,39.993557,429328343,147437237,0,166,0,0,50#
116395,$JYJ,13311495388,20111101211945,116.452156,39.991436,429312062,147429435,19,86,0,0,50#
44739,$JYJ,13331154801,20111101211650,116.458015,39.998466,429333587,147455291,0,4,0,0,50#
43373,$JYJ,13370129512,20111101211649,116.459015,39.999786,429337266,147460169,0,12,1,1,50#
94254,$JYJ,13301150243,20111101212340,116.456917,39.993740,429329543,147437877,19,0,0,0,50#
53402,$JYJ,13311426165,20111101212207,116.450966,39.994053,429307661,147439083,12,196,0,0,50#
80801,$JYJ,13311431424,20111101212312,116.456413,39.994770,429327713,147441689,0,192,0,0,50#
110084,$JYJ,13311431424,20111101212429,116.456413,39.992062,429327707,147431716,30,178,1,1,50#
72366,$JYJ,13311486352,20111101212252,116.450935,39.995636,429307541,147444924,0,120,0,0,50#
30706,$JYJ,13321180240,20111101212118,116.451897,39.999317,429311081,147458499,2,58,0,0,50#
82541,$JYJ,13321180240,20111101212319,116.456619,39.998951,429328436,147457121,21,178,1,1,50#
50003,$JYJ,13331063447,20111101212200,116.451431,39.998322,429309390,147454843,30,182,0,0,50#
120008,$JYJ,13381083481,20111101212450,116.451332,39.997337,429309009,147451188,0,186,0,0,50#
78586,$JYJ,13301155470,20111101212816,116.455170,39.995880,429323131,147445782,0,266,0,0,50#
93358,$JYJ,13311300864,20111101212851,116.453613,39.999496,429317405,147459157,32,88,0,0,50#
75619,$JYJ,13321164476,20111101212802,116.451347,39.999958,429309062,147460845,2,196,0,0,50#
121031,$JYJ,13321164476,20111101212954,116.451386,39.999943,429309227,147460808,10,154,1,1,50#
57483,$JYJ,13381083481,20111101212719,116.451599,39.996037,429309986,147446407,12,24,1,1,50#
51227,$JYJ,13311300864,20111101213207,116.456574,39.998154,429328280,147454150,17,178,1,1,50#
7984,$JYJ,13311453387,20111101213021,116.451141,39.992607,429308332,147433770,12,184,1,1,50#
39472,$JYJ,13311489448,20111101213125,116.456596,39.994560,429328364,147440917,0,276,0,0,50#
26108,$JYJ,13381077452,20111101213108,116.456650,39.994953,429328559,147442375,6,182,0,0,50#
100110,$JYJ,13381083469,20111101213405,116.452263,39.991363,429312441,147429168,0,90,0,0,50#
43751,$JYJ,13301155436,20111101213649,116.451584,39.997704,429309927,147452561,0,0,0,0,50#
39912,$JYJ,13301214690,20111101213638,116.458603,39.997360,429335726,147451221,0,92,0,0,50#
27561,$JYJ,13311431359,20111101213609,116.451515,39.999504,429309687,147459196,26,182,1,1,50#
89178,$JYJ,13321164499,20111101213842,116.450951,39.995884,429307623,147445860,19,260,1,1,50#
12517,$JYJ,13370126463,20111101213533,116.451149,39.993267,429308344,147436201,0,186,0,0,50#
105267,$JYJ,13370126463,20111101213921,116.456619,39.999039,429328438,147457424,25,176,1,1,50#
21271,$JYJ,13311300634,20111101214056,116.459053,39.999874,429337395,147460499,0,0,0,0,50#
48230,$JYJ,13311495133,20111101214200,116.451119,39.994576,429308227,147441010,13,182,0,0,50#
82637,$JYJ,13311495133,20111101214325,116.450996,39.993610,429307773,147437448,10,186,1,1,50#
92672,$JYJ,13381100864,20111101214351,116.457100,39.999710,429330230,147459885,0,252,1,1,50#
86440,$JYJ,13301214182,20111101214833,116.452118,39.991463,429311918,147429550,8,82,0,0,50#
60764,$JYJ,13301214269,20111101214729,116.452866,39.995724,429314653,147445247,38,86,0,0,50#
63239,$JYJ,13301214639,20111101214737,116.456169,39.995884,429326812,147445810,17,262,1,1,50#
94907,$JYJ,13311564140,20111101214852,116.451531,39.995151,429309758,147443126,2,350,0,0,50#
23273,$JYJ,13301214269,20111101215056,116.456169,39.995720,429326792,147445205,0,88,1,1,50#
17545,$JYJ,13381069374,20111101215042,116.451447,39.994778,429309428,147441748,15,4,1,1,50#
42343,$JYJ,13381083481,20111101215143,116.456802,39.990025,429329113,147424204,28,184,1,1,50#
96468,$JYJ,13311300534,20111101215859,116.456886,39.990173,429329411,147424742,13,354,0,0,50#
28932,$JYJ,13311492310,20111101215610,116.456650,39.997768,429328581,147452761,4,4,0,0,50#
76110,$JYJ,13331184784,20111101215811,116.451286,39.994988,429308844,147442520,34,182,0,0,50#
65952,$JYJ,13370129379,20111101215750,116.459930,39.995842,429340635,147445610,15,78,1,1,50#
118575,$JYJ,13311570487,20111101220452,116.459846,39.995926,429340328,147445934,0,256,1,1,50#
14328,$JYJ,13331194944,20111101220035,116.453033,39.995632,429315265,147444903,2,74,1,1,50#
61764,$JYJ,13301184112,20111101220732,116.459930,39.995708,429340620,147445135,0,92,1,1,50#
108958,$JYJ,13311021324,20111101220925,116.456398,39.999664,429327622,147459749,6,268,0,0,50#
117297,$JYJ,13311021324,20111101220947,116.455536,39.999615,429324468,147459576,41,266,1,1,50#
4666,$JYJ,13311470444,20111101220510,116.451248,39.991913,429308685,147431195,52,182,0,0,50#
30642,$JYJ,13311564460,20111101221115,116.458870,39.993233,429336702,147436002,0,250,0,0,50#
21979,$JYJ,13331194950,20111101221053,116.451584,39.997833,429309945,147453026,52,2,0,0,50#
1397,$JYJ,13301204946,20111101221501,116.456650,39.993488,429328571,147436970,6,168,1,1,50#
31331,$JYJ,13301214617,20111101221617,116.456596,39.994263,429328356,147439827,39,176,0,0,50#
49899,$JYJ,13301214617,20111101221706,116.456635,39.993019,429328483,147435228,10,170,1,1,50#
105840,$JYJ,13331194208,20111101221918,116.451317,39.994480,429308956,147440677,23,174,2,0,50#
42489,$JYJ,13331194497,20111101221648,116.451263,39.990780,429308764,147427012,2,2,0,0,50#
79641,$JYJ,13331194497,20111101221819,116.451599,39.995159,429310000,147443173,19,6,1,1,50#
32418,$JYJ,13381077412,20111101221620,116.451164,39.990082,429308407,147424448,58,0,0,0,50#
44227,$JYJ,13331194208,20111101222150,116.452469,39.995644,429313185,147444957,45,84,2,0,50#
103661,$JYJ,13301214193,20111101222922,116.456749,39.990398,429328926,147425578,34,182,0,0,50#
102943,$JYJ,13301214617,20111101222916,116.453186,39.995674,429315834,147445039,8,90,1,1,50#
25997,$JYJ,13311488246,20111101222608,116.452919,39.995636,429314853,147444918,0,0,0,0,50#
95712,$JYJ,13370189332,20111101222859,116.450386,39.996864,429305553,147449478,0,10,0,0,50#
93506,$JYJ,13301150242,20111101223352,116.456680,39.997051,429328686,147450112,43,2,0,0,50#
120085,$JYJ,13301150242,20111101223459,116.456718,39.998207,429328836,147454348,23,358,1,1,50#
14060,$JYJ,13301214193,20111101223035,116.456635,39.990120,429328488,147424562,0,0,1,1,50#
81019,$JYJ,13301214840,20111101223326,116.455414,39.994873,429324028,147442078,10,18,0,0,50#
109302,$JYJ,13311162429,20111101223429,116.459633,39.999817,429339520,147460284,12,248,0,0,50#
3665,$JYJ,13311426182,20111101223011,116.451263,39.991871,429308778,147431059,38,356,1,1,50#
97121,$JYJ,13311470301,20111101223405,116.451332,39.992924,429308992,147434927,0,16,0,0,50#
18408,$JYJ,13301272873,20111101223543,116.456581,39.993168,429328295,147435800,0,196,0,0,50#
22078,$JYJ,13311470301,20111101223559,116.453300,39.995655,429316239,147444996,25,82,1,1,50#
777,$JYJ,13311162429,20111101223959,116.451614,39.998398,429310032,147455116,0,214,1,1,50#
111701,$JYJ,13301214603,20111101224931,116.451698,39.997856,429310353,147453122,36,356,0,0,50#
106014,$JYJ,13311403203,20111101225425,116.453201,39.995655,429315905,147444996,4,108,0,0,50#
66489,$JYJ,13381102714,20111101225246,116.450890,39.995548,429307401,147444622,2,86,0,0,50#
42905,$JYJ,13311488200,20111101225651,116.454598,39.992687,429321022,147434014,0,264,0,0,50#
82405,$JYJ,13321180404,20111101225831,116.459663,39.995735,429339617,147445241,0,122,1,1,50#
42876,$JYJ,13331156465,20111101225651,116.456574,39.994980,429328269,147442454,34,176,0,0,50#
88145,$JYJ,13331156465,20111101225845,116.456657,39.992344,429328601,147432762,0,0,1,1,50#
69534,$JYJ,13331159455,20111101225755,116.451469,39.999969,429309519,147460891,4,188,0,0,50#
29970,$JYJ,13331063406,20111101230113,116.451614,39.997795,429310055,147452887,0,4,0,0,50#
40067,$JYJ,13331154973,20111101230137,116.453087,39.995888,429315479,147445827,4,282,0,0,50#
73102,$JYJ,13331154973,20111101230305,116.453163,39.995808,429315753,147445539,12,90,1,1,50#
10700,$JYJ,13331188740,20111101230529,116.459564,39.996002,429339277,147446195,12,262,1,1,50#
8659,$JYJ,13370122494,20111101230520,116.456734,39.997562,429328854,147451982,13,356,0,0,50#
47433,$JYJ,13370122494,20111101230655,116.456917,39.998894,429329558,147456892,25,190,1,1,50#
1805,$JYJ,13301184012,20111101231002,116.458420,39.995812,429335049,147445520,13,64,1,1,50#
103311,$JYJ,13301214502,20111101231411,116.453484,39.995754,429316931,147445353,26,86,1,1,50#
20265,$JYJ,13331156416,20111101231053,116.453323,39.995655,429316338,147444997,12,86,1,1,50#
110977,$JYJ,13321199429,20111101231939,116.453316,39.995735,429316296,147445267,10,84,1,1,50#
84306,$JYJ,13331154826,20111101231831,116.451569,39.995743,429309878,147445332,2,28,0,0,50#
112899,$JYJ,13381077453,20111101231943,116.459236,39.999969,429338057,147460826,0,272,0,0,50#
73725,$JYJ,13301128409,20111101232303,116.459198,39.999878,429337940,147460509,2,116,0,0,50#
99914,$JYJ,13311480667,20111101232409,116.451599,39.999149,429309997,147457876,2,178,0,0,50#
91312,$JYJ,13301214703,20111101232849,116.456787,39.999279,429329081,147458309,0,0,0,0,50#
72403,$JYJ,13331194270,20111101232757,116.456116,39.999683,429326596,147459802,12,290,0,0,50#
107390,$JYJ,13331194270,20111101232930,116.455917,39.999695,429325871,147459869,15,260,1,1,50#
103971,$JYJ,13370129338,20111101232921,116.454285,39.995762,429319890,147445362,0,92,0,0,50#
13115,$JYJ,13311480667,20111101233033,116.450783,39.993572,429307003,147437331,2,192,1,1,50#
72934,$JYJ,13311486521,20111101233304,116.456543,39.996765,429328170,147449046,15,184,1,1,50#
72999,$JYJ,13301214617,20111101235807,116.456497,39.995571,429327981,147444650,26,156,1,1,50#
71797,$JYJ,13311486521,20111101235806,116.456574,39.994797,429328301,147441781,0,0,0,0,50#
