30664,$JYJ,13331194888,20111101000131,116.451134,39.870182,429308208,146982436,21,270,1,1,50#
87744,$JYJ,13301157476,20111101000931,116.454781,39.879265,429321641,147015876,15,174,1,1,50#
81399,$JYJ,13301254019,20111101000913,116.450813,39.879467,429307073,147016684,30,214,1,1,50#
81199,$JYJ,13311022524,20111101000908,116.458984,39.874775,429337066,146999307,23,88,0,0,50#
11811,$JYJ,13311022524,20111101001032,116.459816,39.874825,429340124,146999481,15,86,1,1,50#
34449,$JYJ,13311489614,20111101001145,116.450058,39.878990,429304273,147014923,0,0,1,1,50#
77847,$JYJ,13301127469,20111101001857,116.452385,39.870110,429312840,146982174,0,332,0,0,50#
54089,$JYJ,13321199764,20111101001746,116.450363,39.878548,429305408,147013290,2,198,0,0,50#
23186,$JYJ,13381077453,20111101001610,116.450203,39.879822,429304815,147017996,0,194,0,0,50#
29811,$JYJ,13381100124,20111101001631,116.453049,39.879044,429315278,147015078,10,58,1,1,50#
203,$JYJ,13311022564,20111101001956,116.454719,39.877808,429321413,147010520,2,186,0,0,50#
25422,$JYJ,13311022564,20111101002122,116.454681,39.877151,429321267,147008115,26,178,1,1,50#
84944,$JYJ,13311453359,20111101002420,116.452118,39.870533,429311858,146983707,21,308,0,0,50#
91765,$JYJ,13311486542,20111101002445,116.457001,39.876606,429329779,147006083,0,80,0,0,50#
21698,$JYJ,13381093074,20111101002108,116.451347,39.872452,429308999,146990805,19,90,1,1,50#
16882,$JYJ,13311489539,20111101002548,116.450348,39.872303,429305328,146990270,30,270,0,0,50#
4541,$JYJ,13301174942,20111101003013,116.451469,39.872185,429309475,146989832,0,88,0,0,50#
31653,$JYJ,13311021054,20111101004128,116.456917,39.874828,429329500,146999518,0,0,0,0,50#
83270,$JYJ,13311021054,20111101004400,116.459114,39.874813,429337543,146999447,26,86,1,1,50#
20433,$JYJ,13321199846,20111101004056,116.454666,39.877853,429321213,147010684,2,224,0,0,50#
51679,$JYJ,13331154900,20111101004229,116.454636,39.871960,429321110,146988970,6,180,1,1,50#
88736,$JYJ,13370122423,20111101004417,116.459648,39.872688,429339540,146991617,0,290,0,0,50#
38624,$JYJ,13381083451,20111101004149,116.452614,39.875076,429313686,147000473,13,286,0,0,50#
54178,$JYJ,13381083451,20111101004240,116.450630,39.874916,429306382,146999875,15,266,1,1,50#
11994,$JYJ,13301204826,20111101004532,116.458702,39.870087,429336030,146982035,21,266,1,1,50#
82862,$JYJ,13301214582,20111101004907,116.451599,39.872315,429309928,146990282,0,74,1,1,50#
93461,$JYJ,13311470476,20111101005441,116.456856,39.874886,429329263,146999729,0,0,0,0,50#
51290,$JYJ,13311486508,20111101005731,116.453270,39.876156,429316099,147004430,6,320,0,0,50#
56773,$JYJ,13381083469,20111101005751,116.450050,39.875931,429304263,147003642,4,350,0,0,50#
29728,$JYJ,13321174892,20111101010125,116.451866,39.872204,429310933,146989879,0,150,0,0,50#
91220,$JYJ,13331154716,20111101010436,116.455254,39.878944,429323385,147014714,17,6,0,0,50#
83362,$JYJ,13301277578,20111101010918,116.451569,39.870213,429309837,146982546,32,270,1,1,50#
85469,$JYJ,13311486585,20111101010927,116.459122,39.870151,429337587,146982248,10,262,1,1,50#
64923,$JYJ,13331154716,20111101010824,116.450035,39.879391,429304176,147016375,0,0,0,0,50#
75452,$JYJ,13381096549,20111101010853,116.455749,39.878105,429325201,147011594,30,172,1,1,50#
21419,$JYJ,13331154716,20111101011104,116.450035,39.879391,429304203,147016393,0,0,0,0,50#
71699,$JYJ,13321174737,20111101011846,116.455994,39.870098,429326099,146982071,36,260,1,1,50#
50314,$JYJ,13331093453,20111101012735,116.459602,39.874744,429339372,146999195,8,88,0,0,50#
730,$JYJ,13331194747,20111101012501,116.455147,39.870773,429322986,146984593,10,14,1,1,50#
59807,$JYJ,13311403755,20111101013310,116.453201,39.872398,429315824,146990598,10,268,1,1,50#
77092,$JYJ,13331194147,20111101013409,116.454735,39.875065,429321460,147000415,2,200,0,0,50#
24570,$JYJ,13311021054,20111101013620,116.451599,39.872055,429309958,146989345,23,82,1,1,50#
70186,$JYJ,13311486551,20111101014349,116.450104,39.872250,429304455,146990052,8,144,0,0,50#
33199,$JYJ,13311492193,20111101014143,116.453346,39.872662,429316343,146991551,12,294,0,0,50#
72296,$JYJ,13311492193,20111101014351,116.451500,39.872639,429309564,146991477,12,232,1,1,50#
22332,$JYJ,13301164961,20111101015611,116.450020,39.879406,429304139,147016449,0,10,0,0,50#
41244,$JYJ,13311480750,20111101015718,116.454399,39.875046,429320249,147000347,0,0,0,0,50#
33986,$JYJ,13311403261,20111101020148,116.455414,39.875427,429323957,147001743,0,358,0,0,50#
24849,$JYJ,13311489452,20111101020624,116.451614,39.871883,429309975,146988713,0,350,0,0,50#
51524,$JYJ,13301164961,20111101021756,116.459396,39.874882,429338617,146999701,21,288,0,0,50#
32119,$JYJ,13321164496,20111101022148,116.452499,39.870033,429313251,146981877,17,190,1,1,50#
44039,$JYJ,13381102964,20111101022229,116.452103,39.872211,429311801,146989906,13,86,1,1,50#
40905,$JYJ,13311403257,20111101022716,116.450203,39.877567,429304803,147009683,0,32,0,0,50#
63080,$JYJ,13311403755,20111101023835,116.451515,39.872078,429309638,146989409,10,68,1,1,50#
31041,$JYJ,13311470476,20111101025149,116.452980,39.870121,429315032,146982182,0,0,0,0,50#
32281,$JYJ,13311470476,20111101025153,116.452980,39.870121,429315032,146982185,0,0,0,0,50#
69498,$JYJ,13311470476,20111101025406,116.452980,39.870121,429314993,146982191,0,0,0,0,50#
72397,$JYJ,13311470476,20111101025416,116.452980,39.870121,429315034,146982191,0,0,0,0,50#
73324,$JYJ,13311470476,20111101025420,116.452980,39.870121,429315018,146982202,0,0,0,0,50#
50148,$JYJ,13370129375,20111101030256,116.452766,39.870316,429314208,146982910,13,306,0,0,50#
60280,$JYJ,13311403488,20111101030833,116.454719,39.879292,429321423,147015974,10,178,1,1,50#
3155,$JYJ,13311488126,20111101031507,116.455269,39.879051,429323452,147015086,0,16,0,0,50#
45897,$JYJ,13311480669,20111101033249,116.454567,39.872395,429320843,146990572,8,188,0,0,50#
10837,$JYJ,13311403101,20111101034035,116.453331,39.872261,429316284,146990073,4,88,0,0,50#
78536,$JYJ,13311403520,20111101035453,116.450897,39.877880,429307343,147010832,0,88,0,0,50#
40970,$JYJ,13311453477,20111101035734,116.454719,39.877575,429321404,147009651,0,176,0,0,50#
71706,$JYJ,13311470476,20111101045430,116.452980,39.870121,429315034,146982182,0,0,0,0,50#
74166,$JYJ,13311470476,20111101045440,116.452980,39.870121,429315003,146982186,0,0,0,0,50#
41316,$JYJ,13311426349,20111101045733,116.452133,39.872253,429311909,146990064,0,0,0,0,50#
68314,$JYJ,13311403178,20111101052354,116.455215,39.875164,429323241,147000785,17,354,1,1,50#
35770,$JYJ,13311470476,20111101052205,116.453186,39.870518,429315766,146983640,0,0,0,0,50#
38656,$JYJ,13311470476,20111101052215,116.453186,39.870518,429315780,146983660,0,0,0,0,50#
2442,$JYJ,13331154842,20111101052504,116.452766,39.870312,429314235,146982906,21,274,1,1,50#
68769,$JYJ,13311487281,20111101053354,116.454765,39.878796,429321588,147014173,34,170,1,1,50#
31715,$JYJ,13311426254,20111101054141,116.455849,39.875324,429325580,147001369,0,172,0,0,50#
49796,$JYJ,13311470476,20111101054243,116.453186,39.870518,429315782,146983673,0,0,0,0,50#
60900,$JYJ,13311470476,20111101054321,116.453186,39.870518,429315779,146983657,0,0,0,0,50#
89403,$JYJ,13301156046,20111101055442,116.455254,39.877666,429323365,147009983,28,356,1,1,50#
87271,$JYJ,13301214283,20111101060431,116.451019,39.876171,429307826,147004532,0,4,0,0,50#
88553,$JYJ,13311020314,20111101060435,116.451019,39.876045,429307814,147004067,0,72,0,0,50#
2732,$JYJ,13311470476,20111101061005,116.453018,39.870186,429315138,146982427,0,0,0,0,50#
25172,$JYJ,13311453445,20111101061617,116.454651,39.877781,429321180,147010420,0,180,0,0,50#
80183,$JYJ,13321164591,20111101061900,116.455086,39.874592,429322775,146998664,6,336,1,1,50#
2921,$JYJ,13311403565,20111101062006,116.459396,39.874935,429338582,146999883,39,264,1,1,50#
88168,$JYJ,13331194327,20111101062917,116.450981,39.874935,429307684,146999944,13,262,1,1,50#
86725,$JYJ,13331194969,20111101064406,116.458115,39.875023,429333887,147000221,0,202,1,1,50#
33466,$JYJ,13311403178,20111101065232,116.459564,39.874886,429339227,146999715,0,148,0,0,50#
36247,$JYJ,13311403178,20111101065245,116.459549,39.874855,429339153,146999599,8,244,1,1,50#
65007,$JYJ,13301156964,20111101071301,116.454567,39.877052,429320865,147007751,21,176,1,1,50#
50480,$JYJ,13321180046,20111101071223,116.452347,39.874931,429312678,146999924,2,294,1,1,50#
38561,$JYJ,13331156410,20111101071649,116.451897,39.871227,429311052,146986291,0,308,0,0,50#
19334,$JYJ,13331187125,20111101071552,116.454750,39.879147,429321530,147015464,26,174,1,1,50#
55914,$JYJ,13331187125,20111101071739,116.451134,39.874908,429308238,146999850,19,268,0,0,50#
13765,$JYJ,13311431075,20111101073039,116.454651,39.873398,429321164,146994267,23,182,0,0,50#
65579,$JYJ,13331061148,20111101073805,116.454651,39.878998,429321145,147014907,0,144,1,1,50#
50755,$JYJ,13331156499,20111101073720,116.458450,39.874893,429335145,146999737,4,274,1,1,50#
65239,$JYJ,13311495132,20111101074808,116.454651,39.877583,429321151,147009676,6,174,1,1,50#
8085,$JYJ,13331154859,20111101074521,116.451614,39.870033,429309981,146981880,30,88,0,0,50#
32343,$JYJ,13301254019,20111101075130,116.453415,39.871540,429316600,146987437,26,212,0,0,50#
31121,$JYJ,13301272320,20111101075126,116.454719,39.879990,429321419,147018550,23,180,1,1,50#
65716,$JYJ,13301272320,20111101075303,116.454147,39.872234,429319317,146989981,17,272,0,0,50#
95972,$JYJ,13311426471,20111101075431,116.455299,39.879890,429323541,147018177,0,358,0,0,50#
53088,$JYJ,13301184008,20111101075730,116.450035,39.870110,429304199,146982177,15,88,1,1,50#
84049,$JYJ,13311403716,20111101075858,116.454086,39.872421,429319099,146990669,23,150,1,1,50#
74522,$JYJ,13331194089,20111101080330,116.450897,39.870213,429307342,146982553,30,272,0,0,50#
67365,$JYJ,13370122479,20111101080306,116.455620,39.874721,429324725,146999131,2,48,1,1,50#
62648,$JYJ,13381096584,20111101080258,116.450035,39.872463,429304198,146990852,17,0,0,0,50#
21498,$JYJ,13321164407,20111101080604,116.454834,39.876663,429321833,147006300,62,180,0,0,50#
89202,$JYJ,13311022064,20111101081449,116.455269,39.877987,429323424,147011177,17,354,0,0,50#
5816,$JYJ,13311453409,20111101081020,116.456535,39.874870,429328089,146999676,6,80,1,1,50#
55478,$JYJ,13331194214,20111101081305,116.454536,39.870567,429320749,146983837,34,178,0,0,50#
17143,$JYJ,13381083409,20111101081056,116.454620,39.871822,429321055,146988467,8,212,0,0,50#
59921,$JYJ,13381153621,20111101081315,116.453186,39.872292,429315777,146990202,0,136,0,0,50#
61155,$JYJ,13311431287,20111101081848,116.454552,39.872211,429320806,146989898,0,280,0,0,50#
30031,$JYJ,13311566458,20111101081647,116.455147,39.871460,429322973,146987100,15,356,1,1,50#
3031,$JYJ,13381153621,20111101081510,116.453598,39.871864,429317301,146988609,4,218,1,1,50#
60762,$JYJ,13301214734,20111101082335,116.454719,39.879749,429321409,147017664,0,180,1,1,50#
72555,$JYJ,13311486305,20111101082414,116.454666,39.877167,429321202,147008171,13,166,1,1,50#
54458,$JYJ,13321164780,20111101082313,116.455299,39.879745,429323525,147017652,0,354,0,0,50#
10153,$JYJ,13381063394,20111101082034,116.451668,39.872944,429310185,146992621,8,302,0,0,50#
66375,$JYJ,13301136964,20111101082837,116.454933,39.877113,429322217,147007955,10,88,1,1,50#
39202,$JYJ,13311453321,20111101082708,116.459534,39.874790,429339102,146999358,4,278,1,1,50#
23820,$JYJ,13311492182,20111101082622,116.455299,39.877003,429323538,147007554,2,10,1,1,50#
20173,$JYJ,13331154927,20111101082605,116.456665,39.874817,429328545,146999494,0,80,0,0,50#
27185,$JYJ,13331154927,20111101082629,116.456665,39.874825,429328558,146999510,8,62,1,1,50#
45517,$JYJ,13301214157,20111101083730,116.450867,39.872417,429307251,146990681,10,264,0,0,50#
85475,$JYJ,13331154955,20111101083932,116.452164,39.872292,429312033,146990212,8,104,0,0,50#
3401,$JYJ,13301214187,20111101084510,116.459320,39.874920,429338333,146999849,0,0,1,1,50#
55738,$JYJ,13331194888,20111101085306,116.450981,39.872478,429307652,146990916,0,258,0,0,50#
70819,$JYJ,13331194888,20111101085355,116.450981,39.872459,429307657,146990826,0,258,1,1,50#
71833,$JYJ,13301214460,20111101085857,116.454567,39.871941,429320847,146988882,2,202,0,0,50#
77348,$JYJ,13301214460,20111101085920,116.454514,39.871578,429320671,146987569,19,176,1,1,50#
52614,$JYJ,13311426190,20111101090309,116.459549,39.877239,429339155,147008395,0,270,0,0,50#
70061,$JYJ,13381068674,20111101090408,116.455231,39.877060,429323305,147007774,13,0,0,0,50#
78203,$JYJ,13381068674,20111101090437,116.455215,39.877117,429323214,147007973,0,30,1,1,50#
34763,$JYJ,13381233403,20111101090152,116.450287,39.872318,429305113,146990302,0,142,0,0,50#
41651,$JYJ,13381233403,20111101090229,116.450432,39.872406,429305654,146990628,0,98,1,1,50#
18182,$JYJ,13381275643,20111101090058,116.454697,39.879742,429321317,147017659,28,174,1,1,50#
18810,$JYJ,13321174970,20111101090600,116.458847,39.875008,429336577,147000177,0,62,0,0,50#
30929,$JYJ,13321174970,20111101090642,116.458847,39.875008,429336564,147000164,0,98,1,1,50#
37305,$JYJ,13381068994,20111101090709,116.451668,39.872311,429310188,146990265,0,276,0,0,50#
52919,$JYJ,13381068994,20111101090804,116.451668,39.872356,429310197,146990433,10,264,1,1,50#
6026,$JYJ,13301251400,20111101091518,116.454681,39.872189,429321278,146989809,0,196,1,1,50#
7005,$JYJ,13381069147,20111101091517,116.455597,39.877010,429324636,147007561,2,348,0,0,50#
24270,$JYJ,13381083428,20111101091615,116.450050,39.872856,429304239,146992315,8,354,1,1,50#
53991,$JYJ,13381096734,20111101091753,116.450165,39.872360,429304663,146990486,0,264,0,0,50#
62527,$JYJ,13381096734,20111101091816,116.450348,39.872467,429305358,146990880,17,92,1,1,50#
8260,$JYJ,13311495190,20111101092022,116.454651,39.870792,429321175,146984673,4,190,0,0,50#
25248,$JYJ,13311495190,20111101092129,116.450981,39.870075,429307682,146982047,12,260,1,1,50#
66723,$JYJ,13301155894,20111101092847,116.451569,39.870083,429309842,146982082,38,90,0,0,50#
18411,$JYJ,13301214736,20111101092555,116.454666,39.873398,429321204,146994248,32,186,0,0,50#
57348,$JYJ,13311431287,20111101092813,116.456863,39.874798,429329280,146999416,12,80,1,1,50#
69610,$JYJ,13301277708,20111101093340,116.451386,39.874836,429309170,146999602,0,100,0,0,50#
10641,$JYJ,13301277708,20111101093530,116.456986,39.874844,429329724,146999557,21,78,1,1,50#
20449,$JYJ,13331194978,20111101093607,116.455292,39.877174,429323495,147008175,6,6,1,1,50#
66883,$JYJ,13301184032,20111101094328,116.455147,39.874912,429322974,146999831,28,346,0,0,50#
92675,$JYJ,13301184032,20111101094442,116.454918,39.876614,429322155,147006103,13,4,1,1,50#
27448,$JYJ,13311191493,20111101094127,116.454666,39.879593,429321231,147017108,0,200,1,1,50#
20355,$JYJ,13311489586,20111101094104,116.455284,39.879639,429323499,147017274,0,356,0,0,50#
19518,$JYJ,13311492256,20111101094057,116.450020,39.872856,429304121,146992291,0,0,0,0,50#
60381,$JYJ,13321164445,20111101094308,116.455185,39.878784,429323127,147014122,23,2,0,0,50#
37015,$JYJ,13321191491,20111101094201,116.450729,39.872299,429306750,146990229,10,100,0,0,50#
63583,$JYJ,13321191491,20111101094321,116.451057,39.871979,429307936,146989048,12,266,1,1,50#
69682,$JYJ,13301156458,20111101094833,116.454681,39.877212,429321285,147008322,10,164,1,1,50#
27091,$JYJ,13301204950,20111101094626,116.452484,39.870228,429313197,146982609,0,84,0,0,50#
67055,$JYJ,13311492183,20111101094825,116.454636,39.870941,429321120,146985207,2,188,0,0,50#
9749,$JYJ,13311570484,20111101094525,116.453964,39.875008,429318619,147000200,28,268,0,0,50#
75487,$JYJ,13370122412,20111101095345,116.455185,39.878979,429323131,147014827,10,2,1,1,50#
5497,$JYJ,13311426047,20111101095512,116.454781,39.878502,429321653,147013085,28,182,0,0,50#
80491,$JYJ,13311426047,20111101095907,116.450165,39.872162,429304674,146989730,12,258,1,1,50#
30446,$JYJ,13311488243,20111101095633,116.454582,39.872292,429320896,146990196,0,180,1,1,50#
86298,$JYJ,13381233403,20111101095927,116.450516,39.872318,429305970,146990325,0,124,0,0,50#
53985,$JYJ,13301204882,20111101100250,116.456482,39.874908,429327870,146999813,17,282,1,1,50#
55538,$JYJ,13331186498,20111101100258,116.451187,39.872116,429308409,146989575,15,274,0,0,50#
72062,$JYJ,13311403067,20111101101418,116.452766,39.870129,429314208,146982230,0,334,0,0,50#
42859,$JYJ,13311431000,20111101101248,116.455276,39.877274,429323477,147008562,0,0,1,1,50#
58431,$JYJ,13311470429,20111101101340,116.450600,39.872307,429306284,146990269,6,98,0,0,50#
45176,$JYJ,13311480680,20111101101254,116.455147,39.871963,429322972,146988985,12,358,1,1,50#
16159,$JYJ,13311564084,20111101101051,116.454781,39.879475,429321626,147016674,25,180,2,0,50#
60513,$JYJ,13301156342,20111101102309,116.454582,39.871319,429320924,146986585,13,172,0,0,50#
76653,$JYJ,13311191469,20111101102405,116.455185,39.871921,429323100,146988819,2,4,1,1,50#
68845,$JYJ,13321164800,20111101102341,116.455131,39.871384,429322904,146986825,32,4,0,0,50#
2650,$JYJ,13311453207,20111101102503,116.454697,39.877876,429321306,147010783,15,186,0,0,50#
16644,$JYJ,13311579954,20111101102549,116.454697,39.877411,429321339,147009073,21,184,0,0,50#
1260,$JYJ,13321164800,20111101102500,116.457367,39.874756,429331123,146999239,17,86,1,1,50#
1369,$JYJ,13331194090,20111101102504,116.450134,39.872093,429304567,146989503,2,8,1,1,50#
29709,$JYJ,13301174972,20111101103633,116.455231,39.877159,429323273,147008121,0,344,0,0,50#
62017,$JYJ,13311431252,20111101103819,116.454498,39.870754,429320595,146984517,13,182,1,1,50#
81757,$JYJ,13311581543,20111101103922,116.450737,39.872360,429306776,146990467,6,240,0,0,50#
56681,$JYJ,13331187840,20111101103801,116.450562,39.872295,429306132,146990225,0,0,1,1,50#
11645,$JYJ,13331194059,20111101103534,116.456520,39.874695,429328048,146999043,15,82,1,1,50#
5757,$JYJ,13331194214,20111101103515,116.454750,39.879497,429321540,147016755,25,176,1,1,50#
70899,$JYJ,13301214031,20111101104342,116.456017,39.870159,429326196,146982327,2,300,0,0,50#
77667,$JYJ,13331111464,20111101104403,116.450470,39.872387,429305799,146990579,12,80,1,1,50#
41923,$JYJ,13331159479,20111101104209,116.454666,39.875500,429321208,147002020,39,180,0,0,50#
21480,$JYJ,13331194469,20111101104106,116.457420,39.874832,429331341,146999515,0,194,1,1,50#
43955,$JYJ,13321174810,20111101104717,116.454666,39.877762,429321213,147010347,19,190,0,0,50#
68561,$JYJ,13321164318,20111101105327,116.454666,39.876396,429321221,147005302,21,168,1,1,50#
67669,$JYJ,13321199444,20111101105325,116.452148,39.876110,429311944,147004279,2,54,0,0,50#
37423,$JYJ,13381232416,20111101105153,116.455147,39.875622,429322984,147002452,13,2,1,1,50#
19177,$JYJ,13301127479,20111101105559,116.450050,39.876625,429304225,147006210,2,198,1,1,50#
55343,$JYJ,13311480663,20111101105800,116.456200,39.874901,429326833,146999783,28,262,1,1,50#
214,$JYJ,13331194094,20111101105457,116.451866,39.877132,429310927,147008058,0,168,0,0,50#
52863,$JYJ,13381077432,20111101105753,116.451164,39.872326,429308344,146990329,0,94,0,0,50#
579,$JYJ,13301127491,20111101110501,116.456451,39.870117,429327769,146982162,15,272,1,1,50#
37912,$JYJ,13311431427,20111101110701,116.455200,39.871380,429323189,146986821,12,354,0,0,50#
54010,$JYJ,13311431427,20111101110753,116.455566,39.874695,429324505,146999035,15,64,1,1,50#
42438,$JYJ,13321180124,20111101110715,116.454353,39.877251,429320060,147008453,19,190,1,1,50#
74920,$JYJ,13321180124,20111101110857,116.450813,39.872307,429307060,146990281,2,202,0,0,50#
39114,$JYJ,13331194477,20111101110709,116.454498,39.870739,429320608,146984462,0,150,0,0,50#
84220,$JYJ,13331194477,20111101110927,116.452263,39.870182,429312367,146982415,10,216,1,1,50#
49888,$JYJ,13370126452,20111101110740,116.453087,39.872826,429315404,146992176,6,0,0,0,50#
2371,$JYJ,13311492296,20111101111003,116.454651,39.878029,429321154,147011349,6,184,1,1,50#
19266,$JYJ,13321180124,20111101111100,116.450020,39.872971,429304140,146992728,10,12,1,1,50#
2585,$JYJ,13370126452,20111101111004,116.455269,39.874889,429323425,146999746,15,358,1,1,50#
14956,$JYJ,13381096734,20111101111046,116.458816,39.870045,429336456,146981863,17,272,1,1,50#
60545,$JYJ,13301157416,20111101111826,116.450348,39.872322,429305355,146990319,12,272,1,1,50#
77332,$JYJ,13311490952,20111101111936,116.457565,39.870052,429331873,146981899,4,276,0,0,50#
32445,$JYJ,13311431541,20111101112150,116.450615,39.872570,429306315,146991257,15,268,1,1,50#
41869,$JYJ,13311490952,20111101112222,116.455200,39.871765,429323170,146988247,23,352,1,1,50#
63401,$JYJ,13331194111,20111101112334,116.453987,39.872364,429318730,146990447,25,92,1,1,50#
86918,$JYJ,13381095964,20111101112446,116.454582,39.871849,429320891,146988549,26,176,1,1,50#
57955,$JYJ,13381232434,20111101112314,116.456413,39.874966,429327619,147000021,15,268,1,1,50#
38990,$JYJ,13301214261,20111101112701,116.450020,39.878750,429304144,147014046,26,2,1,1,50#
80515,$JYJ,13311431130,20111101112909,116.451119,39.878017,429308155,147011327,0,358,0,0,50#
30916,$JYJ,13311489321,20111101112636,116.450836,39.872501,429307123,146990978,0,240,0,0,50#
21203,$JYJ,13311492171,20111101112603,116.452416,39.870453,429312940,146983418,4,18,0,0,50#
52678,$JYJ,13311492171,20111101112740,116.452331,39.870472,429312621,146983508,2,262,1,1,50#
9393,$JYJ,13331194841,20111101112530,116.453850,39.875114,429318205,147000593,0,278,0,0,50#
3021,$JYJ,13311022654,20111101113004,116.451286,39.872375,429308795,146990520,25,270,1,1,50#
53846,$JYJ,13311403650,20111101113239,116.459701,39.875050,429339742,147000326,0,276,0,0,50#
33970,$JYJ,13311486591,20111101113139,116.452934,39.874882,429314857,146999735,12,272,0,0,50#
31303,$JYJ,13311492066,20111101113136,116.454719,39.875378,429321425,147001578,0,188,0,0,50#
7805,$JYJ,13331159479,20111101113020,116.453796,39.872360,429318004,146990445,8,78,0,0,50#
58317,$JYJ,13311431130,20111101113750,116.450104,39.875320,429304453,147001394,0,176,1,1,50#
32607,$JYJ,13321199440,20111101113634,116.451553,39.870144,429309761,146982280,41,90,0,0,50#
58287,$JYJ,13321199440,20111101113750,116.452469,39.870312,429313149,146982890,10,82,1,1,50#
36943,$JYJ,13331194841,20111101113643,116.453751,39.875065,429317832,147000402,0,278,1,1,50#
76634,$JYJ,13311470475,20111101114346,116.454903,39.870003,429322076,146981727,0,336,0,0,50#
32491,$JYJ,13311577734,20111101114135,116.454765,39.879082,429321582,147015206,0,318,0,0,50#
44034,$JYJ,13311577734,20111101114209,116.454765,39.879002,429321582,147014922,12,192,1,1,50#
60668,$JYJ,13311431073,20111101114801,116.454018,39.870144,429318828,146982287,13,270,0,0,50#
90225,$JYJ,13311489401,20111101114929,116.453346,39.877174,429316373,147008199,0,114,0,0,50#
22105,$JYJ,13311490950,20111101114605,116.454765,39.878326,429321582,147012434,19,190,0,0,50#
28550,$JYJ,13311495167,20111101114624,116.454964,39.872631,429322318,146991419,13,16,1,1,50#
92315,$JYJ,13331194835,20111101114935,116.450348,39.879913,429305322,147018322,17,106,0,0,50#
63406,$JYJ,13301155954,20111101115307,116.454681,39.877651,429321268,147009947,0,158,2,0,50#
32515,$JYJ,13311426137,20111101115131,116.454719,39.878143,429321417,147011749,12,182,1,1,50#
83050,$JYJ,13331185184,20111101115907,116.454735,39.877201,429321481,147008279,13,180,1,1,50#
36181,$JYJ,13331194453,20111101115645,116.452553,39.874851,429313440,146999651,26,90,1,1,50#
25367,$JYJ,13381069624,20111101115612,116.453300,39.873268,429316213,146993810,0,84,0,0,50#
76246,$JYJ,13381069624,20111101115847,116.452881,39.873375,429314645,146994179,0,198,1,1,50#
9883,$JYJ,13301156476,20111101120026,116.455215,39.872097,429323215,146989461,17,356,1,1,50#
30514,$JYJ,13311403049,20111101120132,116.455131,39.870979,429322944,146985336,2,56,0,0,50#
45087,$JYJ,13311403219,20111101120215,116.454681,39.878605,429321252,147013454,0,198,0,0,50#
84625,$JYJ,13331185184,20111101120436,116.454803,39.879341,429321739,147016161,36,180,0,0,50#
64567,$JYJ,13311403224,20111101120850,116.452568,39.870224,429313505,146982565,13,272,1,1,50#
50206,$JYJ,13331111425,20111101120758,116.454681,39.875038,429321277,147000315,0,184,0,0,50#
59279,$JYJ,13381095994,20111101120829,116.453468,39.870220,429316807,146982548,12,272,0,0,50#
23992,$JYJ,13311487275,20111101121125,116.454781,39.877865,429321642,147010715,8,180,1,1,50#
58508,$JYJ,13331156496,20111101121335,116.454964,39.876057,429322310,147004065,2,246,0,0,50#
53119,$JYJ,13331194944,20111101121311,116.459183,39.874500,429337814,146998301,2,102,0,0,50#
25193,$JYJ,13301156431,20111101121636,116.457970,39.870285,429333368,146982771,8,272,1,1,50#
56790,$JYJ,13331156443,20111101122331,116.452881,39.874989,429314636,147000138,23,270,0,0,50#
31791,$JYJ,13311489682,20111101122714,116.454735,39.879497,429321481,147016750,4,166,1,1,50#
51149,$JYJ,13311495239,20111101122828,116.454933,39.878307,429322202,147012366,21,182,0,0,50#
48629,$JYJ,13321164858,20111101122820,116.458816,39.875057,429336479,147000361,0,254,0,0,50#
60475,$JYJ,13311492170,20111101123418,116.454750,39.878540,429321509,147013213,8,176,0,0,50#
26323,$JYJ,13311495119,20111101123154,116.452820,39.874973,429314410,147000084,28,282,2,0,50#
60201,$JYJ,13321199493,20111101123419,116.453217,39.874935,429315877,146999947,36,260,0,0,50#
78361,$JYJ,13331194419,20111101123932,116.453285,39.871727,429316118,146988118,19,96,0,0,50#
13216,$JYJ,13370122441,20111101123544,116.452118,39.872326,429311829,146990344,28,96,1,1,50#
81725,$JYJ,13311426438,20111101124437,116.454880,39.874683,429322005,146998992,0,340,1,1,50#
71578,$JYJ,13311453232,20111101124401,116.453285,39.871803,429316158,146988388,6,198,1,1,50#
52189,$JYJ,13311495116,20111101124256,116.454582,39.870922,429320898,146985150,0,196,0,0,50#
11832,$JYJ,13321199541,20111101124040,116.454987,39.877560,429322382,147009614,4,56,0,0,50#
988,$JYJ,13331194419,20111101124001,116.453964,39.872009,429318627,146989164,15,92,1,1,50#
11480,$JYJ,13311495116,20111101124538,116.453796,39.870216,429317997,146982532,0,284,1,1,50#
5420,$JYJ,13321174806,20111101125018,116.454369,39.872494,429320140,146990947,8,186,0,0,50#
16269,$JYJ,13321174806,20111101125056,116.454453,39.872448,429320437,146990773,15,170,1,1,50#
7670,$JYJ,13331194646,20111101125027,116.455131,39.874462,429322916,146998188,2,4,0,0,50#
20763,$JYJ,13331194646,20111101125111,116.455131,39.874622,429322903,146998764,6,356,1,1,50#
35678,$JYJ,13331194817,20111101125204,116.454803,39.876759,429321719,147006662,38,172,0,0,50#
18839,$JYJ,13331194852,20111101125101,116.454651,39.879841,429321163,147018017,30,178,1,1,50#
20817,$JYJ,13311403344,20111101125607,116.452331,39.874977,429312630,147000115,8,252,1,1,50#
81725,$JYJ,13321164835,20111101125928,116.454300,39.879234,429319861,147015768,34,180,1,1,50#
89921,$JYJ,13381066904,20111101125956,116.459465,39.874897,429338844,146999761,23,262,1,1,50#
11297,$JYJ,13311492066,20111101130541,116.455101,39.877209,429322819,147008318,2,6,0,0,50#
1506,$JYJ,13331194817,20111101130507,116.457787,39.870220,429332691,146982526,2,276,1,1,50#
7584,$JYJ,13301155245,20111101131021,116.453636,39.879913,429317432,147018294,0,118,0,0,50#
24779,$JYJ,13311453442,20111101131112,116.453819,39.870007,429318098,146981779,28,272,0,0,50#
185,$JYJ,13311490947,20111101130958,116.454598,39.873032,429320955,146992921,0,178,0,0,50#
81373,$JYJ,13321199844,20111101131413,116.452034,39.874828,429311560,146999563,4,78,1,1,50#
3189,$JYJ,13331159418,20111101131009,116.455063,39.872082,429322683,146989410,25,358,1,1,50#
90659,$JYJ,13301156743,20111101131958,116.452850,39.875431,429314560,147001771,2,222,0,0,50#
1668,$JYJ,13311403006,20111101131504,116.452713,39.879246,429314051,147015824,2,314,0,0,50#
54607,$JYJ,13311403006,20111101131807,116.454765,39.877136,429321587,147008037,21,344,1,1,50#
33253,$JYJ,13311426016,20111101132642,116.451370,39.870140,429309111,146982273,52,90,1,1,50#
18876,$JYJ,13311486566,20111101132557,116.453133,39.876549,429315582,147005877,0,304,0,0,50#
22374,$JYJ,13321174811,20111101132609,116.451119,39.878136,429308192,147011746,6,350,0,0,50#
69372,$JYJ,13321174811,20111101132834,116.450149,39.878757,429304616,147014062,17,20,1,1,50#
85460,$JYJ,13301156431,20111101133417,116.457863,39.871334,429332963,146986628,0,282,0,0,50#
78366,$JYJ,13301214295,20111101133359,116.450104,39.875805,429304427,147003167,0,0,0,0,50#
33487,$JYJ,13301214774,20111101133140,116.455086,39.877285,429322773,147008581,8,344,1,1,50#
15201,$JYJ,13301214295,20111101133550,116.450104,39.875805,429304440,147003163,0,0,0,0,50#
39783,$JYJ,13311495049,20111101133712,116.451469,39.874817,429309480,146999532,0,0,0,0,50#
17323,$JYJ,13311489534,20111101134049,116.450104,39.878620,429304439,147013559,10,196,0,0,50#
64198,$JYJ,13311495049,20111101134315,116.455215,39.879105,429323237,147015291,0,0,1,1,50#
87705,$JYJ,13321164421,20111101134425,116.456787,39.874649,429329001,146998843,10,282,1,1,50#
2419,$JYJ,13321199541,20111101134005,116.454834,39.877052,429321838,147007730,21,180,1,1,50#
31044,$JYJ,13331159417,20111101134132,116.454750,39.875042,429321506,147000310,19,174,1,1,50#
29029,$JYJ,13331159481,20111101134129,116.451416,39.874981,429309260,147000118,0,0,1,1,50#
3533,$JYJ,13331194852,20111101134012,116.453346,39.870159,429316371,146982348,26,272,0,0,50#
30220,$JYJ,13311191481,20111101134628,116.452263,39.874836,429312360,146999575,4,114,0,0,50#
6689,$JYJ,13311487116,20111101134517,116.458565,39.874989,429335566,147000083,0,320,1,1,50#
29854,$JYJ,13311403092,20111101135136,116.450035,39.872734,429304182,146991859,0,84,1,1,50#
24314,$JYJ,13311489638,20111101135119,116.452286,39.870319,429312481,146982941,38,70,0,0,50#
82544,$JYJ,13311492296,20111101135429,116.458870,39.875023,429336675,147000210,0,128,1,1,50#
20301,$JYJ,13381066794,20111101135102,116.455170,39.872570,429323084,146991204,36,178,1,1,50#
19653,$JYJ,13321174606,20111101135604,116.459717,39.874927,429339784,146999866,10,264,1,1,50#
74532,$JYJ,13321199344,20111101135905,116.452263,39.874958,429312377,147000024,0,284,0,0,50#
32984,$JYJ,13331194365,20111101140147,116.455254,39.879028,429323365,147015003,19,6,1,1,50#
68339,$JYJ,13311403774,20111101140903,116.455330,39.876900,429323636,147007174,2,356,1,1,50#
19120,$JYJ,13331063433,20111101140602,116.450333,39.872379,429305292,146990551,0,268,0,0,50#
39293,$JYJ,13381100624,20111101140714,116.453186,39.874943,429315778,146999986,0,284,0,0,50#
90986,$JYJ,13301156584,20111101141445,116.450050,39.872044,429304235,146989320,4,188,0,0,50#
86536,$JYJ,13311489638,20111101141435,116.459785,39.874832,429340010,146999524,21,84,1,1,50#
55293,$JYJ,13331194101,20111101141257,116.455315,39.876816,429323609,147006843,6,256,1,1,50#
44486,$JYJ,13301214575,20111101141729,116.452164,39.870121,429312021,146982214,0,76,0,0,50#
47761,$JYJ,13301254129,20111101141736,116.455231,39.878921,429323291,147014621,17,12,0,0,50#
23243,$JYJ,13311470323,20111101141612,116.455131,39.877049,429322936,147007703,0,2,0,0,50#
84003,$JYJ,13311470328,20111101141932,116.452667,39.870087,429313852,146982060,13,272,0,0,50#
20718,$JYJ,13311403702,20111101142058,116.450249,39.872883,429304992,146992387,2,8,0,0,50#
76008,$JYJ,13311488161,20111101142349,116.455063,39.879520,429322682,147016839,0,166,1,1,50#
58440,$JYJ,13331154868,20111101142247,116.458786,39.870277,429336334,146982728,21,66,0,0,50#
8845,$JYJ,13301153410,20111101142525,116.450531,39.872398,429306021,146990597,0,152,0,0,50#
96410,$JYJ,13381095540,20111101142930,116.452164,39.874771,429312009,146999359,0,136,0,0,50#
93284,$JYJ,13301153410,20111101143350,116.450401,39.872433,429305545,146990746,17,270,1,1,50#
3213,$JYJ,13301277625,20111101143004,116.454681,39.878052,429321263,147011433,0,182,0,0,50#
88841,$JYJ,13311403233,20111101143339,116.454933,39.876903,429322210,147007193,0,190,0,0,50#
98389,$JYJ,13311403578,20111101143404,116.452248,39.874931,429312302,146999949,0,312,0,0,50#
52954,$JYJ,13311453420,20111101143212,116.454781,39.877613,429321618,147009805,23,180,0,0,50#
69372,$JYJ,13311453420,20111101143252,116.454719,39.876537,429321415,147005837,8,174,1,1,50#
103006,$JYJ,13311489386,20111101143413,116.455231,39.877800,429323298,147010486,36,348,1,1,50#
20987,$JYJ,13311489481,20111101143056,116.452652,39.872410,429313812,146990642,21,84,1,1,50#
33330,$JYJ,13381063154,20111101143123,116.452484,39.874931,429313188,146999939,25,270,0,0,50#
103314,$JYJ,13381096824,20111101143415,116.454132,39.870151,429319242,146982307,10,276,1,1,50#
103447,$JYJ,13311585345,20111101143919,116.454719,39.877228,429321393,147008397,0,186,0,0,50#
77088,$JYJ,13370129534,20111101143815,116.451584,39.874874,429309864,146999730,21,264,1,1,50#
66186,$JYJ,13301208453,20111101144242,116.454719,39.879234,429321417,147015774,25,180,1,1,50#
69283,$JYJ,13311470323,20111101144253,116.454765,39.875382,429321560,147001576,34,182,0,0,50#
116834,$JYJ,13311487262,20111101144450,116.452499,39.870140,429313241,146982264,0,216,1,1,50#
26996,$JYJ,13321183424,20111101144106,116.455399,39.877087,429323903,147007870,0,100,1,1,50#
100462,$JYJ,13301127498,20111101144911,116.452301,39.870087,429312498,146982068,0,200,0,0,50#
74259,$JYJ,13301153443,20111101144807,116.453300,39.874973,429316212,147000070,0,262,0,0,50#
27428,$JYJ,13301171734,20111101144609,116.455215,39.875431,429323255,147001741,13,358,1,1,50#
107144,$JYJ,13311495169,20111101144927,116.457802,39.875073,429332735,147000405,4,332,0,0,50#
86290,$JYJ,13381101784,20111101144840,116.450882,39.872238,429307283,146990030,21,92,0,0,50#
106630,$JYJ,13301127498,20111101145431,116.455185,39.879124,429323136,147015363,15,6,1,1,50#
41943,$JYJ,13301153443,20111101145146,116.450020,39.876194,429304112,147004621,10,354,1,1,50#
42319,$JYJ,13301214149,20111101145149,116.459503,39.870079,429338991,146981993,39,266,0,0,50#
53851,$JYJ,13311431014,20111101145214,116.451752,39.877647,429310488,147009947,0,186,0,0,50#
93882,$JYJ,13311487165,20111101145353,116.454681,39.874348,429321264,146997759,0,282,1,1,50#
10379,$JYJ,13311495169,20111101145023,116.457535,39.875137,429331753,147000666,17,268,1,1,50#
52257,$JYJ,13311563455,20111101145209,116.450119,39.872162,429304517,146989735,12,180,0,0,50#
57170,$JYJ,13311563934,20111101145220,116.452553,39.870304,429313449,146982883,0,284,0,0,50#
118291,$JYJ,13331194552,20111101145500,116.454864,39.878464,429321945,147012937,41,182,0,0,50#
33595,$JYJ,13381101784,20111101145122,116.451386,39.870110,429309154,146982183,21,268,1,1,50#
34604,$JYJ,13301155477,20111101145625,116.456131,39.874897,429326615,146999784,28,264,1,1,50#
74857,$JYJ,13311431073,20111101145811,116.454918,39.878338,429322149,147012480,65,180,0,0,50#
118731,$JYJ,13311431316,20111101145959,116.453903,39.870106,429318389,146982130,0,308,0,0,50#
46714,$JYJ,13311563934,20111101145657,116.451263,39.872166,429308697,146989733,19,90,1,1,50#
26917,$JYJ,13331194552,20111101145611,116.454750,39.877811,429321518,147010519,26,186,1,1,50#
63469,$JYJ,13301254172,20111101150240,116.454567,39.878433,429320864,147012817,15,186,0,0,50#
78150,$JYJ,13301254172,20111101150320,116.454582,39.878056,429320923,147011427,0,100,1,1,50#
54701,$JYJ,13311191425,20111101150216,116.455948,39.875000,429325920,147000146,28,270,1,1,50#
22553,$JYJ,13311431316,20111101150055,116.453232,39.870094,429315928,146982105,6,264,1,1,50#
50160,$JYJ,13321180142,20111101150202,116.454552,39.870785,429320797,146984637,15,210,0,0,50#
41873,$JYJ,13331194679,20111101150140,116.452682,39.870129,429313927,146982220,0,36,0,0,50#
103002,$JYJ,13301204862,20111101150919,116.455269,39.871098,429323440,146985779,17,16,0,0,50#
74311,$JYJ,13301272027,20111101150809,116.455215,39.877575,429323235,147009673,0,2,0,0,50#
114835,$JYJ,13311470398,20111101150948,116.453568,39.872353,429317184,146990404,6,270,0,0,50#
66831,$JYJ,13311480738,20111101150752,116.454781,39.877682,429321635,147010069,6,200,1,1,50#
70829,$JYJ,13321164865,20111101150801,116.455254,39.876720,429323377,147006494,0,2,0,0,50#
15742,$JYJ,13301204862,20111101151045,116.455215,39.874721,429323251,146999153,12,352,1,1,50#
99799,$JYJ,13301214525,20111101151433,116.450081,39.878323,429304367,147012462,17,6,1,1,50#
12547,$JYJ,13311486275,20111101151030,116.450767,39.872433,429306871,146990741,0,288,0,0,50#
79550,$JYJ,13311487146,20111101151344,116.454514,39.870628,429320668,146984042,23,176,1,1,50#
44256,$JYJ,13381077430,20111101151201,116.454719,39.878296,429321402,147012308,26,180,1,1,50#
111335,$JYJ,13301214507,20111101151946,116.452751,39.874905,429314158,146999834,0,274,0,0,50#
22953,$JYJ,13301214823,20111101151600,116.454636,39.872059,429321087,146989340,26,178,1,1,50#
59800,$JYJ,13311300634,20111101151735,116.454765,39.878208,429321595,147011987,15,188,0,0,50#
103991,$JYJ,13311480708,20111101151929,116.451736,39.870079,429310424,146982049,32,88,0,0,50#
5592,$JYJ,13321164508,20111101151515,116.451981,39.877918,429311363,147010963,8,150,0,0,50#
73399,$JYJ,13321174686,20111101151809,116.453117,39.872330,429315509,146990349,23,276,1,1,50#
12550,$JYJ,13381077403,20111101151531,116.452232,39.875008,429312259,147000222,8,270,0,0,50#
28954,$JYJ,13381077403,20111101151613,116.451950,39.875008,429311208,147000210,10,288,1,1,50#
54175,$JYJ,13301156497,20111101152220,116.454384,39.879818,429320175,147017948,12,198,1,1,50#
34851,$JYJ,13311300634,20111101152133,116.455315,39.877457,429323579,147009214,23,358,1,1,50#
40644,$JYJ,13311480738,20111101152144,116.454719,39.878460,429321407,147012907,0,184,0,0,50#
39561,$JYJ,13331191534,20111101152145,116.454552,39.878372,429320783,147012590,0,170,0,0,50#
84167,$JYJ,13381096694,20111101152345,116.454598,39.878307,429320965,147012366,0,196,0,0,50#
53048,$JYJ,13301272027,20111101152711,116.450050,39.872715,429304264,146991797,17,184,1,1,50#
31309,$JYJ,13311403498,20111101152620,116.450630,39.872391,429306369,146990569,23,92,0,0,50#
5385,$JYJ,13311403720,20111101152509,116.450050,39.872238,429304260,146990035,10,148,1,1,50#
29960,$JYJ,13311489343,20111101152616,116.450218,39.873394,429304853,146994268,0,14,1,1,50#
98545,$JYJ,13311492056,20111101152913,116.452637,39.872246,429313752,146990046,15,254,1,1,50#
78420,$JYJ,13331191534,20111101152820,116.455650,39.877445,429324840,147009162,21,2,1,1,50#
36491,$JYJ,13381066904,20111101152636,116.455215,39.871868,429323234,146988622,39,358,0,0,50#
71769,$JYJ,13331159491,20111101153319,116.451851,39.870110,429310876,146982158,8,88,1,1,50#
19616,$JYJ,13331194108,20111101153048,116.454697,39.877831,429321339,147010612,2,36,0,0,50#
67077,$JYJ,13331194108,20111101153306,116.451767,39.872421,429310548,146990693,0,274,1,1,50#
949,$JYJ,13311488161,20111101153503,116.454765,39.879871,429321566,147018139,0,164,1,1,50#
55298,$JYJ,13311488239,20111101153721,116.456070,39.870098,429326378,146982095,0,188,0,0,50#
107887,$JYJ,13331154842,20111101153941,116.454201,39.870579,429319497,146983871,30,274,0,0,50#
90333,$JYJ,13331194167,20111101153855,116.458397,39.874901,429334919,146999758,25,268,1,1,50#
76463,$JYJ,13331194892,20111101153817,116.454018,39.872505,429318818,146990992,26,278,0,0,50#
76655,$JYJ,13311431496,20111101154316,116.455215,39.878883,429323244,147014470,56,0,0,0,50#
792,$JYJ,13331194892,20111101154000,116.450920,39.872585,429307442,146991302,0,88,1,1,50#
36617,$JYJ,13301156497,20111101154627,116.453102,39.873318,429315464,146993979,17,192,0,0,50#
9587,$JYJ,13301272213,20111101154520,116.458847,39.872150,429336575,146989643,6,220,0,0,50#
76885,$JYJ,13311403351,20111101154808,116.454880,39.878674,429321995,147013705,2,216,0,0,50#
1646,$JYJ,13321164817,20111101154502,116.450081,39.872742,429304370,146991871,19,322,1,1,50#
72552,$JYJ,13321164897,20111101154800,116.452187,39.872589,429312101,146991317,0,24,0,0,50#
22892,$JYJ,13301155241,20111101155057,116.453613,39.872185,429317354,146989811,17,242,0,0,50#
81583,$JYJ,13311403485,20111101155322,116.450180,39.873268,429304737,146993831,6,2,0,0,50#
31122,$JYJ,13301156647,20111101155617,116.455231,39.871906,429323291,146988774,0,2,0,0,50#
89468,$JYJ,13301174985,20111101155843,116.450066,39.876160,429304304,147004487,12,158,0,0,50#
81123,$JYJ,13311403485,20111101155827,116.451897,39.874989,429311050,147000137,0,278,1,1,50#
4657,$JYJ,13311489641,20111101155511,116.455269,39.877911,429323439,147010888,0,338,0,0,50#
115662,$JYJ,13311486460,20111101160449,116.452004,39.870098,429311414,146982107,28,88,0,0,50#
116974,$JYJ,13321180448,20111101160452,116.454735,39.879620,429321450,147017200,10,174,1,1,50#
53268,$JYJ,13301214108,20111101160714,116.455284,39.879772,429323503,147017752,13,8,0,0,50#
68011,$JYJ,13311563924,20111101160752,116.455170,39.871315,429323063,146986595,25,4,1,1,50#
66039,$JYJ,13321164565,20111101160747,116.455399,39.879059,429323890,147015118,2,12,0,0,50#
112295,$JYJ,13381235449,20111101160942,116.454735,39.878090,429321453,147011557,4,212,0,0,50#
28431,$JYJ,13301214043,20111101161120,116.455254,39.871483,429323390,146987187,0,18,0,0,50#
111394,$JYJ,13311488167,20111101161950,116.454735,39.878056,429321480,147011438,15,180,0,0,50#
5359,$JYJ,13331154846,20111101161504,116.459381,39.870293,429338548,146982780,4,92,0,0,50#
85937,$JYJ,13331154846,20111101161843,116.455231,39.871139,429323303,146985939,0,356,1,1,50#
23658,$JYJ,13301208463,20111101162058,116.454598,39.870697,429320963,146984313,12,178,0,0,50#
25332,$JYJ,13301254181,20111101162101,116.454582,39.870544,429320914,146983760,0,152,0,0,50#
54385,$JYJ,13311431138,20111101162222,116.453819,39.872337,429318109,146990355,17,280,0,0,50#
106379,$JYJ,13311431138,20111101162436,116.455086,39.870968,429322734,146985292,0,20,1,1,50#
47657,$JYJ,13331154913,20111101162200,116.454803,39.879761,429321711,147017722,0,186,1,1,50#
101064,$JYJ,13331194458,20111101162423,116.452766,39.874855,429314217,146999634,23,72,1,1,50#
2271,$JYJ,13301156493,20111101162504,116.455513,39.876411,429324313,147005379,0,36,0,0,50#
5445,$JYJ,13311431047,20111101163518,116.451820,39.874867,429310740,146999687,0,230,1,1,50#
52356,$JYJ,13311495301,20111101163803,116.455299,39.879868,429323534,147018098,30,358,0,0,50#
83396,$JYJ,13331154828,20111101163934,116.453834,39.870396,429318151,146983194,23,280,1,1,50#
5444,$JYJ,13301125456,20111101164010,116.454300,39.872517,429319866,146991011,30,182,0,0,50#
88919,$JYJ,13301214536,20111101164345,116.458069,39.874775,429333712,146999300,0,8,0,0,50#
1974,$JYJ,13311020454,20111101164002,116.452835,39.870022,429314465,146981847,25,264,1,1,50#
71932,$JYJ,13311403320,20111101164300,116.455185,39.871654,429323141,146987821,15,4,1,1,50#
57805,$JYJ,13331190264,20111101164225,116.454765,39.877335,429321597,147008790,21,174,1,1,50#
79060,$JYJ,13301174933,20111101164820,116.454803,39.879391,429321727,147016347,0,170,1,1,50#
58825,$JYJ,13301214554,20111101164730,116.454803,39.877674,429321738,147010043,8,176,1,1,50#
73960,$JYJ,13331190264,20111101164809,116.459747,39.876232,429339906,147004674,0,20,0,0,50#
98508,$JYJ,13370122429,20111101164918,116.452950,39.870110,429314922,146982168,0,304,0,0,50#
33928,$JYJ,13301155433,20111101165133,116.459900,39.874859,429340440,146999594,6,272,0,0,50#
77768,$JYJ,13301155433,20111101165315,116.455650,39.874802,429324811,146999446,19,270,1,1,50#
85582,$JYJ,13311026466,20111101165337,116.455254,39.872307,429323357,146990232,0,10,1,1,50#
109974,$JYJ,13321174643,20111101165445,116.459732,39.874466,429339849,146998173,12,82,1,1,50#
12555,$JYJ,13331154884,20111101165035,116.455299,39.870457,429323540,146983404,25,356,1,1,50#
39118,$JYJ,13331190264,20111101165143,116.455368,39.876507,429323792,147005726,10,296,1,1,50#
103332,$JYJ,13321180054,20111101165954,116.450348,39.872147,429305347,146989678,19,262,1,1,50#
38344,$JYJ,13381100174,20111101165640,116.455101,39.879078,429322822,147015199,58,358,1,1,50#
36944,$JYJ,13311431132,20111101170130,116.454964,39.875263,429322320,147001146,47,180,0,0,50#
45919,$JYJ,13311431132,20111101170224,116.454864,39.874504,429321959,146998345,19,178,1,1,50#
52921,$JYJ,13301150364,20111101170712,116.456787,39.874699,429329021,146999053,15,262,1,1,50#
8534,$JYJ,13311020924,20111101170519,116.451553,39.872196,429309759,146989872,0,66,0,0,50#
75656,$JYJ,13311403214,20111101170808,116.455231,39.877693,429323291,147010109,38,0,0,0,50#
49900,$JYJ,13311486296,20111101170704,116.454765,39.879643,429321581,147017273,0,178,1,1,50#
105985,$JYJ,13311585345,20111101170920,116.455315,39.877274,429323577,147008562,4,326,0,0,50#
80625,$JYJ,13321174849,20111101170823,116.453583,39.870476,429317212,146983497,30,276,1,1,50#
17571,$JYJ,13301156145,20111101171542,116.450035,39.876957,429304184,147007433,13,174,1,1,50#
5735,$JYJ,13311487218,20111101171516,116.458984,39.874867,429337080,146999628,23,268,1,1,50#
40494,$JYJ,13381069741,20111101171643,116.450020,39.874756,429304127,146999321,0,0,0,0,50#
53668,$JYJ,13381083439,20111101171716,116.455170,39.871777,429323070,146988292,6,358,1,1,50#
69467,$JYJ,13301214405,20111101172252,116.456253,39.874737,429327034,146999180,21,282,1,1,50#
46304,$JYJ,13381069741,20111101172156,116.456497,39.874744,429327941,146999225,17,262,1,1,50#
27692,$JYJ,13321164592,20111101172606,116.454719,39.872047,429321429,146989299,6,186,0,0,50#
115100,$JYJ,13321164592,20111101172944,116.455002,39.877663,429322469,147009973,23,338,1,1,50#
100783,$JYJ,13331159421,20111101172907,116.455986,39.874794,429326048,146999411,0,92,0,0,50#
105979,$JYJ,13370126452,20111101172921,116.456802,39.870018,429329086,146981778,4,318,1,1,50#
32155,$JYJ,13301104087,20111101173125,116.450165,39.877186,429304652,147008257,0,170,0,0,50#
67769,$JYJ,13301204957,20111101173247,116.452202,39.870075,429312155,146982050,0,274,0,0,50#
45212,$JYJ,13301277626,20111101173157,116.454803,39.879868,429321708,147018107,13,170,1,1,50#
22309,$JYJ,13301156514,20111101173556,116.457565,39.871319,429331866,146986578,0,176,0,0,50#
121277,$JYJ,13301214419,20111101174457,116.452919,39.870079,429314781,146982053,4,242,1,1,50#
74460,$JYJ,13311021745,20111101174809,116.451317,39.872265,429308893,146990097,0,338,0,0,50#
66890,$JYJ,13311021784,20111101174746,116.454750,39.876213,429321535,147004626,34,176,1,1,50#
15013,$JYJ,13311453235,20111101174535,116.450035,39.874847,429304177,146999639,0,26,1,1,50#
84466,$JYJ,13311492190,20111101174829,116.454880,39.877186,429321988,147008222,0,200,1,1,50#
33624,$JYJ,13301277588,20111101175123,116.457130,39.870022,429330272,146981791,26,272,1,1,50#
111956,$JYJ,13311431088,20111101175438,116.456787,39.874863,429329021,146999653,4,78,0,0,50#
56469,$JYJ,13311453361,20111101175223,116.453613,39.870026,429317357,146981855,30,270,1,1,50#
102253,$JYJ,13311489696,20111101175414,116.457970,39.874989,429333338,147000085,17,260,1,1,50#
95804,$JYJ,13331194053,20111101175400,116.456863,39.875912,429329303,147003528,30,28,1,1,50#
15220,$JYJ,13301214762,20111101175536,116.455414,39.878014,429323972,147011267,8,356,1,1,50#
106066,$JYJ,13311025844,20111101175918,116.455116,39.877369,429322866,147008902,6,10,1,1,50#
90642,$JYJ,13311431088,20111101175846,116.455261,39.877121,429323415,147007995,6,352,1,1,50#
96147,$JYJ,13321189884,20111101175854,116.454697,39.879711,429321313,147017554,17,174,1,1,50#
110960,$JYJ,13321199445,20111101175937,116.459320,39.874886,429338316,146999706,0,268,1,1,50#
71917,$JYJ,13301133594,20111101180257,116.456848,39.874897,429329244,146999758,2,90,0,0,50#
85423,$JYJ,13301214660,20111101180334,116.456314,39.870796,429327288,146984672,4,116,0,0,50#
45681,$JYJ,13311426442,20111101180152,116.455170,39.871773,429323045,146988281,6,340,1,1,50#
57914,$JYJ,13370126440,20111101180225,116.455269,39.877541,429323424,147009519,6,8,1,1,50#
13341,$JYJ,13301133594,20111101180531,116.457169,39.874916,429330416,146999855,12,278,1,1,50#
58116,$JYJ,13301214660,20111101180727,116.454933,39.877289,429322190,147008613,10,0,1,1,50#
11767,$JYJ,13311431210,20111101180526,116.454681,39.879192,429321284,147015628,0,158,0,0,50#
29865,$JYJ,13311431210,20111101180612,116.454681,39.879192,429321262,147015614,0,158,1,1,50#
69571,$JYJ,13301214651,20111101181755,116.458382,39.874867,429334878,146999661,34,264,0,0,50#
96386,$JYJ,13301214651,20111101181900,116.457916,39.874893,429333163,146999765,4,278,1,1,50#
115233,$JYJ,13301214750,20111101181947,116.457832,39.870117,429332866,146982127,0,270,0,0,50#
118155,$JYJ,13311022194,20111101181956,116.454666,39.877327,429321220,147008749,8,196,0,0,50#
36920,$JYJ,13311486509,20111101181631,116.455086,39.871544,429322757,146987431,32,2,0,0,50#
42402,$JYJ,13301150141,20111101182148,116.459534,39.874046,429339095,146996602,0,190,0,0,50#
74387,$JYJ,13301150141,20111101182304,116.459335,39.874901,429338387,146999773,19,274,1,1,50#
51175,$JYJ,13301214750,20111101182206,116.454132,39.870159,429319250,146982318,10,268,1,1,50#
4195,$JYJ,13311492059,20111101182007,116.453163,39.879250,429315673,147015849,0,216,0,0,50#
46782,$JYJ,13311492059,20111101182153,116.454399,39.879067,429320238,147015148,8,146,1,1,50#
52140,$JYJ,13311492103,20111101182205,116.455170,39.878296,429323047,147012311,30,356,0,0,50#
66363,$JYJ,13311492103,20111101182243,116.455131,39.879177,429322928,147015568,15,350,1,1,50#
17032,$JYJ,13331187128,20111101182042,116.456818,39.874828,429329106,146999534,0,104,0,0,50#
48788,$JYJ,13311453361,20111101182701,116.454773,39.879856,429321607,147018061,21,176,1,1,50#
103756,$JYJ,13331194496,20111101182919,116.454819,39.877205,429321778,147008291,17,188,0,0,50#
59792,$JYJ,13331194792,20111101182730,116.457367,39.874973,429331136,147000035,4,284,0,0,50#
5744,$JYJ,13370126448,20111101182515,116.458855,39.874874,429336614,146999676,23,270,1,1,50#
30400,$JYJ,13311300664,20111101183117,116.455086,39.874832,429322760,146999534,23,348,1,1,50#
73663,$JYJ,13311426271,20111101183259,116.458832,39.874886,429336530,146999719,2,100,0,0,50#
82978,$JYJ,13311431573,20111101183324,116.454246,39.872246,429319665,146990032,19,274,0,0,50#
62149,$JYJ,13311453361,20111101183735,116.453262,39.870193,429316045,146982469,21,268,1,1,50#
42123,$JYJ,13331194153,20111101183645,116.455269,39.877056,429323436,147007754,13,10,1,1,50#
92542,$JYJ,13370129503,20111101183847,116.454834,39.878723,429321815,147013884,47,180,0,0,50#
113877,$JYJ,13370129503,20111101183945,116.454636,39.877586,429321098,147009715,0,156,1,1,50#
55623,$JYJ,13311480720,20111101184214,116.459084,39.874962,429337444,146999976,25,272,0,0,50#
111807,$JYJ,13301125476,20111101184935,116.455116,39.870979,429322884,146985334,2,26,0,0,50#
50737,$JYJ,13311489532,20111101184707,116.455452,39.879997,429324117,147018582,2,350,0,0,50#
51797,$JYJ,13331194290,20111101184707,116.451767,39.872227,429310570,146989984,13,90,1,1,50#
3011,$JYJ,13331194941,20111101184504,116.450134,39.872276,429304532,146990167,0,118,0,0,50#
56105,$JYJ,13301125476,20111101185217,116.455231,39.879913,429323299,147018277,15,358,1,1,50#
107917,$JYJ,13301164970,20111101185421,116.455131,39.879269,429322940,147015887,17,352,1,1,50#
77770,$JYJ,13311486426,20111101185315,116.454651,39.877628,429321166,147009851,0,170,0,0,50#
81436,$JYJ,13311579994,20111101185320,116.451347,39.876709,429309007,147006507,12,342,1,1,50#
113039,$JYJ,13331184905,20111101185438,116.453400,39.872353,429316547,146990408,17,276,0,0,50#
53151,$JYJ,13301153406,20111101185714,116.455337,39.877712,429323701,147010168,0,0,0,0,50#
58785,$JYJ,13331111435,20111101185725,116.452682,39.870136,429313901,146982256,25,270,1,1,50#
20370,$JYJ,13331184905,20111101185551,116.451286,39.872387,429308798,146990579,10,276,1,1,50#
108425,$JYJ,13301155184,20111101190432,116.459801,39.875046,429340083,147000292,0,278,0,0,50#
34889,$JYJ,13311431261,20111101190126,116.455170,39.872063,429323084,146989335,6,2,0,0,50#
22265,$JYJ,13311487267,20111101190059,116.454430,39.879162,429320361,147015524,15,268,0,0,50#
60544,$JYJ,13311487267,20111101190235,116.454697,39.878861,429321325,147014405,28,180,1,1,50#
82339,$JYJ,13301157446,20111101190827,116.450035,39.872295,429304186,146990225,10,270,1,1,50#
73075,$JYJ,13311431261,20111101190804,116.459633,39.874832,429339490,146999525,10,14,1,1,50#
88440,$JYJ,13311564441,20111101190839,116.454536,39.870087,429320717,146982053,2,16,1,1,50#
43929,$JYJ,13311565476,20111101190648,116.459480,39.874935,429338902,146999898,10,268,1,1,50#
21700,$JYJ,13381066924,20111101190552,116.455215,39.872948,429323241,146992599,0,6,0,0,50#
18338,$JYJ,13381083434,20111101190548,116.458946,39.870247,429336965,146982626,2,228,0,0,50#
37104,$JYJ,13381083434,20111101190635,116.458931,39.870243,429336882,146982584,0,228,1,1,50#
117664,$JYJ,13311300549,20111101191458,116.455185,39.872505,429323131,146990964,32,0,1,1,50#
32750,$JYJ,13321174588,20111101191122,116.455086,39.879982,429322779,147018541,0,178,0,0,50#
50156,$JYJ,13321174588,20111101191205,116.454948,39.879662,429322242,147017362,25,176,1,1,50#
80536,$JYJ,13311488221,20111101191819,116.452469,39.872364,429313139,146990483,2,300,0,0,50#
90917,$JYJ,13311579046,20111101191845,116.454582,39.871800,429320885,146988371,8,182,0,0,50#
50389,$JYJ,13301164943,20111101192208,116.450020,39.878601,429304122,147013478,13,344,1,1,50#
72651,$JYJ,13311453217,20111101192302,116.454697,39.877163,429321337,147008151,0,164,0,0,50#
93785,$JYJ,13311453362,20111101192352,116.455254,39.870285,429323354,146982783,17,2,1,1,50#
8373,$JYJ,13311487264,20111101192022,116.451263,39.872349,429308715,146990434,0,2,0,0,50#
30864,$JYJ,13311487264,20111101192115,116.451736,39.872227,429310439,146989972,13,80,1,1,50#
83076,$JYJ,13311488221,20111101192326,116.450134,39.879761,429304541,147017752,2,10,1,1,50#
106037,$JYJ,13331194943,20111101192424,116.459900,39.874886,429340469,146999716,12,262,0,0,50#
5118,$JYJ,13370122494,20111101192011,116.458565,39.871666,429335549,146987849,0,76,0,0,50#
72800,$JYJ,13301153406,20111101192758,116.455337,39.877712,429323689,147010169,0,0,0,0,50#
90848,$JYJ,13301214607,20111101192848,116.452515,39.872993,429313286,146992801,0,330,1,1,50#
94894,$JYJ,13331188524,20111101192857,116.452438,39.870243,429313035,146982640,0,0,0,0,50#
111906,$JYJ,13311431208,20111101193439,116.450203,39.879238,429304792,147015823,0,16,0,0,50#
17833,$JYJ,13311489640,20111101193045,116.455299,39.878292,429323554,147012315,0,14,1,1,50#
4261,$JYJ,13311576704,20111101193009,116.453285,39.874882,429316118,146999747,0,286,0,0,50#
79791,$JYJ,13331063463,20111101193322,116.454002,39.874195,429318782,146997207,17,204,1,1,50#
89187,$JYJ,13331187139,20111101193345,116.455147,39.870983,429322967,146985345,12,358,1,1,50#
47636,$JYJ,13301204814,20111101193701,116.450218,39.878536,429304843,147013254,0,356,1,1,50#
84339,$JYJ,13311403138,20111101193827,116.456818,39.874916,429329122,146999830,0,38,0,0,50#
92445,$JYJ,13331184980,20111101193850,116.455116,39.870323,429322867,146982924,13,356,1,1,50#
77335,$JYJ,13331194091,20111101193809,116.454063,39.879147,429318997,147015475,19,270,0,0,50#
71031,$JYJ,13311492120,20111101194302,116.455101,39.870781,429322805,146984619,39,2,0,0,50#
61585,$JYJ,13311495389,20111101194234,116.456917,39.878212,429329503,147012000,0,82,0,0,50#
42301,$JYJ,13311403108,20111101194644,116.452736,39.872635,429314100,146991481,26,16,0,0,50#
45403,$JYJ,13381102614,20111101195152,116.454598,39.878059,429320976,147011444,23,166,0,0,50#
99149,$JYJ,13381102614,20111101195411,116.454552,39.877861,429320783,147010714,21,176,1,1,50#
39482,$JYJ,13301254069,20111101195653,116.458786,39.874714,429336352,146999094,0,76,0,0,50#
95456,$JYJ,13301254069,20111101195935,116.455414,39.878784,429323985,147014115,25,354,1,1,50#
8968,$JYJ,13311426358,20111101195524,116.456924,39.874817,429329496,146999489,10,66,1,1,50#
51098,$JYJ,13311431504,20111101195744,116.454834,39.878109,429321835,147011633,0,192,1,1,50#
46342,$JYJ,13311470483,20111101195725,116.453751,39.874947,429317859,146999996,30,270,0,0,50#
97620,$JYJ,13311495141,20111101195942,116.450501,39.872467,429305890,146990870,8,68,1,1,50#
102773,$JYJ,13321164392,20111101195953,116.455284,39.879849,429323487,147018052,30,0,0,0,50#
85762,$JYJ,13381083482,20111101195914,116.453369,39.872173,429316459,146989768,17,90,1,1,50#
98346,$JYJ,13301156447,20111101200409,116.458183,39.877979,429334161,147011126,0,82,0,0,50#
93080,$JYJ,13311426167,20111101200352,116.454864,39.876572,429321961,147005969,0,200,1,1,50#
109652,$JYJ,13321164439,20111101200439,116.458633,39.874798,429335792,146999405,12,90,0,0,50#
69382,$JYJ,13311480778,20111101200754,116.454147,39.879261,429319290,147015895,0,300,0,0,50#
89636,$JYJ,13381096164,20111101200845,116.458115,39.870113,429333890,146982142,19,276,0,0,50#
39394,$JYJ,13301152486,20111101201136,116.457817,39.870399,429332812,146983185,32,256,1,1,50#
94834,$JYJ,13301277650,20111101201354,116.451103,39.878307,429308137,147012405,0,194,0,0,50#
64497,$JYJ,13370122423,20111101201238,116.454735,39.879612,429321460,147017156,8,170,1,1,50#
120228,$JYJ,13301214025,20111101201956,116.455131,39.874462,429322939,146998177,17,36,0,0,50#
20908,$JYJ,13311480778,20111101201553,116.454750,39.877731,429321507,147010253,15,176,1,1,50#
64213,$JYJ,13311488114,20111101201742,116.450035,39.879497,429304200,147016795,0,14,0,0,50#
13528,$JYJ,13311489532,20111101201535,116.453651,39.872688,429317491,146991656,0,296,0,0,50#
41624,$JYJ,13311489532,20111101201646,116.452019,39.872234,429311494,146990010,8,92,1,1,50#
118918,$JYJ,13321164420,20111101201957,116.453346,39.875229,429316370,147001019,2,298,0,0,50#
15712,$JYJ,13311020524,20111101202043,116.455307,39.874004,429323562,146996482,36,2,0,0,50#
50474,$JYJ,13321164420,20111101202210,116.450020,39.873451,429304143,146994499,15,174,1,1,50#
71564,$JYJ,13331194446,20111101202259,116.453682,39.870228,429317606,146982584,26,272,0,0,50#
20945,$JYJ,13331194814,20111101202056,116.459618,39.874905,429339422,146999780,13,266,1,1,50#
55342,$JYJ,13331194814,20111101202222,116.455032,39.878273,429322573,147012241,17,358,0,0,50#
94954,$JYJ,13301156514,20111101202852,116.454483,39.879902,429320546,147018229,4,170,0,0,50#
83807,$JYJ,13311470324,20111101202830,116.458115,39.874867,429333880,146999638,32,54,0,0,50#
12476,$JYJ,13331194101,20111101202527,116.454719,39.878582,429321406,147013369,0,186,0,0,50#
97496,$JYJ,13331194214,20111101202903,116.454765,39.879608,429321571,147017145,6,158,1,1,50#
99399,$JYJ,13381066542,20111101202904,116.458282,39.875164,429334523,147000736,2,254,0,0,50#
67023,$JYJ,13301156514,20111101203249,116.450066,39.876122,429304322,147004335,8,6,1,1,50#
78242,$JYJ,13321164369,20111101203312,116.450836,39.872009,429307123,146989164,51,90,0,0,50#
2325,$JYJ,13321164506,20111101203006,116.450050,39.877625,429304253,147009896,6,16,1,1,50#
104741,$JYJ,13381077401,20111101203420,116.459251,39.875423,429338057,147001701,2,282,0,0,50#
96011,$JYJ,13381235491,20111101203401,116.459900,39.874989,429340453,147000099,0,304,0,0,50#
13661,$JYJ,13311162445,20111101203537,116.459816,39.874725,429340152,146999122,15,88,0,0,50#
39576,$JYJ,13311403288,20111101203637,116.455299,39.876747,429323552,147006608,8,356,0,0,50#
5028,$JYJ,13311488132,20111101203514,116.450798,39.872555,429306987,146991191,15,272,0,0,50#
84749,$JYJ,13331063422,20111101203828,116.455353,39.877205,429323733,147008279,0,30,0,0,50#
20299,$JYJ,13311022144,20111101204550,116.454719,39.879822,429321415,147017932,2,176,0,0,50#
41819,$JYJ,13311426291,20111101204646,116.455147,39.878532,429322963,147013182,17,354,1,1,50#
51715,$JYJ,13321174655,20111101204710,116.451881,39.872166,429310991,146989758,4,104,0,0,50#
116244,$JYJ,13321174877,20111101204951,116.453583,39.874962,429317227,147000034,0,276,0,0,50#
82600,$JYJ,13301156040,20111101205326,116.454948,39.874172,429322272,146997116,69,180,1,1,50#
117088,$JYJ,13301214709,20111101205454,116.450035,39.879551,429304173,147016974,0,292,1,1,50#
115631,$JYJ,13311486541,20111101205451,116.451286,39.871941,429308779,146988931,15,314,0,0,50#
104960,$JYJ,13331184980,20111101205426,116.459457,39.879703,429338822,147017458,0,0,0,0,50#
14713,$JYJ,13370129540,20111101205033,116.453598,39.872227,429317298,146989958,0,230,0,0,50#
22183,$JYJ,13301204967,20111101205557,116.454201,39.879204,429319500,147015654,0,272,0,0,50#
7435,$JYJ,13311431421,20111101205517,116.458801,39.870201,429336391,146982457,13,244,1,1,50#
21461,$JYJ,13311431421,20111101205555,116.455666,39.870224,429324896,146982570,28,270,0,0,50#
31153,$JYJ,13311492238,20111101205622,116.450020,39.877888,429304126,147010840,17,4,0,0,50#
22222,$JYJ,13331154808,20111101205557,116.455437,39.874500,429324053,146998336,0,68,0,0,50#
33962,$JYJ,13331154808,20111101205626,116.455582,39.874580,429324591,146998631,13,82,1,1,50#
25064,$JYJ,13301214594,20111101210059,116.455452,39.877754,429324116,147010302,8,346,1,1,50#
77900,$JYJ,13311403194,20111101210812,116.450081,39.875591,429304339,147002388,2,8,0,0,50#
91721,$JYJ,13301272970,20111101211344,116.454048,39.873104,429318947,146993188,2,64,0,0,50#
82014,$JYJ,13311191424,20111101211321,116.455048,39.873058,429322595,146993011,23,352,1,1,50#
84623,$JYJ,13311426464,20111101211327,116.450119,39.872959,429304496,146992666,10,26,1,1,50#
76290,$JYJ,13311426482,20111101211307,116.458298,39.874737,429334575,146999183,12,306,1,1,50#
49597,$JYJ,13321174735,20111101211204,116.453217,39.872318,429315884,146990294,0,118,0,0,50#
58325,$JYJ,13321199467,20111101211226,116.454598,39.870590,429320968,146983919,0,174,0,0,50#
69264,$JYJ,13331194044,20111101211255,116.459732,39.870632,429339819,146984019,10,98,1,1,50#
48042,$JYJ,13381069746,20111101211158,116.453400,39.872810,429316576,146992123,13,306,0,0,50#
74906,$JYJ,13381069746,20111101211305,116.452347,39.872601,429312671,146991341,32,300,1,1,50#
93383,$JYJ,13301272970,20111101211842,116.450066,39.872543,429304298,146991139,19,0,1,1,50#
7817,$JYJ,13311480787,20111101211517,116.451019,39.872315,429307816,146990306,0,92,0,0,50#
67938,$JYJ,13301277635,20111101212247,116.454803,39.871891,429321734,146988698,10,184,1,1,50#
64745,$JYJ,13311300634,20111101212239,116.455231,39.873123,429323276,146993234,30,354,1,1,50#
89300,$JYJ,13311453214,20111101212334,116.455147,39.873997,429322986,146996457,43,0,0,0,50#
33435,$JYJ,13311486441,20111101212119,116.453751,39.877285,429317868,147008616,0,336,0,0,50#
62259,$JYJ,13321164817,20111101212226,116.452484,39.872196,429313194,146989865,13,104,0,0,50#
84952,$JYJ,13321164817,20111101212328,116.453331,39.872257,429316286,146990074,0,64,1,1,50#
39001,$JYJ,13331154850,20111101212137,116.459465,39.870083,429338856,146982010,36,270,0,0,50#
83061,$JYJ,13301204850,20111101212824,116.455215,39.878674,429323245,147013699,39,354,0,0,50#
82490,$JYJ,13311492089,20111101212820,116.459335,39.874962,429338357,146999996,13,94,0,0,50#
103407,$JYJ,13311492089,20111101212912,116.459564,39.874927,429339214,146999848,15,80,1,1,50#
61476,$JYJ,13321164481,20111101212731,116.453369,39.872505,429316453,146990986,19,270,0,0,50#
62135,$JYJ,13301155034,20111101213228,116.452148,39.874832,429311962,146999556,0,94,0,0,50#
55982,$JYJ,13311403519,20111101213219,116.455185,39.873093,429323130,146993132,13,0,0,0,50#
98248,$JYJ,13311489638,20111101213401,116.451714,39.872276,429310339,146990155,0,356,0,0,50#
19083,$JYJ,13311470315,20111101213547,116.454002,39.872318,429318754,146990301,26,270,0,0,50#
22394,$JYJ,13311486249,20111101213553,116.453987,39.872227,429318728,146989935,4,92,1,1,50#
116404,$JYJ,13381100074,20111101213952,116.451111,39.872273,429308126,146990155,0,0,0,0,50#
109435,$JYJ,13321164865,20111101214433,116.459587,39.874809,429339282,146999417,0,110,0,0,50#
21054,$JYJ,13331111419,20111101214053,116.454719,39.879780,429321426,147017786,10,182,0,0,50#
97946,$JYJ,13321199449,20111101214903,116.452553,39.872990,429313457,146992776,10,52,0,0,50#
31486,$JYJ,13311431589,20111101215118,116.455147,39.871918,429322985,146988806,36,358,0,0,50#
105280,$JYJ,13311470315,20111101215421,116.455254,39.877724,429323370,147010202,17,316,1,1,50#
12808,$JYJ,13321199449,20111101215031,116.454651,39.872040,429321156,146989247,21,180,1,1,50#
82383,$JYJ,13370122453,20111101215323,116.452515,39.874874,429313323,146999708,36,272,0,0,50#
76835,$JYJ,13301150147,20111101215812,116.452416,39.874886,429312962,146999759,28,270,0,0,50#
17176,$JYJ,13301155274,20111101215543,116.454948,39.879875,429322235,147018149,32,176,1,1,50#
8947,$JYJ,13301207492,20111101215520,116.454903,39.871548,429322084,146987454,8,348,1,1,50#
51272,$JYJ,13301254061,20111101215708,116.455269,39.879067,429323411,147015159,0,12,0,0,50#
46903,$JYJ,13321164495,20111101215657,116.452331,39.874893,429312616,146999811,0,92,0,0,50#
74054,$JYJ,13321164495,20111101215808,116.452499,39.874893,429313248,146999786,8,82,1,1,50#
70817,$JYJ,13321180142,20111101215802,116.455170,39.875690,429323050,147002710,28,358,1,1,50#
83486,$JYJ,13311470393,20111101220330,116.458298,39.874916,429334571,146999819,28,264,0,0,50#
70169,$JYJ,13311470454,20111101220255,116.455322,39.877800,429323635,147010485,0,0,0,0,50#
96696,$JYJ,13331093479,20111101220359,116.451553,39.872490,429309777,146990956,0,342,0,0,50#
46384,$JYJ,13311470454,20111101220655,116.455322,39.877800,429323609,147010477,0,0,0,0,50#
73601,$JYJ,13321183480,20111101220800,116.459717,39.874924,429339772,146999853,6,264,0,0,50#
97680,$JYJ,13321183480,20111101220859,116.458847,39.874889,429336591,146999716,4,270,1,1,50#
118349,$JYJ,13331154774,20111101220951,116.455170,39.878979,429323066,147014849,38,2,0,0,50#
12206,$JYJ,13331187060,20111101220533,116.455620,39.874287,429324713,146997527,6,162,0,0,50#
99036,$JYJ,13331187139,20111101220906,116.455231,39.873115,429323305,146993228,10,0,0,0,50#
5769,$JYJ,13311403489,20111101221015,116.459587,39.874775,429339287,146999302,2,82,0,0,50#
75414,$JYJ,13311453472,20111101221310,116.450401,39.870338,429305514,146983027,0,272,0,0,50#
37107,$JYJ,13311487101,20111101221136,116.456917,39.874786,429329476,146999373,4,86,0,0,50#
80597,$JYJ,13311487101,20111101221325,116.457817,39.874870,429332816,146999662,13,262,1,1,50#
96253,$JYJ,13311492153,20111101221401,116.453919,39.879128,429318449,147015385,8,268,0,0,50#
24737,$JYJ,13311495356,20111101221105,116.454933,39.877045,429322215,147007721,23,348,1,1,50#
16627,$JYJ,13331187139,20111101221044,116.455276,39.877834,429323472,147010603,6,344,1,1,50#
103620,$JYJ,13381096549,20111101221419,116.456184,39.870834,429326791,146984808,15,198,0,0,50#
28653,$JYJ,13311492153,20111101221608,116.454620,39.879173,429321056,147015544,0,178,1,1,50#
7580,$JYJ,13301128405,20111101222017,116.457848,39.871677,429332886,146987888,13,88,0,0,50#
99269,$JYJ,13301155410,20111101222402,116.458534,39.874691,429335430,146998988,17,268,1,1,50#
84477,$JYJ,13331194792,20111101222330,116.456535,39.871788,429328086,146988299,0,290,0,0,50#
70419,$JYJ,13381068347,20111101222255,116.451302,39.872334,429308856,146990350,0,272,0,0,50#
42034,$JYJ,13301214582,20111101222643,116.456970,39.874764,429329674,146999264,4,88,0,0,50#
94970,$JYJ,13301254042,20111101222855,116.455315,39.876751,429323611,147006607,13,0,0,0,50#
23913,$JYJ,13311453377,20111101222602,116.457054,39.874821,429329971,146999503,25,88,1,1,50#
87974,$JYJ,13331194834,20111101222841,116.454697,39.875107,429321311,147000559,0,182,0,0,50#
21599,$JYJ,13301254042,20111101223053,116.454666,39.878170,429321197,147011865,0,190,1,1,50#
52426,$JYJ,13311426286,20111101223212,116.454666,39.875069,429321217,147000432,0,182,0,0,50#
52927,$JYJ,13311489372,20111101223216,116.459648,39.879482,429339548,147016649,4,10,0,0,50#
769,$JYJ,13331154930,20111101223000,116.456383,39.879768,429327542,147017726,0,178,0,0,50#
15710,$JYJ,13311495389,20111101223538,116.451767,39.877182,429310556,147008229,0,90,0,0,50#
92749,$JYJ,13331194898,20111101223854,116.455437,39.871651,429324047,146987832,0,22,1,1,50#
18107,$JYJ,13311403259,20111101224046,116.453163,39.872486,429315688,146990925,23,268,0,0,50#
103335,$JYJ,13311486483,20111101224409,116.454384,39.870956,429320180,146985248,13,178,1,1,50#
120764,$JYJ,13311486531,20111101224457,116.454498,39.879345,429320607,147016188,8,186,1,1,50#
41320,$JYJ,13331194306,20111101224146,116.459732,39.874882,429339847,146999691,12,88,1,1,50#
7628,$JYJ,13301204818,20111101224520,116.454681,39.877617,429321288,147009801,10,178,0,0,50#
20447,$JYJ,13301204818,20111101224553,116.454727,39.875244,429321422,147001084,41,180,1,1,50#
116622,$JYJ,13311403503,20111101224943,116.454552,39.877564,429320808,147009616,8,180,1,1,50#
35687,$JYJ,13331194799,20111101224628,116.459534,39.874882,429339084,146999708,15,98,0,0,50#
52674,$JYJ,13301214184,20111101225210,116.459663,39.874912,429339563,146999814,0,0,0,0,50#
40578,$JYJ,13311486531,20111101225641,116.452980,39.872398,429315016,146990595,12,96,1,1,50#
41453,$JYJ,13331156421,20111101225644,116.458282,39.874264,429334511,146997429,28,280,0,0,50#
99974,$JYJ,13301214186,20111101230411,116.455162,39.870876,429323039,146984948,0,0,1,1,50#
36637,$JYJ,13311470459,20111101230128,116.450218,39.878433,429304866,147012864,2,352,0,0,50#
88581,$JYJ,13331154715,20111101230338,116.459984,39.875031,429340761,147000238,4,98,1,1,50#
53000,$JYJ,13331194270,20111101230209,116.451035,39.879700,429307855,147017533,0,106,0,0,50#
101369,$JYJ,13301214280,20111101230914,116.454781,39.878189,429321645,147011941,15,186,1,1,50#
37684,$JYJ,13311492301,20111101230638,116.454719,39.879299,429321403,147016006,12,172,1,1,50#
813,$JYJ,13381101824,20111101230501,116.451531,39.872513,429309667,146991031,4,282,0,0,50#
23236,$JYJ,13331194694,20111101231056,116.455414,39.872688,429323954,146991630,0,6,0,0,50#
87954,$JYJ,13301204967,20111101231840,116.454765,39.879086,429321585,147015217,21,176,1,1,50#
42826,$JYJ,13311486301,20111101231647,116.459534,39.874947,429339109,146999918,12,262,1,1,50#
91645,$JYJ,13311492175,20111101231854,116.456367,39.879276,429327458,147015917,0,244,0,0,50#
73920,$JYJ,13381101994,20111101231806,116.454651,39.872620,429321169,146991378,38,184,0,0,50#
93934,$JYJ,13311495228,20111101232354,116.455200,39.875221,429323173,147000988,0,8,0,0,50#
79224,$JYJ,13321164482,20111101232320,116.456894,39.874851,429329408,146999589,0,0,0,0,50#
114283,$JYJ,13331194874,20111101232445,116.455215,39.877754,429323215,147010322,0,54,1,1,50#
43732,$JYJ,13301277717,20111101232648,116.450737,39.870213,429306775,146982550,12,266,1,1,50#
4087,$JYJ,13311020344,20111101232509,116.455284,39.878448,429323499,147012890,23,0,0,0,50#
102941,$JYJ,13311492166,20111101232922,116.454849,39.878342,429321892,147012493,39,188,0,0,50#
27021,$JYJ,13311492175,20111101232609,116.451447,39.872395,429309386,146990587,21,98,1,1,50#
5174,$JYJ,13331194044,20111101232516,116.453064,39.876484,429315318,147005649,0,216,0,0,50#
19850,$JYJ,13381077426,20111101232550,116.459236,39.873066,429338008,146992985,4,184,0,0,50#
117418,$JYJ,13301214280,20111101233455,116.454933,39.874771,429322209,146999319,6,182,1,1,50#
28672,$JYJ,13311300564,20111101233114,116.459396,39.877445,429338597,147009158,6,272,0,0,50#
99969,$JYJ,13311570483,20111101233912,116.459015,39.877796,429337195,147010425,0,264,0,0,50#
8359,$JYJ,13381068146,20111101233518,116.450485,39.872486,429305861,146990950,10,262,1,1,50#
80907,$JYJ,13311470340,20111101234323,116.459663,39.874901,429339589,146999772,0,92,0,0,50#
99786,$JYJ,13311470340,20111101234411,116.459335,39.875008,429338390,147000167,21,266,1,1,50#
62092,$JYJ,13301214876,20111101234743,116.450447,39.870068,429305693,146982007,36,86,1,1,50#
99429,$JYJ,13311453395,20111101234918,116.455399,39.879993,429323914,147018578,6,356,1,1,50#
103275,$JYJ,13301272213,20111101235423,116.455215,39.871410,429323227,146986939,19,352,1,1,50#
13261,$JYJ,13311426441,20111101235032,116.451370,39.872356,429309111,146990465,4,182,1,1,50#
86162,$JYJ,13311426441,20111101235339,116.454620,39.878574,429321053,147013333,6,192,0,0,50#
78708,$JYJ,13311486538,20111101235320,116.454536,39.879364,429320757,147016275,23,202,1,1,50#
55205,$JYJ,13331194773,20111101235222,116.455315,39.875103,429323594,147000547,19,356,1,1,50#
26089,$JYJ,13331194904,20111101235105,116.454750,39.879185,429321545,147015591,19,182,1,1,50#
31614,$JYJ,13381096704,20111101235119,116.457649,39.870182,429332196,146982398,0,288,1,1,50#
9416,$JYJ,13311426441,20111101235521,116.454651,39.878017,429321158,147011301,15,176,1,1,50#
77565,$JYJ,13311426441,20111101235819,116.450653,39.870281,429306473,146982813,2,98,0,0,50#
