42775,$JYJ,13321164883,20111101000207,116.467918,39.951973,429369966,147283814,12,248,1,1,50#
38869,$JYJ,13301214199,20111101000700,116.461670,39.956860,429346990,147301883,6,294,1,1,50#
10605,$JYJ,13321164489,20111101000537,116.460014,39.958786,429340912,147309009,10,210,1,1,50#
26161,$JYJ,13331154861,20111101000622,116.460999,39.957771,429344526,147305242,12,112,0,0,50#
46037,$JYJ,13311431096,20111101001723,116.460785,39.957844,429343747,147305521,12,298,1,1,50#
82796,$JYJ,13301214199,20111101002414,116.467750,39.951935,429369346,147283694,13,244,1,1,50#
87079,$JYJ,13311492124,20111101002430,116.461113,39.957691,429344941,147304945,15,302,1,1,50#
42714,$JYJ,13301157477,20111101002704,116.462936,39.950294,429351651,147277684,2,58,0,0,50#
52525,$JYJ,13301157477,20111101003239,116.461197,39.957748,429345246,147305185,10,166,1,1,50#
36673,$JYJ,13311453332,20111101003149,116.467087,39.950703,429366901,147279149,0,338,0,0,50#
73446,$JYJ,13311453332,20111101003836,116.461250,39.957809,429345442,147305405,19,136,1,1,50#
7418,$JYJ,13311578426,20111101003518,116.467430,39.951843,429368164,147283331,30,238,1,1,50#
27954,$JYJ,13321174632,20111101003623,116.467705,39.951939,429369173,147283686,10,236,1,1,50#
98489,$JYJ,13311453210,20111101004445,116.462852,39.950523,429351355,147278511,2,20,0,0,50#
17040,$JYJ,13311453332,20111101004046,116.464684,39.956173,429358076,147299343,0,48,0,0,50#
14395,$JYJ,13311453210,20111101004538,116.463097,39.950466,429352239,147278308,13,82,1,1,50#
4374,$JYJ,13311453332,20111101004509,116.461319,39.957748,429345707,147305172,21,138,1,1,50#
93138,$JYJ,13301157477,20111101005440,116.461746,39.957859,429347264,147305584,6,270,1,1,50#
69906,$JYJ,13311300854,20111101005315,116.460785,39.959278,429343725,147310805,0,0,0,0,50#
89531,$JYJ,13381083418,20111101005429,116.461204,39.957733,429345281,147305102,0,0,0,0,50#
91050,$JYJ,13381083418,20111101005433,116.461204,39.957733,429345290,147305101,0,0,0,0,50#
27906,$JYJ,13301156744,20111101005619,116.467514,39.951897,429368465,147283524,0,198,0,0,50#
16412,$JYJ,13311300854,20111101005548,116.460785,39.959278,429343752,147310808,0,0,0,0,50#
62359,$JYJ,13381083418,20111101005808,116.461204,39.957733,429345290,147305121,0,0,0,0,50#
83042,$JYJ,13381083418,20111101005913,116.461815,39.957722,429347511,147305060,0,0,0,0,50#
84473,$JYJ,13381083418,20111101005917,116.461815,39.957722,429347517,147305052,0,0,0,0,50#
85965,$JYJ,13381083418,20111101005921,116.461815,39.957722,429347542,147305072,0,0,0,0,50#
85596,$JYJ,13331184989,20111101010419,116.461197,39.957768,429345271,147305248,0,0,0,0,50#
86976,$JYJ,13331184989,20111101010423,116.461197,39.957768,429345271,147305251,0,0,0,0,50#
49667,$JYJ,13381083418,20111101010229,116.461426,39.957748,429346082,147305184,0,0,1,1,50#
50373,$JYJ,13311578426,20111101010736,116.461220,39.957932,429345320,147305849,0,292,0,0,50#
52834,$JYJ,13311578426,20111101010748,116.461136,39.958050,429345016,147306281,26,304,1,1,50#
11404,$JYJ,13331184989,20111101010534,116.461266,39.957863,429345519,147305591,8,302,1,1,50#
11000,$JYJ,13311489630,20111101011530,116.461433,39.957844,429346113,147305509,13,302,1,1,50#
72852,$JYJ,13381095414,20111101011850,116.460342,39.959122,429342113,147310255,25,40,1,1,50#
22885,$JYJ,13311024114,20111101012107,116.461083,39.959827,429344820,147312823,12,218,1,1,50#
78329,$JYJ,13311489630,20111101012405,116.460831,39.958015,429343932,147306166,4,312,1,1,50#
83537,$JYJ,13311488117,20111101012927,116.467232,39.951755,429367429,147283021,17,242,1,1,50#
61772,$JYJ,13301155446,20111101013316,116.460319,39.958366,429342026,147307443,4,128,1,1,50#
38784,$JYJ,13311470320,20111101013126,116.462097,39.952728,429348556,147286657,28,356,0,0,50#
84399,$JYJ,13311403487,20111101014432,116.461151,39.957779,429345071,147305271,0,272,1,1,50#
85645,$JYJ,13311453332,20111101014434,116.461380,39.957985,429345942,147306041,0,290,1,1,50#
85895,$JYJ,13331154725,20111101015447,116.469231,39.957107,429374792,147302746,0,20,0,0,50#
43471,$JYJ,13381083418,20111101015223,116.461632,39.957630,429346866,147304739,0,0,0,0,50#
44493,$JYJ,13381083418,20111101015228,116.461632,39.957630,429346870,147304737,0,0,0,0,50#
63390,$JYJ,13381083418,20111101015331,116.461632,39.957630,429346833,147304747,0,0,0,0,50#
21262,$JYJ,13381083418,20111101015611,116.461510,39.957760,429346414,147305211,6,298,1,1,50#
28172,$JYJ,13311431044,20111101021631,116.463348,39.950329,429353157,147277795,12,20,1,1,50#
79784,$JYJ,13311300664,20111101022934,116.460388,39.958912,429342301,147309473,0,0,0,0,50#
80798,$JYJ,13311300664,20111101022939,116.460388,39.958912,429342264,147309483,0,0,0,0,50#
24895,$JYJ,13311486424,20111101022625,116.461433,39.957722,429346146,147305072,0,298,1,1,50#
11145,$JYJ,13321164538,20111101022534,116.461433,39.957981,429346109,147306038,15,284,1,1,50#
49750,$JYJ,13311300664,20111101023750,116.460388,39.958912,429342301,147309458,0,0,0,0,50#
57311,$JYJ,13311300664,20111101023819,116.460388,39.958912,429342295,147309464,0,0,0,0,50#
26692,$JYJ,13331185048,20111101024131,116.469986,39.953312,429377560,147288750,8,166,1,1,50#
49840,$JYJ,13331154954,20111101024753,116.460319,39.958321,429342047,147307283,0,148,1,1,50#
8093,$JYJ,13331194553,20111101024528,116.469467,39.955669,429375647,147297446,8,350,0,0,50#
3553,$JYJ,13301157477,20111101025008,116.461349,39.957764,429345826,147305234,2,288,1,1,50#
26382,$JYJ,13321164792,20111101025127,116.463303,39.950336,429352998,147277814,13,66,1,1,50#
32527,$JYJ,13321164501,20111101025656,116.469215,39.957069,429374701,147302585,0,0,0,0,50#
8956,$JYJ,13331154954,20111101030527,116.460236,39.959038,429341719,147309922,4,48,1,1,50#
57676,$JYJ,13301214617,20111101031323,116.461220,39.958824,429345346,147309120,0,110,0,0,50#
168,$JYJ,13331194964,20111101031956,116.468430,39.953613,429371835,147289861,30,176,0,0,50#
45871,$JYJ,13331194964,20111101032244,116.461914,39.950073,429347896,147276877,28,246,1,1,50#
20004,$JYJ,13321199445,20111101041618,116.460281,39.958225,429341906,147306952,0,168,0,0,50#
39819,$JYJ,13301204836,20111101044728,116.462372,39.950603,429349591,147278829,21,358,0,0,50#
56575,$JYJ,13321199464,20111101045826,116.467598,39.951973,429368777,147283837,4,258,0,0,50#
39904,$JYJ,13301204939,20111101050721,116.462067,39.953667,429348452,147290118,0,356,0,0,50#
33616,$JYJ,13381102734,20111101050701,116.460213,39.958370,429341647,147307476,0,0,0,0,50#
73720,$JYJ,13381102734,20111101050926,116.460213,39.958370,429341635,147307485,0,0,0,0,50#
2073,$JYJ,13311300664,20111101051505,116.460388,39.958912,429342277,147309461,0,0,0,0,50#
4444,$JYJ,13311300664,20111101051515,116.460388,39.958912,429342298,147309481,0,0,0,0,50#
50071,$JYJ,13381102734,20111101053239,116.460213,39.958370,429341635,147307477,0,0,0,0,50#
50894,$JYJ,13381102734,20111101053247,116.460022,39.957974,429340941,147306027,6,134,1,1,50#
43997,$JYJ,13381068934,20111101054718,116.460098,39.958820,429341206,147309146,0,26,1,1,50#
32074,$JYJ,13311426327,20111101060139,116.460114,39.956306,429341273,147299849,0,230,0,0,50#
35367,$JYJ,13311453464,20111101060651,116.466637,39.951389,429365250,147281685,12,54,1,1,50#
47103,$JYJ,13381069740,20111101062714,116.461968,39.953533,429348065,147289615,10,182,0,0,50#
100710,$JYJ,13311495171,20111101063453,116.462013,39.953632,429348244,147289978,0,356,0,0,50#
31795,$JYJ,13331194911,20111101063632,116.465446,39.950115,429360868,147276976,0,0,0,0,50#
78443,$JYJ,13321164792,20111101064345,116.463798,39.950424,429354807,147278160,0,12,1,1,50#
72396,$JYJ,13311426041,20111101065431,116.463264,39.950264,429352860,147277571,0,60,0,0,50#
18822,$JYJ,13321199470,20111101065131,116.461914,39.953163,429347873,147288272,23,0,0,0,50#
59880,$JYJ,13321199943,20111101065355,116.462036,39.953514,429348345,147289569,0,356,0,0,50#
92042,$JYJ,13311024114,20111101065926,116.461883,39.953507,429347780,147289537,0,0,0,0,50#
77758,$JYJ,13311480680,20111101070339,116.460648,39.958359,429343232,147307433,6,128,0,0,50#
88817,$JYJ,13370126417,20111101070413,116.462036,39.953377,429348358,147289063,4,4,0,0,50#
23392,$JYJ,13370126417,20111101070603,116.461937,39.953850,429347994,147290800,19,174,1,1,50#
92162,$JYJ,13311300534,20111101071920,116.461716,39.956840,429347162,147301807,23,154,0,0,50#
49724,$JYJ,13311453384,20111101071717,116.461868,39.953831,429347702,147290717,13,184,0,0,50#
43837,$JYJ,13311570477,20111101072704,116.469398,39.950893,429375379,147279835,0,108,1,1,50#
32708,$JYJ,13321174768,20111101072630,116.460335,39.958408,429342079,147307600,8,126,0,0,50#
27870,$JYJ,13301151403,20111101073118,116.460030,39.958549,429340966,147308150,2,134,0,0,50#
57590,$JYJ,13311403351,20111101073742,116.461487,39.956913,429346305,147302086,8,178,1,1,50#
2993,$JYJ,13311492164,20111101073508,116.467499,39.951927,429368401,147283666,0,242,1,1,50#
76657,$JYJ,13331156426,20111101073836,116.463486,39.950352,429353650,147277877,0,0,1,1,50#
49476,$JYJ,13381235436,20111101074219,116.460648,39.958454,429343228,147307789,0,40,0,0,50#
53152,$JYJ,13381077403,20111101074728,116.463951,39.950561,429355387,147278661,15,44,1,1,50#
4549,$JYJ,13301209459,20111101075009,116.460251,39.958317,429341773,147307260,0,140,0,0,50#
63889,$JYJ,13301214507,20111101075300,116.469330,39.955418,429375134,147296488,17,152,1,1,50#
35712,$JYJ,13301254539,20111101075639,116.461334,39.958862,429345772,147309291,12,344,1,1,50#
40358,$JYJ,13331154930,20111101075650,116.461349,39.956799,429345805,147301678,10,230,0,0,50#
66860,$JYJ,13301156944,20111101080306,116.469017,39.952187,429373998,147284603,28,58,0,0,50#
3288,$JYJ,13311162423,20111101080509,116.460503,39.958050,429342716,147306299,2,162,0,0,50#
32865,$JYJ,13311162423,20111101080643,116.461952,39.954102,429348048,147291736,13,176,1,1,50#
336,$JYJ,13331188740,20111101080501,116.467201,39.950523,429367329,147278481,13,28,0,0,50#
67841,$JYJ,13311453398,20111101081340,116.467865,39.951675,429369767,147282725,4,28,0,0,50#
53741,$JYJ,13311566304,20111101081256,116.461182,39.958202,429345208,147306834,0,322,2,0,50#
88791,$JYJ,13331194108,20111101081443,116.469917,39.952652,429377304,147286317,26,244,1,1,50#
52933,$JYJ,13311431474,20111101081816,116.463386,39.959846,429353285,147312878,0,150,0,0,50#
80098,$JYJ,13311486414,20111101081956,116.460434,39.958248,429342455,147307029,4,208,0,0,50#
36547,$JYJ,13301214445,20111101082208,116.461151,39.958874,429345098,147309323,0,120,0,0,50#
84678,$JYJ,13311480674,20111101082459,116.461235,39.958920,429345397,147309503,0,56,0,0,50#
39147,$JYJ,13311486229,20111101082223,116.462013,39.953087,429348237,147287971,17,354,0,0,50#
19020,$JYJ,13311486414,20111101082106,116.460892,39.958054,429344147,147306315,12,120,1,1,50#
27505,$JYJ,13321199487,20111101082137,116.461281,39.956928,429345569,147302150,4,276,0,0,50#
45489,$JYJ,13331194484,20111101082243,116.462051,39.953175,429348416,147288307,4,2,0,0,50#
92797,$JYJ,13311426471,20111101082948,116.461380,39.956783,429345940,147301623,0,238,0,0,50#
16728,$JYJ,13311480674,20111101082553,116.461319,39.959129,429345688,147310257,8,316,1,1,50#
75971,$JYJ,13311486360,20111101082902,116.467735,39.951950,429369301,147283724,2,246,1,1,50#
8508,$JYJ,13311495215,20111101082530,116.460182,39.957974,429341529,147306004,6,230,0,0,50#
6660,$JYJ,13370122403,20111101082519,116.460197,39.959106,429341605,147310179,0,222,0,0,50#
65336,$JYJ,13381153610,20111101082830,116.460854,39.956989,429343999,147302381,12,160,1,1,50#
92085,$JYJ,13301156342,20111101083452,116.461968,39.952961,429348097,147287499,4,176,1,1,50#
81205,$JYJ,13311191464,20111101083420,116.460449,39.958962,429342507,147309657,2,14,1,1,50#
73451,$JYJ,13331194829,20111101083355,116.460999,39.957703,429344518,147305008,12,70,0,0,50#
18571,$JYJ,13301156824,20111101083557,116.462051,39.952717,429348386,147286600,0,350,0,0,50#
69925,$JYJ,13301156824,20111101083847,116.461899,39.953449,429347830,147289303,6,162,1,1,50#
76369,$JYJ,13370126429,20111101084419,116.461914,39.954418,429347871,147292891,38,178,0,0,50#
696,$JYJ,13311426450,20111101085002,116.469177,39.952244,429374574,147284812,36,66,0,0,50#
9440,$JYJ,13311486553,20111101085029,116.466919,39.950626,429366285,147278867,2,306,0,0,50#
67152,$JYJ,13311486553,20111101085340,116.466820,39.951263,429365934,147281225,21,56,1,1,50#
20039,$JYJ,13311492226,20111101085106,116.460419,39.958073,429342392,147306381,2,118,0,0,50#
57279,$JYJ,13321180104,20111101085315,116.462326,39.959999,429349428,147313463,0,288,0,0,50#
62198,$JYJ,13331194079,20111101085332,116.465301,39.950539,429360346,147278543,2,158,0,0,50#
46902,$JYJ,13311470475,20111101085733,116.460220,39.958405,429341681,147307593,10,172,0,0,50#
61775,$JYJ,13301156134,20111101090340,116.460548,39.959358,429342881,147311098,0,222,0,0,50#
83954,$JYJ,13301204891,20111101090455,116.460182,39.956978,429341510,147302354,12,226,0,0,50#
69599,$JYJ,13311300704,20111101090856,116.461937,39.953445,429347979,147289317,0,182,0,0,50#
81954,$JYJ,13331194176,20111101090936,116.467552,39.952278,429368627,147284932,19,342,0,0,50#
87416,$JYJ,13331194262,20111101090953,116.466865,39.950512,429366085,147278458,2,104,0,0,50#
70794,$JYJ,13301104153,20111101091340,116.468399,39.951939,429371726,147283686,0,68,0,0,50#
29957,$JYJ,13311453387,20111101091131,116.461883,39.955254,429347779,147295982,0,0,0,0,50#
89787,$JYJ,13321164565,20111101091434,116.460854,39.959667,429343994,147312241,0,214,0,0,50#
86716,$JYJ,13321164864,20111101091426,116.461716,39.956722,429347141,147301388,19,350,0,0,50#
32271,$JYJ,13311470358,20111101091644,116.461853,39.955467,429347679,147296767,17,346,0,0,50#
41948,$JYJ,13311470358,20111101091716,116.461731,39.956821,429347206,147301737,28,352,1,1,50#
64839,$JYJ,13331194933,20111101091823,116.460419,39.958317,429342385,147307261,12,140,0,0,50#
41011,$JYJ,13301150242,20111101092221,116.462135,39.952610,429348697,147286233,0,284,0,0,50#
27650,$JYJ,13301153649,20111101092135,116.460419,39.958118,429342401,147306551,2,162,0,0,50#
49906,$JYJ,13311489427,20111101092244,116.469002,39.956005,429373948,147298665,0,318,0,0,50#
38910,$JYJ,13311431383,20111101092708,116.462730,39.950279,429350891,147277609,0,258,0,0,50#
44787,$JYJ,13311431476,20111101092731,116.461716,39.954842,429347142,147294463,23,172,1,1,50#
31707,$JYJ,13311495335,20111101092639,116.462151,39.951519,429348763,147282213,19,358,0,0,50#
49534,$JYJ,13311495335,20111101092753,116.462120,39.950905,429348634,147279921,13,180,1,1,50#
74270,$JYJ,13311495391,20111101092905,116.460465,39.958301,429342561,147307200,4,134,0,0,50#
66573,$JYJ,13311564442,20111101092843,116.460030,39.958641,429340980,147308473,6,148,0,0,50#
26738,$JYJ,13331156471,20111101092615,116.461952,39.956474,429348039,147300473,2,188,1,1,50#
47410,$JYJ,13301128427,20111101093223,116.463753,39.950478,429354623,147278334,0,58,0,0,50#
18339,$JYJ,13311191471,20111101093058,116.461990,39.953262,429348181,147288642,4,178,0,0,50#
26603,$JYJ,13311431113,20111101093124,116.467270,39.953110,429367569,147288003,0,176,0,0,50#
21845,$JYJ,13381232426,20111101093103,116.460220,39.958412,429341675,147307620,13,128,0,0,50#
27810,$JYJ,13301214188,20111101093629,116.462135,39.950722,429348693,147279244,21,182,1,1,50#
75322,$JYJ,13311024044,20111101093905,116.469170,39.955727,429374536,147297656,4,340,0,0,50#
15851,$JYJ,13311426318,20111101093553,116.462769,39.950046,429351040,147276779,0,90,0,0,50#
63099,$JYJ,13321190147,20111101093827,116.464752,39.950779,429358332,147279433,0,64,0,0,50#
22986,$JYJ,13370126428,20111101093612,116.460785,39.958241,429343725,147307004,0,128,0,0,50#
83418,$JYJ,13381063247,20111101093933,116.462387,39.952579,429349629,147286112,0,76,0,0,50#
3473,$JYJ,13301157645,20111101094007,116.467232,39.953033,429367450,147287749,0,0,0,0,50#
10067,$JYJ,13311024044,20111101094032,116.469200,39.955463,429374675,147296670,6,166,1,1,50#
52615,$JYJ,13311426373,20111101094245,116.465317,39.950131,429360397,147277054,25,174,0,0,50#
35179,$JYJ,13311489482,20111101094156,116.461968,39.955132,429348096,147295526,6,4,0,0,50#
52428,$JYJ,13301204813,20111101094739,116.468819,39.952309,429373261,147285046,4,264,0,0,50#
60202,$JYJ,13301214226,20111101094801,116.467117,39.953850,429367022,147290758,0,350,0,0,50#
81749,$JYJ,13311162499,20111101094908,116.460068,39.958500,429341092,147307962,17,142,0,0,50#
18381,$JYJ,13311300984,20111101094555,116.461197,39.959969,429345239,147313348,13,216,1,1,50#
59881,$JYJ,13311431596,20111101094806,116.460335,39.958267,429342099,147307077,15,132,0,0,50#
31790,$JYJ,13311566741,20111101094637,116.466934,39.953834,429366331,147290695,0,94,0,0,50#
89783,$JYJ,13301204813,20111101095427,116.467003,39.950840,429366569,147279643,0,272,1,1,50#
80878,$JYJ,13311026493,20111101095402,116.466454,39.950741,429364565,147279296,4,154,0,0,50#
66157,$JYJ,13311403113,20111101095318,116.462402,39.950165,429349667,147277197,0,338,0,0,50#
25490,$JYJ,13311486213,20111101095112,116.460068,39.958862,429341090,147309274,17,218,0,0,50#
81320,$JYJ,13311486325,20111101095403,116.461197,39.958813,429345272,147309086,2,100,0,0,50#
35468,$JYJ,13311486552,20111101095144,116.465698,39.950737,429361772,147279273,4,68,0,0,50#
88417,$JYJ,13311487109,20111101095427,116.460465,39.958244,429342552,147307000,0,126,0,0,50#
30079,$JYJ,13331191534,20111101095132,116.461914,39.953033,429347899,147287787,19,178,1,1,50#
4138,$JYJ,13331194432,20111101095012,116.462967,39.950039,429351765,147276741,2,60,0,0,50#
36325,$JYJ,13331194432,20111101095151,116.461914,39.950020,429347895,147276658,17,240,1,1,50#
43149,$JYJ,13311431091,20111101095710,116.462585,39.952686,429350354,147286505,0,260,0,0,50#
47090,$JYJ,13311486202,20111101095723,116.460548,39.958275,429342890,147307125,0,136,0,0,50#
11911,$JYJ,13301204933,20111101100038,116.460884,39.958115,429344100,147306531,0,0,0,0,50#
40439,$JYJ,13301204933,20111101100205,116.460884,39.958115,429344112,147306518,0,0,0,0,50#
31439,$JYJ,13311021094,20111101100135,116.460403,39.958076,429342353,147306387,0,0,0,0,50#
58172,$JYJ,13311026467,20111101100306,116.460297,39.958343,429341946,147307384,23,132,0,0,50#
24231,$JYJ,13321189894,20111101100113,116.460564,39.958283,429342943,147307146,6,136,0,0,50#
84223,$JYJ,13331194861,20111101100447,116.460098,39.958710,429341230,147308741,2,150,0,0,50#
1629,$JYJ,13301214683,20111101100502,116.467499,39.951862,429368393,147283413,23,240,1,1,50#
20524,$JYJ,13311426122,20111101100608,116.466652,39.950539,429365279,147278542,32,158,0,0,50#
66784,$JYJ,13311453270,20111101100901,116.460167,39.958076,429341469,147306385,2,112,0,0,50#
30382,$JYJ,13311486271,20111101100650,116.460030,39.958927,429340977,147309535,6,224,0,0,50#
25046,$JYJ,13311495109,20111101100626,116.461670,39.956352,429347009,147300025,0,188,0,0,50#
74788,$JYJ,13311576554,20111101100937,116.461235,39.958084,429345391,147306398,0,316,0,0,50#
25306,$JYJ,13331184840,20111101100632,116.469467,39.954437,429375642,147292881,2,88,0,0,50#
15821,$JYJ,13301156747,20111101101051,116.462135,39.950050,429348690,147276798,23,34,0,0,50#
2581,$JYJ,13301209438,20111101101004,116.467087,39.950676,429366891,147279060,4,40,0,0,50#
12874,$JYJ,13311023934,20111101101537,116.468964,39.952438,429373810,147285528,0,0,0,0,50#
58948,$JYJ,13331184844,20111101101805,116.462997,39.950218,429351864,147277405,8,124,0,0,50#
1192,$JYJ,13311431319,20111101101957,116.461868,39.954056,429347735,147291566,0,174,0,0,50#
9733,$JYJ,13311492296,20111101102030,116.461037,39.958050,429344687,147306298,0,314,0,0,50#
23032,$JYJ,13331111471,20111101102112,116.461952,39.952591,429348013,147286150,13,168,1,1,50#
17193,$JYJ,13381083414,20111101102053,116.469635,39.952412,429376280,147285405,0,66,1,1,50#
1601,$JYJ,13301155344,20111101102500,116.461098,39.958847,429344901,147309225,2,98,0,0,50#
72169,$JYJ,13311403352,20111101102840,116.461853,39.955318,429347658,147296221,0,358,0,0,50#
84035,$JYJ,13311403648,20111101102916,116.466850,39.950535,429366044,147278514,2,128,0,0,50#
54284,$JYJ,13311470472,20111101102747,116.460495,39.958145,429342691,147306644,12,152,0,0,50#
14240,$JYJ,13301157784,20111101103045,116.467064,39.950554,429366814,147278604,0,352,0,0,50#
80425,$JYJ,13311431000,20111101103419,116.461800,39.956440,429347490,147300328,8,356,0,0,50#
18915,$JYJ,13311489624,20111101103103,116.469086,39.955956,429374260,147298505,0,160,0,0,50#
72042,$JYJ,13301214134,20111101103855,116.461746,39.955078,429347287,147295331,13,168,1,1,50#
44404,$JYJ,13301272171,20111101103719,116.463814,39.950500,429354864,147278442,0,74,1,1,50#
4363,$JYJ,13311489300,20111101103508,116.461281,39.957924,429345569,147305818,0,262,0,0,50#
53769,$JYJ,13311489300,20111101103753,116.460251,39.958836,429341787,147309195,12,46,1,1,50#
15862,$JYJ,13321164810,20111101103552,116.461830,39.955315,429347601,147296209,0,352,0,0,50#
60689,$JYJ,13331194326,20111101103806,116.461899,39.955036,429347824,147295177,2,352,0,0,50#
38778,$JYJ,13331194952,20111101103654,116.461937,39.954781,429347955,147294230,4,344,0,0,50#
21619,$JYJ,13381235499,20111101103606,116.460152,39.951309,429341422,147281428,12,182,0,0,50#
33609,$JYJ,13301251406,20111101104142,116.460518,39.958363,429342769,147307456,0,212,0,0,50#
75760,$JYJ,13311211547,20111101104357,116.461113,39.957802,429344941,147305355,0,310,0,0,50#
76221,$JYJ,13311492243,20111101104401,116.468849,39.952385,429373383,147285312,0,260,0,0,50#
59971,$JYJ,13311495064,20111101104305,116.460480,39.958256,429342618,147307056,0,180,0,0,50#
77355,$JYJ,13311495064,20111101104400,116.460632,39.958233,429343177,147306959,6,148,1,1,50#
81338,$JYJ,13321164775,20111101104414,116.461197,39.957954,429345237,147305930,0,132,0,0,50#
83996,$JYJ,13321199542,20111101104422,116.461731,39.956928,429347204,147302153,0,338,0,0,50#
60259,$JYJ,13311431081,20111101104808,116.460236,39.958080,429341735,147306419,10,136,0,0,50#
17169,$JYJ,13311453228,20111101104550,116.461983,39.954815,429348141,147294345,23,356,0,0,50#
43258,$JYJ,13311492243,20111101104717,116.461968,39.954178,429348091,147291996,8,354,1,1,50#
32423,$JYJ,13321199542,20111101104638,116.461647,39.956745,429346930,147301455,0,178,1,1,50#
41920,$JYJ,13331194865,20111101104708,116.460632,39.958141,429343181,147306623,6,294,0,0,50#
65732,$JYJ,13381235494,20111101104825,116.463120,39.950310,429352336,147277736,0,114,0,0,50#
69421,$JYJ,13311431325,20111101105334,116.460671,39.958107,429343320,147306505,0,130,0,0,50#
20247,$JYJ,13311453207,20111101105059,116.460381,39.958073,429342246,147306388,4,116,0,0,50#
41426,$JYJ,13331154809,20111101105204,116.461731,39.955471,429347199,147296780,0,190,0,0,50#
5420,$JYJ,13331187845,20111101105017,116.469070,39.955986,429374194,147298600,0,348,0,0,50#
33337,$JYJ,13331187845,20111101105137,116.469070,39.955898,429374187,147298277,13,154,1,1,50#
82924,$JYJ,13381083415,20111101105416,116.465630,39.951076,429361544,147280522,19,66,1,1,50#
74925,$JYJ,13301214757,20111101105902,116.461700,39.956680,429347086,147301232,0,356,0,0,50#
49839,$JYJ,13311024154,20111101105738,116.466698,39.950447,429365445,147278208,21,158,0,0,50#
33365,$JYJ,13311571479,20111101105646,116.461769,39.956257,429347347,147299652,0,4,0,0,50#
28021,$JYJ,13301104098,20111101110126,116.460365,39.959049,429342220,147309987,28,34,1,1,50#
14879,$JYJ,13301214701,20111101110042,116.460533,39.958202,429342813,147306858,17,136,0,0,50#
45669,$JYJ,13311162406,20111101110225,116.460556,39.958076,429342912,147306394,6,130,1,1,50#
44473,$JYJ,13311487135,20111101110222,116.460564,39.958157,429342911,147306673,0,148,0,0,50#
5544,$JYJ,13311489653,20111101110012,116.468651,39.950634,429372633,147278879,0,130,0,0,50#
84768,$JYJ,13331194321,20111101110423,116.460197,39.951355,429341598,147281624,0,184,0,0,50#
13867,$JYJ,13381235421,20111101110040,116.461449,39.957657,429346200,147304848,0,282,0,0,50#
78126,$JYJ,13321174596,20111101110907,116.469681,39.952358,429376419,147285226,0,50,0,0,50#
48028,$JYJ,13331194321,20111101110737,116.460167,39.951195,429341489,147281035,2,188,1,1,50#
55585,$JYJ,13311426394,20111101111759,116.462120,39.955147,429348660,147295560,0,12,0,0,50#
80761,$JYJ,13311453293,20111101111945,116.461174,39.958832,429345164,147309159,6,138,0,0,50#
86154,$JYJ,13301128446,20111101112443,116.467018,39.950775,429366652,147279426,12,42,0,0,50#
7832,$JYJ,13301214545,20111101111937,116.469048,39.955990,429374092,147298629,0,324,0,0,50#
78807,$JYJ,13311431013,20111101112424,116.462913,39.950321,429351566,147277770,4,102,0,0,50#
37822,$JYJ,13381101124,20111101112208,116.460625,39.959042,429343155,147309946,0,0,0,0,50#
33406,$JYJ,13301214601,20111101112641,116.460548,39.958179,429342881,147306773,10,162,0,0,50#
19458,$JYJ,13311453291,20111101112558,116.461983,39.953507,429348121,147289543,17,176,1,1,50#
14491,$JYJ,13311453481,20111101112547,116.469666,39.952644,429376372,147286275,8,246,1,1,50#
30420,$JYJ,13321164337,20111101112628,116.461815,39.955711,429347510,147297671,2,354,1,1,50#
94725,$JYJ,13301156492,20111101113438,116.460381,39.958080,429342268,147306386,0,328,1,1,50#
65308,$JYJ,13301214536,20111101113311,116.462135,39.952656,429348711,147286377,4,346,1,1,50#
16368,$JYJ,13311495323,20111101113048,116.461883,39.955143,429347790,147295572,0,354,0,0,50#
12984,$JYJ,13321199646,20111101113041,116.462685,39.950218,429350706,147277392,8,70,0,0,50#
70031,$JYJ,13331156494,20111101113323,116.461983,39.953289,429348126,147288711,19,176,1,1,50#
72619,$JYJ,13381101124,20111101113336,116.460587,39.959194,429342993,147310497,0,0,0,0,50#
43586,$JYJ,13311403502,20111101113711,116.466469,39.951260,429364630,147281202,0,118,0,0,50#
97629,$JYJ,13311426273,20111101113953,116.466797,39.953911,429365828,147290986,21,242,1,1,50#
10663,$JYJ,13311453406,20111101113530,116.460800,39.957985,429343797,147306037,4,136,1,1,50#
84025,$JYJ,13311495382,20111101113911,116.460053,39.958328,429341057,147307303,10,120,0,0,50#
9660,$JYJ,13321199646,20111101113529,116.468048,39.952019,429370434,147283988,13,246,1,1,50#
31010,$JYJ,13331154957,20111101113630,116.469147,39.952236,429374475,147284765,47,68,0,0,50#
80463,$JYJ,13331156451,20111101113900,116.460335,39.958172,429342091,147306756,15,134,0,0,50#
88243,$JYJ,13370126485,20111101113924,116.461815,39.955341,429347543,147296299,6,182,0,0,50#
80770,$JYJ,13381101124,20111101113901,116.460587,39.959194,429343005,147310519,0,0,0,0,50#
92079,$JYJ,13381101124,20111101113935,116.461342,39.958858,429345773,147309254,12,46,1,1,50#
36743,$JYJ,13301155049,20111101114148,116.460548,39.958130,429342880,147306577,13,144,0,0,50#
25986,$JYJ,13301214818,20111101114116,116.461113,39.959976,429344969,147313371,0,222,1,1,50#
12630,$JYJ,13311426473,20111101114042,116.462082,39.953186,429348528,147288332,0,0,0,0,50#
60498,$JYJ,13311495057,20111101114244,116.460068,39.958458,429341109,147307806,2,140,0,0,50#
16457,$JYJ,13321164530,20111101114053,116.462410,39.950356,429349692,147277915,0,38,0,0,50#
26983,$JYJ,13321174594,20111101114123,116.462051,39.955341,429348397,147296291,12,180,0,0,50#
22748,$JYJ,13370126485,20111101114107,116.461998,39.953281,429348201,147288702,15,174,1,1,50#
58021,$JYJ,13301214182,20111101114754,116.465866,39.958836,429362409,147309144,8,94,0,0,50#
73444,$JYJ,13301214497,20111101114835,116.460266,39.957958,429341857,147305942,0,104,0,0,50#
15660,$JYJ,13301214544,20111101114545,116.463501,39.950314,429353729,147277730,0,220,0,0,50#
82269,$JYJ,13301254022,20111101114903,116.461418,39.956493,429346084,147300549,0,258,0,0,50#
51328,$JYJ,13311570487,20111101114733,116.465431,39.950443,429360830,147278218,0,8,0,0,50#
33810,$JYJ,13321174856,20111101114641,116.460686,39.958065,429343368,147306346,8,122,1,1,50#
83737,$JYJ,13370126485,20111101114910,116.462013,39.952625,429348274,147286279,10,306,0,0,50#
97192,$JYJ,13370126485,20111101114946,116.461914,39.952621,429347882,147286259,10,182,1,1,50#
23209,$JYJ,13301214582,20111101115106,116.467720,39.951813,429369208,147283245,23,66,0,0,50#
39807,$JYJ,13301214641,20111101115154,116.461746,39.956013,429347295,147298784,15,350,1,1,50#
36000,$JYJ,13311431445,20111101115143,116.461800,39.955685,429347480,147297553,21,176,1,1,50#
59744,$JYJ,13311470368,20111101115255,116.466949,39.950825,429366383,147279605,8,330,1,1,50#
12250,$JYJ,13311489353,20111101115038,116.460114,39.951065,429341278,147280552,2,0,0,0,50#
40610,$JYJ,13381232441,20111101115158,116.460602,39.958103,429343083,147306479,0,120,0,0,50#
40423,$JYJ,13311020944,20111101115656,116.466919,39.950561,429366276,147278627,8,86,0,0,50#
79825,$JYJ,13321164482,20111101115901,116.460960,39.957821,429344383,147305443,19,128,1,1,50#
19505,$JYJ,13321199734,20111101115555,116.460281,39.950970,429341870,147280190,10,2,0,0,50#
6360,$JYJ,13331194288,20111101115516,116.461685,39.951591,429347054,147282452,19,90,0,0,50#
45139,$JYJ,13331194288,20111101115711,116.461800,39.955444,429347476,147296677,17,358,1,1,50#
69129,$JYJ,13331188041,20111101120337,116.466965,39.950920,429366457,147279942,8,22,0,0,50#
59903,$JYJ,13311431193,20111101120832,116.462067,39.953426,429348471,147289217,0,356,0,0,50#
58164,$JYJ,13331194768,20111101120825,116.460701,39.957935,429343419,147305848,0,308,0,0,50#
39134,$JYJ,13311495356,20111101121218,116.467430,39.952896,429368140,147287227,2,44,0,0,50#
39959,$JYJ,13370189332,20111101121222,116.469650,39.952537,429376320,147285883,0,212,0,0,50#
30199,$JYJ,13301214261,20111101121701,116.461769,39.955383,429347348,147296435,0,0,0,0,50#
56856,$JYJ,13301214261,20111101121843,116.461754,39.955364,429347286,147296393,0,0,0,0,50#
57758,$JYJ,13301214261,20111101121847,116.461754,39.955364,429347301,147296370,0,0,0,0,50#
73106,$JYJ,13301214261,20111101121947,116.461761,39.955303,429347342,147296153,0,0,0,0,50#
24546,$JYJ,13311022194,20111101121630,116.462647,39.950153,429350585,147277145,28,84,0,0,50#
46138,$JYJ,13311431508,20111101121805,116.461868,39.955326,429347726,147296241,4,166,1,1,50#
8634,$JYJ,13311489525,20111101121531,116.461868,39.954391,429347737,147292784,4,136,0,0,50#
11562,$JYJ,13311495356,20111101121542,116.461151,39.957760,429345085,147305218,2,12,1,1,50#
49491,$JYJ,13301174389,20111101122308,116.465416,39.950958,429360764,147280116,0,70,0,0,50#
67545,$JYJ,13311492082,20111101122422,116.461716,39.955303,429347150,147296153,2,180,0,0,50#
22085,$JYJ,13321174627,20111101122124,116.461845,39.955040,429347631,147295182,15,164,1,1,50#
58201,$JYJ,13331184851,20111101122338,116.461899,39.954735,429347852,147294060,34,178,0,0,50#
18978,$JYJ,13301174389,20111101122619,116.466904,39.950993,429366232,147280217,10,322,1,1,50#
24763,$JYJ,13301254069,20111101122643,116.461883,39.954040,429347774,147291492,0,194,0,0,50#
16792,$JYJ,13311492082,20111101122617,116.461998,39.953194,429348212,147288358,19,174,1,1,50#
11364,$JYJ,13321164906,20111101122546,116.462067,39.952503,429348460,147285812,4,2,0,0,50#
46767,$JYJ,13381068974,20111101122816,116.462006,39.952866,429348234,147287159,28,174,1,1,50#
19366,$JYJ,13381101834,20111101122627,116.460426,39.958298,429342444,147307216,0,0,0,0,50#
20534,$JYJ,13381101834,20111101122631,116.460426,39.958298,429342443,147307218,0,0,0,0,50#
57410,$JYJ,13301104069,20111101123403,116.461746,39.956703,429347287,147301315,6,4,1,1,50#
59178,$JYJ,13311470368,20111101123409,116.461968,39.954845,429348081,147294476,21,358,0,0,50#
35437,$JYJ,13311470463,20111101123235,116.469414,39.955364,429375453,147296311,0,42,0,0,50#
50998,$JYJ,13331154727,20111101123337,116.461937,39.953041,429347959,147287805,0,358,0,0,50#
47921,$JYJ,13381096164,20111101123322,116.462166,39.950180,429348831,147277268,8,204,1,1,50#
18793,$JYJ,13301184136,20111101123607,116.461731,39.957203,429347218,147303166,8,178,0,0,50#
43741,$JYJ,13301214175,20111101123732,116.460602,39.957928,429343081,147305849,8,88,0,0,50#
16519,$JYJ,13301254059,20111101123559,116.465416,39.950161,429360771,147277170,0,152,0,0,50#
57260,$JYJ,13331184800,20111101123709,116.461952,39.954628,429348010,147293663,0,358,0,0,50#
85400,$JYJ,13331194800,20111101123954,116.461815,39.955479,429347542,147296804,10,350,1,1,50#
53276,$JYJ,13381101834,20111101123807,116.465096,39.953224,429359582,147288446,0,0,0,0,50#
54275,$JYJ,13381101834,20111101123812,116.465096,39.953224,429359576,147288464,0,0,0,0,50#
74016,$JYJ,13311191478,20111101124410,116.461586,39.956356,429346667,147300026,2,268,0,0,50#
42478,$JYJ,13311488145,20111101124228,116.461983,39.953590,429348157,147289845,0,202,0,0,50#
56385,$JYJ,13311403336,20111101124802,116.469200,39.952385,429374677,147285340,32,66,0,0,50#
81728,$JYJ,13311431319,20111101124927,116.461830,39.956188,429347581,147299421,6,354,0,0,50#
13394,$JYJ,13311431416,20111101124539,116.461716,39.956718,429347174,147301373,2,160,1,1,50#
58000,$JYJ,13311470368,20111101124811,116.466797,39.950882,429365837,147279822,10,340,1,1,50#
60777,$JYJ,13321180456,20111101125325,116.460114,39.958408,429341280,147307619,0,136,0,0,50#
83930,$JYJ,13311486526,20111101125937,116.462097,39.953064,429348545,147287886,8,358,0,0,50#
12216,$JYJ,13311579641,20111101125538,116.463120,39.950287,429352315,147277654,0,66,0,0,50#
36280,$JYJ,13331184975,20111101125702,116.462006,39.954224,429348231,147292178,23,358,0,0,50#
84765,$JYJ,13301253467,20111101130930,116.461815,39.955105,429347545,147295406,13,170,1,1,50#
91563,$JYJ,13311426199,20111101130952,116.467636,39.953079,429368905,147287903,17,352,1,1,50#
81578,$JYJ,13311426428,20111101130923,116.460579,39.958527,429342968,147308044,0,0,1,1,50#
51486,$JYJ,13301254126,20111101131231,116.465218,39.950378,429360036,147277958,0,190,0,0,50#
9387,$JYJ,13311191439,20111101131021,116.463715,39.950390,429354487,147278017,15,242,0,0,50#
74971,$JYJ,13311191439,20111101131346,116.461815,39.955090,429347532,147295367,19,166,1,1,50#
67063,$JYJ,13311453341,20111101131327,116.461952,39.955010,429348015,147295067,0,342,0,0,50#
71668,$JYJ,13311582497,20111101131342,116.463264,39.950176,429352846,147277243,0,76,0,0,50#
4001,$JYJ,13331194388,20111101131008,116.467003,39.951561,429366575,147282321,32,64,0,0,50#
14768,$JYJ,13331194388,20111101131044,116.468231,39.951973,429371086,147283799,17,60,1,1,50#
24974,$JYJ,13370126475,20111101131117,116.461365,39.957947,429345876,147305907,4,274,1,1,50#
31571,$JYJ,13311453424,20111101131652,116.460365,39.958370,429342213,147307461,0,128,0,0,50#
1704,$JYJ,13311495105,20111101131503,116.461830,39.955204,429347569,147295799,12,164,1,1,50#
62298,$JYJ,13331194059,20111101131817,116.461601,39.957024,429346727,147302492,15,166,1,1,50#
47677,$JYJ,13331194153,20111101131745,116.467148,39.950821,429367125,147279584,0,64,0,0,50#
83452,$JYJ,13331194482,20111101131933,116.462433,39.950027,429349788,147276683,19,60,0,0,50#
56578,$JYJ,13331063449,20111101132249,116.461784,39.955780,429347411,147297893,4,0,0,0,50#
97070,$JYJ,13331063449,20111101132457,116.461533,39.957432,429346492,147304015,17,322,1,1,50#
24880,$JYJ,13311162433,20111101132616,116.461647,39.956825,429346904,147301750,4,166,0,0,50#
93504,$JYJ,13311162433,20111101132947,116.462097,39.951267,429348577,147281284,26,174,1,1,50#
23756,$JYJ,13331063458,20111101132612,116.460686,39.957733,429343397,147305127,4,258,1,1,50#
35424,$JYJ,13331154785,20111101132651,116.461067,39.957848,429344786,147305522,4,320,1,1,50#
65861,$JYJ,13301214863,20111101133315,116.461769,39.956539,429347369,147300694,13,350,1,1,50#
96141,$JYJ,13311431194,20111101133456,116.462051,39.953770,429348392,147290480,19,356,0,0,50#
18847,$JYJ,13331093461,20111101133056,116.461281,39.958065,429345583,147306353,32,0,0,0,50#
18712,$JYJ,13381101834,20111101133058,116.465096,39.953224,429359586,147288466,0,0,0,0,50#
25993,$JYJ,13301214008,20111101133618,116.461617,39.957268,429346818,147303410,0,190,0,0,50#
39739,$JYJ,13301214008,20111101133704,116.461601,39.957031,429346737,147302511,15,166,1,1,50#
83235,$JYJ,13311453369,20111101133933,116.461182,39.959217,429345214,147310580,12,156,0,0,50#
26131,$JYJ,13311480742,20111101133627,116.462036,39.953838,429348325,147290743,19,356,0,0,50#
46627,$JYJ,13311480742,20111101133732,116.462051,39.954082,429348408,147291639,12,354,1,1,50#
91041,$JYJ,13311495368,20111101133959,116.460808,39.958332,429343822,147307310,0,0,1,1,50#
51750,$JYJ,13321164314,20111101133748,116.468620,39.952049,429372535,147284098,2,36,0,0,50#
34494,$JYJ,13321164337,20111101133651,116.460014,39.958317,429340901,147307262,0,156,0,0,50#
10765,$JYJ,13381101834,20111101133536,116.460991,39.958244,429344520,147306999,0,0,1,1,50#
75351,$JYJ,13301214791,20111101134347,116.461365,39.958824,429345867,147309130,15,156,0,0,50#
33505,$JYJ,13311453369,20111101134141,116.460350,39.958321,429342141,147307299,13,310,1,1,50#
80047,$JYJ,13331063446,20111101134401,116.466515,39.950165,429364798,147277166,0,218,0,0,50#
14087,$JYJ,13311495182,20111101134544,116.464752,39.951054,429358320,147280448,13,244,1,1,50#
10879,$JYJ,13311495393,20111101134535,116.461914,39.957146,429347891,147302957,32,344,1,1,50#
81483,$JYJ,13311576457,20111101134916,116.460167,39.959274,429341451,147310821,12,46,1,1,50#
86186,$JYJ,13321199554,20111101134936,116.469986,39.958816,429377563,147309035,0,204,0,0,50#
50135,$JYJ,13331184782,20111101134737,116.460487,39.959278,429342660,147310802,8,222,0,0,50#
36795,$JYJ,13331187020,20111101134655,116.462090,39.953064,429348513,147287898,25,358,0,0,50#
57554,$JYJ,13331194057,20111101134801,116.462013,39.953518,429348276,147289561,28,176,1,1,50#
13645,$JYJ,13311403741,20111101135038,116.461853,39.955547,429347673,147297055,2,338,0,0,50#
19476,$JYJ,13321174737,20111101135102,116.460724,39.958355,429343498,147307405,6,100,1,1,50#
58098,$JYJ,13331194935,20111101135307,116.462135,39.956745,429348684,147301467,0,150,0,0,50#
83178,$JYJ,13370126460,20111101135436,116.461220,39.955982,429345329,147298669,0,116,1,1,50#
84895,$JYJ,13381232480,20111101135441,116.460915,39.958862,429344230,147309287,0,100,0,0,50#
49852,$JYJ,13311403492,20111101135752,116.461433,39.957989,429346145,147306069,13,56,0,0,50#
46825,$JYJ,13311489442,20111101135743,116.461853,39.955128,429347667,147295503,17,158,1,1,50#
59443,$JYJ,13331035042,20111101135815,116.469635,39.952377,429376269,147285291,21,96,0,0,50#
78600,$JYJ,13370126430,20111101135918,116.468918,39.956291,429373611,147299722,17,8,0,0,50#
38025,$JYJ,13381232480,20111101135711,116.461083,39.958778,429344830,147308953,0,148,1,1,50#
19469,$JYJ,13311487272,20111101140100,116.461433,39.957954,429346130,147305914,12,126,1,1,50#
11968,$JYJ,13301214187,20111101141039,116.460167,39.959084,429341467,147310109,19,218,0,0,50#
42193,$JYJ,13311431013,20111101141215,116.460403,39.958538,429342338,147308097,4,94,0,0,50#
71604,$JYJ,13311453223,20111101141344,116.461983,39.954082,429348140,147291645,2,166,1,1,50#
9688,$JYJ,13311453417,20111101141031,116.461716,39.950310,429347164,147277745,0,282,1,1,50#
78733,$JYJ,13311453446,20111101141410,116.462021,39.954891,429348277,147294635,0,0,0,0,50#
77282,$JYJ,13301157234,20111101141912,116.461067,39.957970,429344774,147305972,13,306,1,1,50#
34871,$JYJ,13311453446,20111101141659,116.461746,39.956329,429347277,147299951,8,172,1,1,50#
58411,$JYJ,13311470330,20111101141817,116.460419,39.958359,429342415,147307443,0,166,1,1,50#
82949,$JYJ,13311486284,20111101141932,116.460556,39.958202,429342902,147306857,8,142,1,1,50#
76467,$JYJ,13311495332,20111101141911,116.464828,39.953346,429358588,147288894,0,0,0,0,50#
77216,$JYJ,13311495332,20111101141914,116.464828,39.953346,429358594,147288924,0,0,0,0,50#
32652,$JYJ,13321183462,20111101141647,116.468514,39.952278,429372139,147284952,15,244,1,1,50#
80482,$JYJ,13311403741,20111101142400,116.469635,39.952579,429376265,147286029,13,244,1,1,50#
12345,$JYJ,13311495332,20111101142038,116.464828,39.953346,429358582,147288896,0,0,0,0,50#
57698,$JYJ,13311021744,20111101142750,116.463150,39.950218,429352425,147277383,4,76,0,0,50#
30319,$JYJ,13311191411,20111101142635,116.467003,39.950470,429366593,147278276,10,78,0,0,50#
102055,$JYJ,13321164559,20111101142939,116.467064,39.950829,429366794,147279599,15,320,1,1,50#
3163,$JYJ,13331190104,20111101142510,116.461708,39.957199,429347137,147303157,23,178,1,1,50#
36930,$JYJ,13301214106,20111101143133,116.461685,39.955971,429347049,147298604,0,174,0,0,50#
79914,$JYJ,13301214106,20111101143322,116.461716,39.956783,429347169,147301613,28,356,1,1,50#
46137,$JYJ,13301214639,20111101143154,116.466713,39.951447,429365535,147281889,0,120,0,0,50#
43687,$JYJ,13311191431,20111101143148,116.462997,39.950325,429351864,147277802,12,46,0,0,50#
104522,$JYJ,13311191431,20111101143415,116.463501,39.950466,429353704,147278320,0,206,1,1,50#
17737,$JYJ,13311426190,20111101143044,116.462181,39.950909,429348854,147279941,13,206,1,1,50#
103203,$JYJ,13311453353,20111101143418,116.462181,39.955593,429348851,147297207,13,174,1,1,50#
40964,$JYJ,13321199524,20111101143140,116.461670,39.958187,429347000,147306770,4,300,0,0,50#
17947,$JYJ,13331187125,20111101143042,116.461937,39.954891,429347963,147294640,2,354,0,0,50#
50309,$JYJ,13331194886,20111101143141,116.469116,39.956505,429374375,147300510,0,16,0,0,50#
104522,$JYJ,13301157491,20111101143916,116.462013,39.956581,429348263,147300876,6,174,1,1,50#
73332,$JYJ,13311403747,20111101143806,116.460701,39.958324,429343437,147307315,0,110,0,0,50#
5948,$JYJ,13311453398,20111101143511,116.460381,39.959198,429342278,147310521,2,356,0,0,50#
47425,$JYJ,13311453398,20111101143659,116.460136,39.958206,429341373,147306878,2,16,1,1,50#
89733,$JYJ,13311489448,20111101143839,116.461868,39.954906,429347725,147294675,21,168,1,1,50#
97686,$JYJ,13311492207,20111101143906,116.468681,39.950771,429372772,147279385,15,168,1,1,50#
90657,$JYJ,13311495207,20111101143846,116.460053,39.958328,429341061,147307327,28,130,1,1,50#
48299,$JYJ,13321180404,20111101143701,116.461784,39.955372,429347402,147296392,0,184,0,0,50#
68120,$JYJ,13321180404,20111101143752,116.461815,39.955170,429347533,147295674,26,170,1,1,50#
19670,$JYJ,13381068674,20111101143547,116.462036,39.951847,429348349,147283394,17,172,1,1,50#
48968,$JYJ,13381083491,20111101143703,116.468018,39.958866,429370329,147309244,0,78,0,0,50#
84001,$JYJ,13301204996,20111101144328,116.460999,39.958576,429344522,147308239,8,138,1,1,50#
52405,$JYJ,13321199524,20111101144208,116.460503,39.958454,429342701,147307793,0,154,1,1,50#
68372,$JYJ,13331093420,20111101144253,116.460770,39.958241,429343687,147307000,12,62,1,1,50#
14090,$JYJ,13381063243,20111101144036,116.460335,39.958519,429342085,147308023,0,132,0,0,50#
90452,$JYJ,13381077432,20111101144344,116.460030,39.958927,429340976,147309543,25,14,1,1,50#
42610,$JYJ,13311021843,20111101144647,116.460632,39.959213,429343178,147310563,15,40,1,1,50#
19127,$JYJ,13331156427,20111101144548,116.461899,39.953884,429347834,147290919,13,174,0,0,50#
118356,$JYJ,13331156427,20111101144959,116.460953,39.958153,429344364,147306665,12,74,1,1,50#
57181,$JYJ,13381083470,20111101144722,116.461899,39.955257,429347834,147295966,0,0,1,1,50#
6706,$JYJ,13311403224,20111101145014,116.467987,39.952034,429370194,147284031,0,88,0,0,50#
27767,$JYJ,13311403224,20111101145109,116.468048,39.952019,429370448,147284000,10,54,1,1,50#
25737,$JYJ,13311487255,20111101145105,116.461883,39.955185,429347794,147295730,0,14,0,0,50#
69396,$JYJ,13311488114,20111101145257,116.466949,39.950237,429366381,147277439,0,110,0,0,50#
21987,$JYJ,13321174794,20111101145055,116.460564,39.958248,429342915,147307015,0,300,0,0,50#
108100,$JYJ,13331154709,20111101145435,116.460480,39.958050,429342601,147306291,0,22,0,0,50#
22209,$JYJ,13301214098,20111101145557,116.467934,39.951817,429369987,147283245,4,62,0,0,50#
24986,$JYJ,13301214098,20111101145607,116.468002,39.951839,429370246,147283336,13,60,1,1,50#
64188,$JYJ,13301214630,20111101145739,116.463699,39.950600,429354448,147278808,12,68,1,1,50#
57774,$JYJ,13311162440,20111101145728,116.461968,39.954472,429348084,147293095,28,358,1,1,50#
49533,$JYJ,13311162486,20111101145703,116.460182,39.958969,429341519,147309674,30,30,1,1,50#
90272,$JYJ,13311431589,20111101145845,116.461586,39.957535,429346698,147304384,6,162,1,1,50#
37281,$JYJ,13311453453,20111101145637,116.461685,39.955658,429347055,147297446,12,182,0,0,50#
107638,$JYJ,13311453453,20111101145928,116.462013,39.954151,429348241,147291915,6,354,1,1,50#
9085,$JYJ,13321199334,20111101145519,116.466515,39.950413,429364789,147278087,4,188,0,0,50#
20661,$JYJ,13331194131,20111101150053,116.465714,39.951134,429361837,147280729,30,60,0,0,50#
114613,$JYJ,13331194319,20111101150500,116.466965,39.950638,429366441,147278889,0,318,0,0,50#
59594,$JYJ,13331194874,20111101150206,116.467949,39.952015,429370082,147283974,4,242,0,0,50#
34136,$JYJ,13301214268,20111101150630,116.460136,39.958328,429341358,147307311,13,134,0,0,50#
76191,$JYJ,13311162423,20111101150817,116.461800,39.956478,429347452,147300492,13,170,1,1,50#
6592,$JYJ,13311431013,20111101150519,116.465767,39.950859,429362059,147279721,0,246,0,0,50#
54022,$JYJ,13311431013,20111101150723,116.466835,39.951034,429365990,147280376,13,282,1,1,50#
92250,$JYJ,13311486372,20111101151419,116.461937,39.954975,429347959,147294935,0,348,1,1,50#
82777,$JYJ,13311495334,20111101151354,116.461144,39.957886,429345076,147305683,0,0,0,0,50#
29497,$JYJ,13331194818,20111101151120,116.462166,39.953133,429348811,147288154,26,356,1,1,50#
22884,$JYJ,13311021904,20111101151603,116.461113,39.957886,429344942,147305672,15,138,1,1,50#
47526,$JYJ,13311431325,20111101151701,116.460648,39.958096,429343218,147306450,4,346,1,1,50#
91520,$JYJ,13331186140,20111101151855,116.461937,39.955135,429347990,147295525,0,14,0,0,50#
100276,$JYJ,13331186140,20111101151908,116.461937,39.955147,429347978,147295590,8,352,1,1,50#
85553,$JYJ,13331194212,20111101151839,116.461685,39.956772,429347031,147301572,6,224,0,0,50#
16386,$JYJ,13381069144,20111101151545,116.469101,39.955975,429374319,147298573,0,340,0,0,50#
2381,$JYJ,13301157450,20111101152008,116.465019,39.950977,429359295,147280171,4,62,0,0,50#
97570,$JYJ,13311487210,20111101152417,116.461197,39.958962,429345267,147309629,2,78,0,0,50#
5860,$JYJ,13311489445,20111101152017,116.461998,39.954849,429348207,147294477,0,348,0,0,50#
23476,$JYJ,13311495111,20111101152105,116.460503,39.958183,429342694,147306789,8,124,1,1,50#
62069,$JYJ,13321199843,20111101152239,116.460968,39.957687,429344403,147304948,8,350,0,0,50#
63340,$JYJ,13331194212,20111101152247,116.461433,39.957863,429346105,147305601,0,104,1,1,50#
29577,$JYJ,13381068841,20111101152120,116.461998,39.953487,429348188,147289444,0,102,0,0,50#
49703,$JYJ,13301214087,20111101152704,116.461563,39.957668,429346614,147304857,2,280,1,1,50#
78293,$JYJ,13301214748,20111101152823,116.469170,39.955856,429374531,147298125,0,346,0,0,50#
54577,$JYJ,13311426022,20111101152722,116.461815,39.955006,429347525,147295065,0,182,0,0,50#
98011,$JYJ,13311453314,20111101152906,116.461830,39.950020,429347592,147276683,12,246,1,1,50#
93187,$JYJ,13311453352,20111101152858,116.469734,39.952370,429376619,147285277,15,64,0,0,50#
72136,$JYJ,13311487151,20111101152807,116.467354,39.952931,429367865,147287347,0,0,0,0,50#
20412,$JYJ,13311487210,20111101152552,116.460915,39.959213,429344222,147310590,13,22,1,1,50#
21990,$JYJ,13321183490,20111101152600,116.461952,39.953579,429348035,147289799,23,176,1,1,50#
53849,$JYJ,13311021745,20111101153222,116.467850,39.951855,429369696,147283366,0,64,0,0,50#
111315,$JYJ,13311021745,20111101153459,116.467697,39.951981,429369120,147283854,4,250,1,1,50#
4463,$JYJ,13311486250,20111101153008,116.460152,39.951317,429341431,147281485,4,184,0,0,50#
89530,$JYJ,13311489592,20111101153404,116.461883,39.955414,429347788,147296547,17,356,1,1,50#
72122,$JYJ,13311495124,20111101153305,116.461914,39.955181,429347893,147295691,0,354,0,0,50#
106204,$JYJ,13311495124,20111101153441,116.461632,39.957577,429346856,147304536,6,326,1,1,50#
25330,$JYJ,13370122469,20111101153103,116.460236,39.958012,429341745,147306155,8,108,0,0,50#
51627,$JYJ,13370122469,20111101153209,116.460564,39.958126,429342912,147306585,8,118,1,1,50#
54901,$JYJ,13301207486,20111101153718,116.467667,39.950043,429369023,147276708,8,14,1,1,50#
83193,$JYJ,13311020024,20111101153836,116.462082,39.953182,429348512,147288333,0,0,0,0,50#
45570,$JYJ,13311431452,20111101153655,116.468552,39.952141,429372273,147284415,15,64,0,0,50#
70718,$JYJ,13331185840,20111101153805,116.460197,39.958820,429341585,147309134,12,28,1,1,50#
20149,$JYJ,13331191140,20111101153552,116.460335,39.958134,429342098,147306603,2,48,1,1,50#
44895,$JYJ,13301127418,20111101154151,116.460617,39.957859,429343123,147305592,15,126,1,1,50#
49623,$JYJ,13301157411,20111101154203,116.460419,39.958054,429342402,147306297,10,258,1,1,50#
65561,$JYJ,13311486386,20111101154247,116.461617,39.956474,429346797,147300460,10,16,1,1,50#
38920,$JYJ,13311565547,20111101154630,116.460114,39.958695,429341273,147308652,0,128,0,0,50#
4739,$JYJ,13331194284,20111101154509,116.467346,39.951824,429367835,147283285,13,244,1,1,50#
103569,$JYJ,13331194382,20111101154915,116.465263,39.950699,429360196,147279146,0,46,0,0,50#
69719,$JYJ,13331194554,20111101154747,116.461914,39.954861,429347872,147294512,6,350,0,0,50#
50951,$JYJ,13311431564,20111101155206,116.463615,39.959702,429354161,147312334,0,342,0,0,50#
19293,$JYJ,13311431585,20111101155024,116.461937,39.954987,429347957,147294998,12,352,0,0,50#
117723,$JYJ,13311480717,20111101155454,116.463165,39.950314,429352487,147277745,0,54,0,0,50#
75936,$JYJ,13311486500,20111101155312,116.467163,39.951561,429367180,147282323,17,72,0,0,50#
90141,$JYJ,13321164397,20111101155341,116.461937,39.955105,429347968,147295403,0,358,0,0,50#
80690,$JYJ,13370126493,20111101155318,116.461670,39.956188,429346981,147299403,0,164,0,0,50#
64789,$JYJ,13301104115,20111101155740,116.461151,39.956986,429345080,147302360,10,244,0,0,50#
89456,$JYJ,13301104115,20111101155841,116.461113,39.956863,429344957,147301895,2,206,1,1,50#
113564,$JYJ,13301155024,20111101155942,116.461998,39.954231,429348196,147292182,8,344,0,0,50#
40204,$JYJ,13311191404,20111101155638,116.461983,39.954552,429348126,147293366,13,0,0,0,50#
105145,$JYJ,13331156422,20111101155921,116.461632,39.955383,429346862,147296459,8,176,0,0,50#
48529,$JYJ,13331156486,20111101155705,116.460281,39.958111,429341897,147306502,2,48,0,0,50#
9967,$JYJ,13370126493,20111101155520,116.461769,39.955132,429347359,147295521,12,166,1,1,50#
52308,$JYJ,13301155024,20111101160209,116.461670,39.956753,429346994,147301508,6,338,1,1,50#
53669,$JYJ,13301214496,20111101160217,116.463814,39.950474,429354865,147278343,0,74,0,0,50#
75935,$JYJ,13301214496,20111101160308,116.463867,39.950508,429355076,147278446,10,46,1,1,50#
4030,$JYJ,13311191404,20111101160008,116.460197,39.958179,429341565,147306765,21,312,1,1,50#
105160,$JYJ,13311426295,20111101160422,116.460480,39.958012,429342642,147306133,0,112,0,0,50#
20258,$JYJ,13331156422,20111101160028,116.461716,39.955097,429347178,147295381,13,164,1,1,50#
35896,$JYJ,13331194340,20111101160129,116.466568,39.950665,429365010,147279022,4,290,0,0,50#
60076,$JYJ,13331194340,20111101160231,116.466469,39.951130,429364625,147280712,13,18,1,1,50#
9651,$JYJ,13311191445,20111101160520,116.461899,39.954899,429347845,147294643,23,172,1,1,50#
7985,$JYJ,13311403086,20111101160459,116.461731,39.955959,429347200,147298584,6,356,0,0,50#
6515,$JYJ,13311426295,20111101160515,116.460465,39.958126,429342546,147306580,8,128,1,1,50#
52225,$JYJ,13331190104,20111101160715,116.461822,39.954864,429347575,147294542,0,0,0,0,50#
53935,$JYJ,13331190104,20111101160719,116.461822,39.954864,429347538,147294550,0,0,0,0,50#
102322,$JYJ,13331190104,20111101160918,116.461822,39.954864,429347576,147294527,0,0,0,0,50#
106359,$JYJ,13331190104,20111101160930,116.461876,39.954761,429347765,147294163,21,172,1,1,50#
64563,$JYJ,13311492288,20111101161343,116.467415,39.951805,429368113,147283215,21,240,1,1,50#
79290,$JYJ,13311495265,20111101161430,116.461883,39.955265,429347776,147295993,2,2,0,0,50#
59037,$JYJ,13321164560,20111101161313,116.461983,39.954426,429348150,147292914,23,356,1,1,50#
48407,$JYJ,13331154911,20111101161226,116.461784,39.955414,429347397,147296563,2,178,0,0,50#
25052,$JYJ,13301214782,20111101161608,116.461952,39.955013,429348031,147295081,17,172,1,1,50#
36382,$JYJ,13311431424,20111101161631,116.461403,39.956791,429345996,147301626,17,172,1,1,50#
89365,$JYJ,13311453354,20111101161853,116.462219,39.950649,429349029,147279006,0,172,0,0,50#
19791,$JYJ,13311453395,20111101161554,116.467255,39.953300,429367507,147288725,39,164,0,0,50#
46770,$JYJ,13311453395,20111101161706,116.467407,39.952007,429368063,147283963,0,0,0,0,50#
48618,$JYJ,13311453395,20111101161710,116.467407,39.952007,429368086,147283959,0,0,0,0,50#
114814,$JYJ,13311453395,20111101161957,116.467407,39.952007,429368083,147283935,0,0,0,0,50#
99116,$JYJ,13311582140,20111101161916,116.462036,39.953838,429348348,147290734,8,352,1,1,50#
50582,$JYJ,13311162430,20111101162213,116.460251,39.957878,429341760,147305667,2,166,0,0,50#
73789,$JYJ,13311162430,20111101162311,116.460319,39.957645,429342051,147304813,2,156,1,1,50#
3010,$JYJ,13311453395,20111101162008,116.467407,39.952007,429368094,147283965,0,0,0,0,50#
4260,$JYJ,13311453395,20111101162012,116.467407,39.952007,429368062,147283950,0,0,0,0,50#
113918,$JYJ,13311453395,20111101162453,116.467407,39.952007,429368074,147283949,0,0,0,0,50#
96909,$JYJ,13331154774,20111101162409,116.460030,39.958431,429340977,147307714,0,132,0,0,50#
113630,$JYJ,13331154774,20111101162452,116.460030,39.958431,429340969,147307708,0,132,1,1,50#
76405,$JYJ,13331194694,20111101162320,116.460968,39.957279,429344412,147303447,30,272,0,0,50#
107800,$JYJ,13331194868,20111101162439,116.461426,39.957836,429346108,147305478,12,146,0,0,50#
79119,$JYJ,13381096124,20111101162322,116.461983,39.954910,429348165,147294694,0,352,0,0,50#
91513,$JYJ,13301139364,20111101162853,116.461968,39.952381,429348087,147285387,10,172,1,1,50#
106154,$JYJ,13301174908,20111101162929,116.461968,39.954712,429348065,147293973,13,6,0,0,50#
28387,$JYJ,13311453395,20111101162615,116.466324,39.953758,429364094,147290403,0,0,0,0,50#
30166,$JYJ,13311453395,20111101162618,116.466324,39.953758,429364085,147290421,0,0,0,0,50#
102950,$JYJ,13311489324,20111101162926,116.461899,39.955120,429347855,147295462,0,356,0,0,50#
37291,$JYJ,13311495148,20111101162638,116.461563,39.956497,429346605,147300542,0,172,0,0,50#
86667,$JYJ,13331093415,20111101162843,116.460602,39.957924,429343049,147305822,13,10,0,0,50#
60651,$JYJ,13331194694,20111101162723,116.461731,39.956913,429347206,147302100,0,154,1,1,50#
81419,$JYJ,13370122485,20111101162826,116.461784,39.956165,429347411,147299326,10,0,1,1,50#
56348,$JYJ,13381083430,20111101162722,116.467049,39.953018,429366761,147287680,6,200,0,0,50#
76066,$JYJ,13301127440,20111101163318,116.465469,39.950134,429360972,147277054,0,16,0,0,50#
36120,$JYJ,13301155154,20111101163137,116.462067,39.957794,429348433,147305342,2,330,0,0,50#
64803,$JYJ,13301174908,20111101163248,116.460136,39.958805,429341369,147309075,21,40,1,1,50#
28055,$JYJ,13301207495,20111101163117,116.462097,39.956337,429348581,147299952,0,196,0,0,50#
13511,$JYJ,13301214674,20111101163040,116.461334,39.957909,429345751,147305770,13,312,0,0,50#
50983,$JYJ,13301214674,20111101163213,116.460770,39.957954,429343667,147305928,6,314,1,1,50#
102585,$JYJ,13311470474,20111101163432,116.460487,39.958065,429342658,147306341,2,134,0,0,50#
56032,$JYJ,13311563924,20111101163225,116.466667,39.951424,429365345,147281810,23,56,1,1,50#
86251,$JYJ,13311579994,20111101163347,116.466400,39.951206,429364383,147281014,8,74,1,1,50#
106753,$JYJ,13321174839,20111101163440,116.460251,39.958290,429341786,147307192,2,64,0,0,50#
51414,$JYJ,13331093415,20111101163212,116.461883,39.954956,429347763,147294885,26,168,1,1,50#
3678,$JYJ,13301155154,20111101163512,116.460266,39.958836,429341855,147309178,21,30,1,1,50#
81879,$JYJ,13311431325,20111101163928,116.461700,39.955174,429347092,147295677,8,0,1,1,50#
4345,$JYJ,13311470474,20111101163514,116.460876,39.957661,429344063,147304850,4,124,1,1,50#
23825,$JYJ,13321174839,20111101163619,116.460114,39.958420,429341278,147307671,0,316,1,1,50#
68396,$JYJ,13381101734,20111101163859,116.466347,39.951405,429364156,147281741,13,234,0,0,50#
9466,$JYJ,13331184978,20111101164025,116.461502,39.957111,429346371,147302807,12,166,0,0,50#
28914,$JYJ,13331184978,20111101164116,116.461456,39.957008,429346215,147302444,0,0,1,1,50#
95250,$JYJ,13311191490,20111101164909,116.468376,39.951920,429371636,147283607,8,48,1,1,50#
19513,$JYJ,13311453395,20111101164551,116.466324,39.953758,429364112,147290429,0,0,0,0,50#
81151,$JYJ,13311453446,20111101164831,116.466675,39.951435,429365398,147281853,19,50,1,1,50#
39376,$JYJ,13311490947,20111101164641,116.460068,39.958401,429341123,147307597,15,122,1,1,50#
78228,$JYJ,13321164573,20111101164820,116.467514,39.951984,429368471,147283865,15,166,0,0,50#
13494,$JYJ,13301214211,20111101165035,116.467049,39.950707,429366768,147279152,0,342,1,1,50#
71556,$JYJ,13311023864,20111101165306,116.461746,39.955490,429347283,147296845,6,178,0,0,50#
98187,$JYJ,13311023864,20111101165349,116.461815,39.955288,429347531,147296096,12,170,1,1,50#
77841,$JYJ,13311403487,20111101165322,116.463501,39.958118,429353724,147306502,17,234,1,1,50#
34585,$JYJ,13311480743,20111101165110,116.461815,39.955513,429347507,147296928,0,172,0,0,50#
90935,$JYJ,13311489679,20111101165352,116.463135,39.950336,429352380,147277816,0,258,0,0,50#
64391,$JYJ,13321164573,20111101165244,116.461883,39.955132,429347758,147295517,2,2,1,1,50#
83548,$JYJ,13331093479,20111101165332,116.466202,39.950928,429363660,147279986,13,246,1,1,50#
14973,$JYJ,13331194868,20111101165043,116.462616,39.950188,429350481,147277280,0,0,0,0,50#
16310,$JYJ,13331194868,20111101165048,116.462616,39.950188,429350485,147277292,0,0,0,0,50#
70250,$JYJ,13331194868,20111101165303,116.462616,39.950188,429350482,147277300,0,0,0,0,50#
77509,$JYJ,13331194868,20111101165321,116.462616,39.950188,429350477,147277293,0,0,0,0,50#
79150,$JYJ,13331194868,20111101165325,116.462616,39.950188,429350473,147277271,0,0,0,0,50#
89586,$JYJ,13331194868,20111101165350,116.462616,39.950188,429350479,147277269,0,0,0,0,50#
51335,$JYJ,13301127440,20111101165709,116.461098,39.959812,429344898,147312766,32,218,1,1,50#
100674,$JYJ,13301155174,20111101165945,116.469887,39.952557,429377197,147285943,28,64,1,1,50#
50773,$JYJ,13301156649,20111101165705,116.461899,39.955177,429347855,147295683,0,352,0,0,50#
81475,$JYJ,13301156649,20111101165832,116.461914,39.955647,429347904,147297418,8,4,1,1,50#
45421,$JYJ,13311300549,20111101165657,116.461380,39.957783,429345942,147305307,10,134,1,1,50#
78185,$JYJ,13311567142,20111101165823,116.462013,39.954269,429348264,147292335,17,354,1,1,50#
48941,$JYJ,13301156349,20111101170228,116.460381,39.959015,429342247,147309858,12,28,1,1,50#
52028,$JYJ,13311300864,20111101170238,116.460312,39.958393,429341991,147307569,13,130,0,0,50#
80511,$JYJ,13311300864,20111101170346,116.460671,39.958347,429343335,147307376,15,138,1,1,50#
35401,$JYJ,13311453465,20111101170126,116.460152,39.958405,429341401,147307611,25,128,0,0,50#
85695,$JYJ,13311453465,20111101170356,116.461670,39.957146,429346999,147302945,0,162,1,1,50#
56633,$JYJ,13331050134,20111101170247,116.463036,39.950092,429351990,147276925,0,196,0,0,50#
53993,$JYJ,13331154911,20111101170244,116.461334,39.956905,429345778,147302077,2,176,1,1,50#
50039,$JYJ,13381083433,20111101170229,116.461937,39.951591,429347983,147282475,19,6,1,1,50#
40088,$JYJ,13301164969,20111101170638,116.461800,39.956722,429347452,147301384,0,166,0,0,50#
46780,$JYJ,13311453427,20111101170659,116.460251,39.958431,429341772,147307692,0,142,0,0,50#
33533,$JYJ,13311486384,20111101170627,116.461998,39.955475,429348188,147296767,17,174,1,1,50#
75678,$JYJ,13381100794,20111101170812,116.460854,39.957932,429343994,147305865,0,170,1,1,50#
41825,$JYJ,13311300549,20111101171146,116.460762,39.958149,429343650,147306645,23,132,1,1,50#
100949,$JYJ,13321164368,20111101171412,116.460197,39.957977,429341577,147306037,4,188,1,1,50#
83844,$JYJ,13321164858,20111101171326,116.469200,39.955593,429374676,147297139,2,314,0,0,50#
54509,$JYJ,13311480684,20111101171713,116.463814,39.950581,429354870,147278735,0,246,2,0,50#
29600,$JYJ,13301204967,20111101172110,116.464951,39.950970,429359060,147280139,0,234,0,0,50#
10822,$JYJ,13301254509,20111101172013,116.461937,39.955418,429347973,147296583,6,348,0,0,50#
20286,$JYJ,13301254509,20111101172018,116.461952,39.955437,429348013,147296643,0,342,1,1,50#
77240,$JYJ,13331154856,20111101172810,116.460930,39.957100,429344272,147302773,2,168,0,0,50#
100546,$JYJ,13331154856,20111101172906,116.461014,39.957287,429344586,147303487,0,70,1,1,50#
8137,$JYJ,13381101834,20111101173021,116.460709,39.958103,429343452,147306494,0,0,1,1,50#
107188,$JYJ,13301155407,20111101173920,116.465332,39.950394,429360443,147278026,0,344,0,0,50#
91632,$JYJ,13311026455,20111101173846,116.460503,39.959488,429342725,147311598,6,254,1,1,50#
115028,$JYJ,13311489519,20111101173946,116.461449,39.951530,429346190,147282255,13,266,0,0,50#
40771,$JYJ,13311495375,20111101173513,116.460869,39.957848,429344039,147305525,2,136,0,0,50#
10012,$JYJ,13331154786,20111101173527,116.465301,39.950546,429360319,147278598,0,342,0,0,50#
75973,$JYJ,13311191469,20111101174306,116.461899,39.954140,429347820,147291845,0,182,0,0,50#
36477,$JYJ,13311579641,20111101174128,116.461586,39.957470,429346699,147304134,0,162,0,0,50#
49913,$JYJ,13311579641,20111101174204,116.461586,39.957470,429346704,147304146,0,172,1,1,50#
5594,$JYJ,13331194914,20111101174010,116.460434,39.959396,429342441,147311253,2,212,1,1,50#
56869,$JYJ,13370129524,20111101174217,116.462250,39.950737,429349127,147279299,0,176,1,1,50#
20845,$JYJ,13381100549,20111101174049,116.465301,39.950584,429360341,147278727,0,342,0,0,50#
49391,$JYJ,13381100549,20111101174200,116.465500,39.951023,429361060,147280353,23,68,1,1,50#
105068,$JYJ,13301155407,20111101174925,116.465332,39.950455,429360443,147278259,13,162,1,1,50#
41395,$JYJ,13301254498,20111101174646,116.462700,39.950134,429350784,147277100,6,96,1,1,50#
29900,$JYJ,13311191469,20111101174617,116.461853,39.955486,429347663,147296810,2,4,1,1,50#
108962,$JYJ,13331194737,20111101175932,116.464500,39.950409,429357412,147278075,2,68,0,0,50#
106670,$JYJ,13311403533,20111101180426,116.462448,39.952683,429349830,147286487,0,70,0,0,50#
35294,$JYJ,13331194322,20111101180129,116.465218,39.950596,429360018,147278756,2,142,0,0,50#
26972,$JYJ,13311470450,20111101181109,116.465424,39.951130,429360800,147280738,0,0,0,0,50#
61602,$JYJ,13311470450,20111101181236,116.465591,39.951092,429361386,147280585,15,64,1,1,50#
65456,$JYJ,13331154841,20111101181245,116.462120,39.950703,429348666,147279197,13,352,1,1,50#
16353,$JYJ,13311492233,20111101182044,116.468086,39.952114,429370570,147284339,8,252,1,1,50#
24740,$JYJ,13331194634,20111101182105,116.462036,39.952942,429348329,147287449,8,354,1,1,50#
114983,$JYJ,13331184844,20111101182947,116.468063,39.954182,429370465,147291959,8,102,0,0,50#
119678,$JYJ,13381153629,20111101182954,116.462097,39.953064,429348573,147287880,12,348,1,1,50#
20979,$JYJ,13311020294,20111101183051,116.461731,39.955441,429347214,147296672,17,174,0,0,50#
30740,$JYJ,13311020294,20111101183119,116.461700,39.955315,429347118,147296184,8,168,1,1,50#
73004,$JYJ,13311495308,20111101183800,116.461304,39.957733,429345638,147305102,6,312,0,0,50#
92252,$JYJ,13311495308,20111101183846,116.460915,39.957924,429344217,147305834,19,308,1,1,50#
62925,$JYJ,13301104013,20111101184238,116.461334,39.957939,429345778,147305860,0,210,0,0,50#
64044,$JYJ,13301104013,20111101184242,116.461334,39.957939,429345771,147305872,0,300,1,1,50#
83014,$JYJ,13311486510,20111101184324,116.469986,39.952564,429377556,147285971,10,74,0,0,50#
28274,$JYJ,13311492170,20111101184109,116.462036,39.953175,429348333,147288315,17,352,1,1,50#
35666,$JYJ,13321174883,20111101184132,116.468948,39.956448,429373750,147300319,0,14,0,0,50#
56636,$JYJ,13331194433,20111101184223,116.461136,39.958958,429345039,147309639,2,356,0,0,50#
19916,$JYJ,13301214876,20111101184551,116.469360,39.955311,429375242,147296120,0,0,0,0,50#
12637,$JYJ,13331093442,20111101184533,116.466499,39.951511,429364746,147282123,0,244,0,0,50#
71450,$JYJ,13331184989,20111101184757,116.467201,39.951725,429367327,147282919,0,0,0,0,50#
89459,$JYJ,13301125435,20111101185340,116.460716,39.959583,429343498,147311947,0,216,0,0,50#
87111,$JYJ,13311020944,20111101185337,116.465103,39.953239,429359618,147288507,43,66,0,0,50#
57269,$JYJ,13311403162,20111101185205,116.461853,39.956314,429347675,147299894,12,348,1,1,50#
19787,$JYJ,13311489487,20111101185051,116.462898,39.950382,429351513,147277993,0,252,1,1,50#
70581,$JYJ,13331093442,20111101185252,116.463615,39.950588,429354145,147278758,0,246,1,1,50#
73465,$JYJ,13331194117,20111101185259,116.465248,39.950829,429360155,147279618,4,336,1,1,50#
105478,$JYJ,13381100914,20111101185417,116.461418,39.957703,429346076,147304984,0,280,0,0,50#
48974,$JYJ,13301156764,20111101185658,116.461830,39.955402,429347591,147296521,10,198,1,1,50#
7076,$JYJ,13311020944,20111101185515,116.461998,39.954262,429348177,147292326,0,356,1,1,50#
119699,$JYJ,13311495076,20111101185956,116.461182,39.957752,429345221,147305180,0,122,0,0,50#
35695,$JYJ,13311495341,20111101185631,116.468010,39.952091,429370296,147284259,17,246,1,1,50#
92887,$JYJ,13321164486,20111101185850,116.462303,39.950676,429349337,147279105,10,0,1,1,50#
22944,$JYJ,13321164563,20111101185557,116.466583,39.951393,429365043,147281696,21,64,1,1,50#
78202,$JYJ,13321174717,20111101185813,116.460632,39.958179,429343198,147306753,0,178,0,0,50#
89625,$JYJ,13321174717,20111101185838,116.460632,39.958179,429343191,147306764,0,96,1,1,50#
87219,$JYJ,13381100914,20111101185835,116.460671,39.957695,429343319,147304962,15,302,1,1,50#
27660,$JYJ,13311489643,20111101190113,116.468231,39.951870,429371093,147283421,0,66,0,0,50#
22181,$JYJ,13311495076,20111101190059,116.461220,39.957771,429345354,147305264,10,318,1,1,50#
12877,$JYJ,13311403253,20111101190534,116.460182,39.958385,429341526,147307519,0,180,1,1,50#
112974,$JYJ,13321174892,20111101190943,116.461319,39.958805,429345702,147309058,0,124,0,0,50#
18092,$JYJ,13311489609,20111101191050,116.463532,39.950478,429353813,147278349,8,48,1,1,50#
44895,$JYJ,13381095346,20111101191152,116.465202,39.950478,429359993,147278319,12,168,0,0,50#
36670,$JYJ,13301157467,20111101191630,116.460083,39.958946,429341183,147309613,10,212,1,1,50#
119762,$JYJ,13311191425,20111101191958,116.461472,39.957768,429346265,147305224,25,124,1,1,50#
80983,$JYJ,13311453456,20111101191822,116.461204,39.958870,429345303,147309317,6,126,0,0,50#
62098,$JYJ,13321174892,20111101191737,116.461334,39.958820,429345767,147309125,0,38,1,1,50#
16979,$JYJ,13311403232,20111101192042,116.469948,39.952705,429377390,147286490,12,252,1,1,50#
35771,$JYJ,13311403692,20111101192128,116.469887,39.952499,429377168,147285733,15,62,1,1,50#
93841,$JYJ,13311431125,20111101192352,116.462585,39.950088,429350339,147276904,2,56,0,0,50#
11662,$JYJ,13311453456,20111101192031,116.460800,39.959316,429343799,147310960,0,0,1,1,50#
37492,$JYJ,13311487291,20111101192132,116.461700,39.956806,429347096,147301682,15,358,1,1,50#
106789,$JYJ,13301156482,20111101192923,116.461685,39.955673,429347032,147297512,8,174,1,1,50#
22891,$JYJ,13301164993,20111101192557,116.468063,39.952015,429370498,147283966,13,246,1,1,50#
108660,$JYJ,13301214009,20111101192927,116.469330,39.957352,429375126,147303645,0,48,0,0,50#
20570,$JYJ,13301214225,20111101192539,116.465187,39.950420,429359897,147278111,12,152,0,0,50#
65209,$JYJ,13311021024,20111101193245,116.460564,39.959400,429342936,147311272,13,218,1,1,50#
29660,$JYJ,13311022604,20111101193115,116.461914,39.956745,429347883,147301479,0,342,0,0,50#
63089,$JYJ,13311022604,20111101193236,116.461853,39.956501,429347665,147300582,2,14,1,1,50#
83509,$JYJ,13311492163,20111101193324,116.465347,39.950420,429360495,147278103,0,12,1,1,50#
81189,$JYJ,13331185749,20111101193325,116.461014,39.957878,429344564,147305644,0,68,0,0,50#
116703,$JYJ,13381083469,20111101193455,116.468918,39.950371,429373603,147277896,2,44,0,0,50#
90041,$JYJ,13301209476,20111101193841,116.465218,39.950539,429360016,147278543,0,190,0,0,50#
43520,$JYJ,13311431082,20111101193650,116.465965,39.951206,429362757,147281001,38,62,1,1,50#
56837,$JYJ,13311488239,20111101193719,116.464470,39.950016,429357266,147276639,13,82,1,1,50#
27583,$JYJ,13381083469,20111101193609,116.468864,39.950443,429373411,147278164,2,74,1,1,50#
118516,$JYJ,13301214587,20111101194459,116.467453,39.951885,429368254,147283498,15,238,1,1,50#
51549,$JYJ,13311191431,20111101194210,116.462685,39.950550,429350720,147278605,0,42,0,0,50#
118809,$JYJ,13311426203,20111101194456,116.460770,39.958221,429343706,147306909,0,166,0,0,50#
41738,$JYJ,13331194097,20111101194148,116.461601,39.956768,429346741,147301568,0,274,1,1,50#
101778,$JYJ,13301214247,20111101194916,116.460548,39.959114,429342855,147310221,4,56,1,1,50#
7736,$JYJ,13311426203,20111101194521,116.460884,39.958286,429344120,147307144,6,164,1,1,50#
86773,$JYJ,13311426403,20111101194837,116.460671,39.958271,429343322,147307091,0,0,0,0,50#
102793,$JYJ,13311426403,20111101194918,116.460823,39.958420,429343882,147307642,12,130,1,1,50#
58987,$JYJ,13311470442,20111101194724,116.461166,39.958393,429345134,147307558,25,36,1,1,50#
61954,$JYJ,13331093434,20111101194732,116.461449,39.957760,429346171,147305226,0,18,1,1,50#
78869,$JYJ,13331194181,20111101194819,116.462303,39.950169,429349328,147277217,0,264,0,0,50#
39967,$JYJ,13311495099,20111101195138,116.465416,39.951191,429360766,147280974,13,246,1,1,50#
47929,$JYJ,13381235478,20111101195204,116.461685,39.955460,429347065,147296735,0,156,0,0,50#
82138,$JYJ,13311426389,20111101195906,116.465301,39.950180,429360324,147277229,0,166,0,0,50#
67178,$JYJ,13331159489,20111101195824,116.461746,39.956032,429347269,147298827,0,180,0,0,50#
86390,$JYJ,13301156475,20111101200342,116.461151,39.957642,429345085,147304781,4,40,0,0,50#
86739,$JYJ,13311300549,20111101200341,116.460526,39.958378,429342797,147307493,6,22,0,0,50#
1727,$JYJ,13311426087,20111101200003,116.460319,39.958298,429342025,147307190,0,316,0,0,50#
64805,$JYJ,13311492050,20111101200243,116.466980,39.950661,429366519,147279003,10,18,0,0,50#
61548,$JYJ,13331154859,20111101200234,116.460999,39.959000,429344532,147309786,4,138,1,1,50#
4610,$JYJ,13301156475,20111101200512,116.460365,39.958157,429342221,147306670,0,30,1,1,50#
39496,$JYJ,13311566469,20111101200641,116.461433,39.958153,429346118,147306654,0,306,0,0,50#
26433,$JYJ,13331154904,20111101201104,116.460648,39.959122,429343256,147310253,12,136,0,0,50#
72626,$JYJ,13331194634,20111101201303,116.466415,39.951317,429364431,147281416,15,58,1,1,50#
115750,$JYJ,13331194692,20111101201448,116.460785,39.957890,429343740,147305703,4,114,0,0,50#
52837,$JYJ,13311301064,20111101201712,116.461716,39.956150,429347177,147299268,0,8,0,0,50#
16608,$JYJ,13311492102,20111101201540,116.461868,39.954563,429347703,147293435,4,166,1,1,50#
117865,$JYJ,13331191534,20111101201951,116.461334,39.957581,429345740,147304555,10,294,1,1,50#
64876,$JYJ,13370126445,20111101201740,116.460068,39.958858,429341110,147309279,17,36,1,1,50#
56644,$JYJ,13311486266,20111101202222,116.461349,39.957691,429345801,147304952,0,152,0,0,50#
71132,$JYJ,13311486266,20111101202257,116.461380,39.957775,429345920,147305274,0,354,1,1,50#
42314,$JYJ,13311566482,20111101202146,116.460503,39.959381,429342720,147311183,0,180,0,0,50#
24816,$JYJ,13301204836,20111101202604,116.460503,39.958218,429342683,147306923,0,0,1,1,50#
109900,$JYJ,13301214426,20111101202933,116.466469,39.951160,429364627,147280830,8,164,1,1,50#
101739,$JYJ,13311403515,20111101202909,116.460533,39.958534,429342829,147308090,13,96,0,0,50#
113006,$JYJ,13301208469,20111101203441,116.462753,39.950394,429350960,147278045,0,84,0,0,50#
30139,$JYJ,13311403199,20111101203118,116.460434,39.957932,429342432,147305847,2,36,0,0,50#
54515,$JYJ,13311403199,20111101203214,116.460899,39.957985,429344184,147306040,2,58,1,1,50#
63962,$JYJ,13311486302,20111101203243,116.461380,39.957630,429345938,147304722,4,322,0,0,50#
88078,$JYJ,13381066641,20111101203342,116.461067,39.957565,429344784,147304482,0,312,0,0,50#
114393,$JYJ,13301127498,20111101203939,116.465263,39.950256,429360217,147277519,0,168,0,0,50#
108140,$JYJ,13311453323,20111101203926,116.461403,39.957638,429346034,147304748,13,46,1,1,50#
80975,$JYJ,13311487146,20111101203822,116.461365,39.958790,429345869,147309005,0,110,0,0,50#
39031,$JYJ,13301127498,20111101204151,116.468368,39.951950,429371612,147283734,13,64,1,1,50#
18538,$JYJ,13311426013,20111101204100,116.463684,39.950577,429354387,147278695,10,58,1,1,50#
59026,$JYJ,13301214246,20111101204732,116.469498,39.951210,429375760,147280984,8,58,1,1,50#
74021,$JYJ,13311020024,20111101205308,116.461700,39.955677,429347092,147297533,0,0,0,0,50#
12427,$JYJ,13311431363,20111101205029,116.462730,39.950314,429350882,147277733,0,36,0,0,50#
85159,$JYJ,13311431363,20111101205334,116.465317,39.950188,429360397,147277246,10,160,1,1,50#
97693,$JYJ,13311453341,20111101205406,116.465187,39.951149,429359915,147280822,0,250,1,1,50#
70674,$JYJ,13321164339,20111101205258,116.461937,39.954250,429347989,147292278,12,204,1,1,50#
11838,$JYJ,13321183433,20111101205031,116.463867,39.950680,429355062,147279096,41,250,1,1,50#
59774,$JYJ,13311492292,20111101205734,116.460167,39.958233,429341473,147306967,2,294,1,1,50#
61909,$JYJ,13331194299,20111101205739,116.461037,39.958645,429344679,147308462,10,40,1,1,50#
31917,$JYJ,13331194956,20111101205619,116.466865,39.951702,429366089,147282839,0,6,1,1,50#
118494,$JYJ,13321164451,20111101210452,116.468933,39.956245,429373665,147299574,4,20,0,0,50#
119174,$JYJ,13331188524,20111101210959,116.468704,39.952244,429372861,147284804,17,242,1,1,50#
105082,$JYJ,13311486451,20111101211423,116.467384,39.952988,429367973,147287550,0,354,0,0,50#
103441,$JYJ,13331093421,20111101211417,116.466965,39.950630,429366452,147278868,0,0,0,0,50#
104372,$JYJ,13331093421,20111101211421,116.466965,39.950630,429366436,147278892,0,0,0,0,50#
64123,$JYJ,13311431369,20111101211736,116.460465,39.958092,429342565,147306458,0,126,0,0,50#
60804,$JYJ,13311453471,20111101211727,116.462402,39.956978,429349697,147302331,6,306,1,1,50#
93050,$JYJ,13331093421,20111101211847,116.466965,39.950630,429366450,147278864,0,0,0,0,50#
109119,$JYJ,13331093421,20111101211926,116.466850,39.950928,429366045,147279987,19,330,1,1,50#
107183,$JYJ,13311431191,20111101212418,116.460480,39.959248,429342611,147310715,12,212,1,1,50#
31268,$JYJ,13311431369,20111101212107,116.462814,39.952694,429351208,147286508,17,74,1,1,50#
36253,$JYJ,13311453419,20111101212128,116.463486,39.950508,429353652,147278469,0,328,0,0,50#
57772,$JYJ,13311492153,20111101212216,116.461983,39.955013,429348164,147295096,8,4,0,0,50#
120495,$JYJ,13311470476,20111101212956,116.461060,39.958984,429344766,147309720,19,136,0,0,50#
100726,$JYJ,13311492055,20111101212904,116.461464,39.957687,429346257,147304934,4,310,1,1,50#
22942,$JYJ,13311495251,20111101212553,116.465202,39.950695,429359979,147279140,13,344,1,1,50#
105696,$JYJ,13331184983,20111101213414,116.461052,39.957813,429344726,147305398,0,180,0,0,50#
46038,$JYJ,13331194355,20111101213150,116.465332,39.950298,429360442,147277655,0,192,1,1,50#
123144,$JYJ,13331184983,20111101213459,116.461052,39.957813,429344726,147305417,0,216,1,1,50#
2268,$JYJ,13331185084,20111101213504,116.460869,39.957668,429344065,147304887,0,164,0,0,50#
39083,$JYJ,13331187824,20111101213636,116.467346,39.952869,429367857,147287143,21,346,0,0,50#
62524,$JYJ,13311191416,20111101214239,116.467300,39.953056,429367669,147287801,0,140,0,0,50#
80900,$JYJ,13321174686,20111101214320,116.467064,39.950832,429366831,147279637,13,304,0,0,50#
16477,$JYJ,13311191416,20111101214543,116.461822,39.955990,429347540,147298674,8,0,1,1,50#
68895,$JYJ,13311495115,20111101214747,116.467918,39.951817,429369942,147283231,0,252,1,1,50#
48469,$JYJ,13311572554,20111101214701,116.463654,39.950535,429354289,147278545,0,130,0,0,50#
77300,$JYJ,13331093407,20111101214812,116.462448,39.950142,429349863,147277118,0,48,1,1,50#
75063,$JYJ,13381069740,20111101214806,116.464684,39.956131,429358074,147299180,0,154,0,0,50#
71843,$JYJ,13381232460,20111101214758,116.460098,39.958942,429341223,147309569,2,224,1,1,50#
6590,$JYJ,13301214212,20111101215015,116.467201,39.951443,429367298,147281862,4,222,0,0,50#
59973,$JYJ,13301214212,20111101215229,116.467285,39.952396,429367638,147285381,15,166,1,1,50#
8011,$JYJ,13311403774,20111101215016,116.468002,39.952049,429370260,147284098,4,254,1,1,50#
64775,$JYJ,13321174620,20111101215241,116.465385,39.951210,429360661,147281017,6,246,1,1,50#
52279,$JYJ,13381069740,20111101215210,116.461014,39.957909,429344596,147305777,19,306,1,1,50#
72236,$JYJ,13381096040,20111101215256,116.467384,39.951649,429367988,147282617,36,68,0,0,50#
84162,$JYJ,13381096040,20111101215328,116.467903,39.951790,429369881,147283147,15,58,1,1,50#
24539,$JYJ,13311426052,20111101215602,116.461113,39.959846,429344943,147312914,32,220,1,1,50#
54023,$JYJ,13311426376,20111101215718,116.460800,39.957611,429343805,147304667,6,320,0,0,50#
70771,$JYJ,13311489606,20111101215759,116.465248,39.950588,429360143,147278725,0,170,1,1,50#
45814,$JYJ,13311492193,20111101215655,116.460251,39.957989,429341785,147306081,0,126,1,1,50#
106595,$JYJ,13311576934,20111101215929,116.464699,39.951008,429358110,147280300,10,250,1,1,50#
39310,$JYJ,13301125478,20111101220137,116.465515,39.951076,429361110,147280521,36,62,1,1,50#
37739,$JYJ,13301254375,20111101220135,116.464684,39.956127,429358077,147299167,0,50,0,0,50#
120380,$JYJ,13301254375,20111101220457,116.461983,39.953350,429348132,147288938,17,176,1,1,50#
18819,$JYJ,13321174720,20111101220548,116.467781,39.951897,429369443,147283521,2,248,1,1,50#
24078,$JYJ,13311426431,20111101221059,116.467400,39.952782,429368059,147286792,2,332,0,0,50#
93783,$JYJ,13311426431,20111101221358,116.461716,39.956177,429347160,147299384,2,6,1,1,50#
47707,$JYJ,13311489616,20111101221202,116.467407,39.951862,429368079,147283431,21,240,1,1,50#
28739,$JYJ,13301209465,20111101221615,116.468780,39.952259,429373140,147284880,43,246,0,0,50#
40897,$JYJ,13311563924,20111101221640,116.464836,39.950802,429358634,147279525,0,46,0,0,50#
51548,$JYJ,13311563924,20111101221706,116.465263,39.950489,429360206,147278357,26,168,1,1,50#
1813,$JYJ,13311426291,20111101222002,116.460319,39.958076,429342022,147306378,6,72,1,1,50#
77088,$JYJ,13301155134,20111101223312,116.467117,39.951706,429367016,147282856,15,238,1,1,50#
45595,$JYJ,13311020564,20111101223157,116.468986,39.952286,429373879,147284948,12,242,1,1,50#
113874,$JYJ,13321164795,20111101223441,116.464264,39.950451,429356505,147278243,21,60,1,1,50#
12691,$JYJ,13381235421,20111101223030,116.467316,39.951847,429367747,147283364,10,232,1,1,50#
25942,$JYJ,13311576604,20111101223604,116.467453,39.951901,429368232,147283545,15,242,1,1,50#
38063,$JYJ,13370126426,20111101223634,116.461998,39.953892,429348181,147290944,0,358,0,0,50#
68725,$JYJ,13370126426,20111101223755,116.461685,39.956535,429347052,147300701,6,358,1,1,50#
33322,$JYJ,13301272158,20111101224126,116.464966,39.951050,429359108,147280445,12,234,1,1,50#
46861,$JYJ,13311489689,20111101224154,116.460098,39.959187,429341203,147310475,15,212,1,1,50#
36302,$JYJ,13331194355,20111101224129,116.460564,39.959392,429342911,147311241,12,220,1,1,50#
78934,$JYJ,13311426447,20111101224811,116.462234,39.950417,429349049,147278144,0,12,0,0,50#
88264,$JYJ,13311453285,20111101224835,116.460053,39.958775,429341036,147308961,4,216,1,1,50#
61895,$JYJ,13311488219,20111101224733,116.463264,39.950440,429352838,147278192,0,0,0,0,50#
111127,$JYJ,13311488219,20111101224933,116.461800,39.950069,429347473,147276857,21,244,1,1,50#
68448,$JYJ,13331187135,20111101224746,116.461349,39.959942,429345815,147313243,21,206,1,1,50#
20641,$JYJ,13331154945,20111101225050,116.464615,39.956078,429357800,147298964,0,56,0,0,50#
119711,$JYJ,13331154945,20111101225455,116.462418,39.950085,429349752,147276900,10,88,1,1,50#
112551,$JYJ,13331194737,20111101225441,116.465233,39.950634,429360079,147278897,19,164,1,1,50#
72122,$JYJ,13311488231,20111101225806,116.461655,39.950123,429346953,147277067,25,242,1,1,50#
73657,$JYJ,13311489619,20111101225809,116.468948,39.952312,429373755,147285076,8,250,1,1,50#
29690,$JYJ,13331194710,20111101225612,116.465263,39.950981,429360190,147280181,10,34,1,1,50#
112491,$JYJ,13321183471,20111101230444,116.461899,39.956722,429347816,147301392,0,162,1,1,50#
75344,$JYJ,13331194176,20111101230306,116.466637,39.951473,429365262,147282001,19,238,1,1,50#
19736,$JYJ,13321183471,20111101230553,116.462265,39.950317,429349193,147277759,0,176,0,0,50#
96070,$JYJ,13311022754,20111101231359,116.460434,39.958103,429342463,147306502,2,242,1,1,50#
15105,$JYJ,13311403373,20111101231037,116.462120,39.950142,429348658,147277117,17,178,1,1,50#
95993,$JYJ,13331194782,20111101231354,116.461220,39.958763,429345338,147308920,0,124,0,0,50#
77764,$JYJ,13311211734,20111101231818,116.460930,39.959583,429344267,147311951,52,38,0,0,50#
15893,$JYJ,13331194782,20111101231539,116.461197,39.959824,429345252,147312805,21,32,1,1,50#
48658,$JYJ,13331190874,20111101232159,116.469002,39.955952,429373949,147298462,19,148,1,1,50#
7723,$JYJ,13301156945,20111101232518,116.461052,39.957932,429344708,147305846,0,316,0,0,50#
111419,$JYJ,13301214722,20111101232944,116.460152,39.958382,429341396,147307518,17,310,1,1,50#
104569,$JYJ,13321164545,20111101232923,116.461433,39.957577,429346127,147304539,0,314,1,1,50#
60810,$JYJ,13321164865,20111101232736,116.461151,39.959019,429345080,147309867,0,130,0,0,50#
65709,$JYJ,13311492145,20111101233747,116.460236,39.959061,429341730,147310004,34,224,0,0,50#
46661,$JYJ,13311576664,20111101233659,116.460815,39.959435,429343859,147311391,25,34,1,1,50#
55088,$JYJ,13321180432,20111101233720,116.467064,39.950775,429366808,147279407,0,314,0,0,50#
117846,$JYJ,13321180432,20111101234002,116.469353,39.952419,429375206,147285463,17,240,1,1,50#
97524,$JYJ,13301157467,20111101234405,116.461250,39.958782,429345435,147308973,0,20,0,0,50#
74066,$JYJ,13321180240,20111101234306,116.462097,39.953461,429348578,147289365,6,4,0,0,50#
117317,$JYJ,13321180240,20111101234459,116.461220,39.957867,429345321,147305610,17,312,1,1,50#
25270,$JYJ,13321199487,20111101234107,116.460182,39.958321,429341506,147307280,23,308,1,1,50#
38632,$JYJ,13321180403,20111101234644,116.466865,39.950893,429366074,147279842,4,24,0,0,50#
8699,$JYJ,13311495054,20111101235525,116.461014,39.958065,429344604,147306326,2,104,0,0,50#
