4975,$JYJ,13311486475,20111101000012,116.475632,39.899258,429398257,147089412,4,272,0,0,50#
25443,$JYJ,13311565547,20111101000113,116.475418,39.899296,429397461,147089549,0,104,0,0,50#
33434,$JYJ,13331156455,20111101000137,116.477669,39.899383,429405750,147089857,4,50,0,0,50#
16424,$JYJ,13311453436,20111101000554,116.475586,39.899254,429398106,147089394,8,136,0,0,50#
1258,$JYJ,13321164496,20111101000958,116.471298,39.890438,429382346,147056938,0,168,1,1,50#
37783,$JYJ,13321199445,20111101001701,116.471352,39.897133,429382556,147081625,30,358,0,0,50#
41149,$JYJ,13331194639,20111101002214,116.471435,39.896080,429382847,147077716,10,328,0,0,50#
75013,$JYJ,13331194639,20111101002355,116.471397,39.897556,429382729,147083190,30,10,1,1,50#
62585,$JYJ,13331188948,20111101002806,116.471497,39.898933,429383073,147088244,17,180,1,1,50#
7985,$JYJ,13301204939,20111101003518,116.475937,39.899311,429399394,147089602,6,274,1,1,50#
3316,$JYJ,13301214590,20111101003506,116.478332,39.899334,429408193,147089661,17,268,1,1,50#
83056,$JYJ,13301272059,20111101003904,116.471352,39.897713,429382542,147083746,13,174,1,1,50#
28727,$JYJ,13311403078,20111101004120,116.474403,39.899139,429393749,147088991,13,258,1,1,50#
2775,$JYJ,13331156410,20111101004003,116.473930,39.895985,429392005,147077340,38,26,0,0,50#
6646,$JYJ,13331187139,20111101004018,116.471504,39.896126,429383120,147077915,0,0,0,0,50#
38642,$JYJ,13331184802,20111101004652,116.470169,39.899223,429378206,147089320,0,258,0,0,50#
2097,$JYJ,13311403644,20111101005000,116.471466,39.892979,429382980,147066293,0,18,0,0,50#
40438,$JYJ,13311403644,20111101005700,116.471268,39.892292,429382223,147063776,0,184,1,1,50#
72091,$JYJ,13331156480,20111101005840,116.471466,39.898205,429382949,147085561,10,356,1,1,50#
96899,$JYJ,13331187097,20111101005954,116.478569,39.899422,429409037,147089995,4,262,1,1,50#
60998,$JYJ,13381102224,20111101011308,116.479599,39.899345,429412839,147089689,0,98,1,1,50#
16100,$JYJ,13311453277,20111101011546,116.478348,39.897755,429408232,147083823,4,94,0,0,50#
38493,$JYJ,13331156455,20111101012158,116.478867,39.899433,429410168,147090007,4,268,0,0,50#
53446,$JYJ,13311426052,20111101012746,116.473770,39.899143,429391426,147088986,17,266,1,1,50#
90119,$JYJ,13311489386,20111101012945,116.476585,39.898460,429401779,147086468,0,194,0,0,50#
6158,$JYJ,13331063440,20111101012517,116.471222,39.890205,429382063,147056064,0,0,0,0,50#
91967,$JYJ,13311453426,20111101013453,116.475433,39.891788,429397534,147061865,0,94,0,0,50#
77693,$JYJ,13311191468,20111101013910,116.475670,39.899239,429398411,147089326,2,100,0,0,50#
59575,$JYJ,13331194208,20111101013814,116.471634,39.898849,429383562,147087952,0,2,2,0,50#
70452,$JYJ,13331154711,20111101014345,116.473732,39.897804,429391266,147084066,0,270,0,0,50#
60211,$JYJ,13301214874,20111101014813,116.479965,39.897713,429414191,147083667,8,142,0,0,50#
81342,$JYJ,13311486414,20111101014929,116.471313,39.894344,429382388,147071343,15,174,1,1,50#
83136,$JYJ,13311492076,20111101014933,116.475464,39.898682,429397637,147087297,0,96,0,0,50#
886,$JYJ,13311453332,20111101015447,116.478287,39.897701,429408025,147083643,28,264,0,0,50#
21842,$JYJ,13311487270,20111101015609,116.476532,39.897385,429401573,147082476,0,168,0,0,50#
48759,$JYJ,13301214495,20111101020241,116.471588,39.894588,429383399,147072220,21,0,1,1,50#
22625,$JYJ,13311470455,20111101020110,116.474983,39.899235,429395863,147089333,0,88,0,0,50#
67911,$JYJ,13331188514,20111101021848,116.479668,39.899326,429413105,147089620,21,274,1,1,50#
49655,$JYJ,13311470475,20111101022247,116.475532,39.899185,429397906,147089142,8,268,1,1,50#
62480,$JYJ,13381066548,20111101024838,116.479218,39.896645,429411429,147079724,8,94,0,0,50#
20242,$JYJ,13321174726,20111101025613,116.471130,39.891273,429381709,147060030,0,182,0,0,50#
18101,$JYJ,13381096814,20111101031101,116.476700,39.899223,429402196,147089267,0,100,0,0,50#
20035,$JYJ,13331154726,20111101031612,116.475716,39.899277,429398589,147089481,0,278,0,0,50#
10063,$JYJ,13321174708,20111101032531,116.471581,39.896195,429383374,147078153,2,2,0,0,50#
40836,$JYJ,13311453289,20111101033230,116.471291,39.890770,429382308,147058171,49,180,0,0,50#
54575,$JYJ,13381101924,20111101033317,116.475632,39.899315,429398258,147089610,12,260,1,1,50#
53827,$JYJ,13311480765,20111101035319,116.478684,39.899395,429409481,147089873,21,272,1,1,50#
76136,$JYJ,13301214808,20111101040444,116.474716,39.899170,429394900,147089101,13,80,1,1,50#
46839,$JYJ,13321180457,20111101040253,116.476463,39.899468,429401322,147090156,2,266,0,0,50#
61030,$JYJ,13311470393,20111101040855,116.475365,39.898979,429397296,147088380,0,176,0,0,50#
68535,$JYJ,13311495173,20111101040924,116.475685,39.899197,429398442,147089170,0,96,0,0,50#
60830,$JYJ,13311453289,20111101042357,116.478325,39.899437,429408160,147090023,15,272,1,1,50#
58852,$JYJ,13311488201,20111101043347,116.479591,39.899387,429412815,147089828,0,0,0,0,50#
61559,$JYJ,13311488201,20111101043357,116.479591,39.899387,429412798,147089851,0,0,0,0,50#
32791,$JYJ,13311453457,20111101043702,116.475800,39.899223,429398864,147089274,19,94,0,0,50#
5275,$JYJ,13311488201,20111101044019,116.479591,39.899387,429412819,147089828,0,0,0,0,50#
80959,$JYJ,13331154897,20111101050451,116.479683,39.899319,429413151,147089596,2,84,1,1,50#
62852,$JYJ,13370126440,20111101051840,116.479996,39.899322,429414302,147089598,0,0,0,0,50#
30063,$JYJ,13370126440,20111101052144,116.471832,39.899193,429384305,147089211,10,268,1,1,50#
76687,$JYJ,13370126440,20111101052427,116.479614,39.899300,429412894,147089524,0,0,0,0,50#
75654,$JYJ,13311453399,20111101054405,116.476013,39.899372,429399673,147089806,19,268,1,1,50#
41040,$JYJ,13301277713,20111101060208,116.471603,39.894810,429383469,147073037,15,2,1,1,50#
19069,$JYJ,13321164886,20111101062553,116.476570,39.897316,429401713,147082246,15,176,1,1,50#
20652,$JYJ,13370122440,20111101062559,116.471313,39.899216,429382416,147089279,12,270,1,1,50#
73583,$JYJ,13311403097,20111101063334,116.479896,39.899383,429413943,147089820,19,268,1,1,50#
98132,$JYJ,13321191574,20111101063945,116.471169,39.892380,429381882,147064081,12,180,1,1,50#
100430,$JYJ,13301207942,20111101064449,116.478180,39.899334,429407615,147089649,34,266,1,1,50#
36939,$JYJ,13321164571,20111101064146,116.476616,39.898827,429401881,147087806,12,182,0,0,50#
14070,$JYJ,13331184799,20111101065104,116.471497,39.896618,429383058,147079711,4,352,0,0,50#
57659,$JYJ,13311453391,20111101070245,116.471191,39.890079,429381942,147055621,0,0,0,0,50#
34748,$JYJ,13311403369,20111101071139,116.479767,39.897961,429413468,147084572,12,222,1,1,50#
35074,$JYJ,13331194762,20111101072145,116.471420,39.892239,429382800,147063578,0,188,0,0,50#
81890,$JYJ,13311563411,20111101072855,116.475700,39.899262,429398518,147089420,4,76,1,1,50#
30411,$JYJ,13321164462,20111101072627,116.470268,39.899262,429378555,147089461,25,82,1,1,50#
88761,$JYJ,13311022794,20111101074416,116.472832,39.899170,429387964,147089101,19,264,1,1,50#
84937,$JYJ,13321199492,20111101074401,116.471298,39.895843,429382331,147076849,13,176,1,1,50#
1607,$JYJ,13311431471,20111101075004,116.471497,39.895989,429383056,147077386,12,10,1,1,50#
5563,$JYJ,13321164474,20111101075015,116.476463,39.897163,429401325,147081691,0,0,0,0,50#
9500,$JYJ,13321164474,20111101075026,116.476463,39.897163,429401321,147081692,0,0,0,0,50#
10798,$JYJ,13321164474,20111101075030,116.476463,39.897163,429401304,147081679,0,0,0,0,50#
9152,$JYJ,13311426242,20111101075520,116.470566,39.892090,429379656,147063045,30,274,1,1,50#
80220,$JYJ,13301156641,20111101080930,116.471169,39.898880,429381874,147088053,21,176,1,1,50#
15984,$JYJ,13311453401,20111101081052,116.473465,39.897827,429390312,147084151,0,124,0,0,50#
79439,$JYJ,13311453401,20111101081415,116.471634,39.899487,429383577,147090278,17,358,1,1,50#
14786,$JYJ,13311492073,20111101081052,116.471115,39.891308,429381685,147060127,2,182,0,0,50#
967,$JYJ,13301155451,20111101081958,116.476715,39.897922,429402253,147084470,19,0,1,1,50#
2675,$JYJ,13311403185,20111101082006,116.471565,39.895050,429383305,147073943,26,2,0,0,50#
23402,$JYJ,13311403185,20111101082122,116.471565,39.895801,429383343,147076717,17,262,1,1,50#
41538,$JYJ,13311489647,20111101082720,116.479355,39.897759,429411920,147083848,28,94,0,0,50#
12248,$JYJ,13301164915,20111101083535,116.477654,39.899361,429405679,147089764,0,104,0,0,50#
27550,$JYJ,13301164915,20111101083627,116.477654,39.899361,429405672,147089755,0,30,1,1,50#
68282,$JYJ,13311403098,20111101084348,116.477219,39.892105,429404076,147063023,0,270,0,0,50#
77811,$JYJ,13301174965,20111101084941,116.477867,39.890240,429406483,147056121,0,270,2,0,50#
13372,$JYJ,13311403098,20111101084550,116.471947,39.891773,429384715,147061837,10,86,1,1,50#
42062,$JYJ,13321199754,20111101084742,116.474319,39.895801,429393434,147076661,0,92,0,0,50#
38778,$JYJ,13331187844,20111101084728,116.471481,39.890720,429383029,147057967,0,12,0,0,50#
52244,$JYJ,13331188848,20111101085254,116.477364,39.892117,429404634,147063075,21,276,0,0,50#
56217,$JYJ,13311191419,20111101085805,116.471886,39.892021,429384487,147062776,0,262,0,0,50#
23692,$JYJ,13301204934,20111101090121,116.477654,39.899300,429405711,147089537,30,92,0,0,50#
34575,$JYJ,13301204934,20111101090151,116.477882,39.899349,429406553,147089711,12,268,1,1,50#
19666,$JYJ,13301251403,20111101090102,116.471535,39.890789,429383194,147058219,10,16,0,0,50#
46328,$JYJ,13301251403,20111101090248,116.471619,39.891266,429383519,147059970,0,4,1,1,50#
49480,$JYJ,13321164568,20111101090302,116.471207,39.899174,429382009,147089128,19,256,1,1,50#
68816,$JYJ,13301204883,20111101090852,116.471184,39.899113,429381931,147088930,0,276,0,0,50#
32909,$JYJ,13301254332,20111101090649,116.470535,39.892139,429379531,147063227,23,270,1,1,50#
8419,$JYJ,13311453357,20111101090529,116.471298,39.898140,429382328,147085343,4,188,0,0,50#
56406,$JYJ,13311453357,20111101090811,116.471664,39.897980,429383707,147084746,10,352,1,1,50#
41997,$JYJ,13331187132,20111101091206,116.478416,39.892055,429408502,147062828,15,266,1,1,50#
90760,$JYJ,13311426257,20111101091950,116.478485,39.899273,429408739,147089439,0,108,0,0,50#
43429,$JYJ,13311453381,20111101092223,116.478981,39.899429,429410548,147090016,4,272,1,1,50#
4814,$JYJ,13301214100,20111101092513,116.472099,39.890270,429385300,147056295,13,264,1,1,50#
16879,$JYJ,13311426257,20111101092555,116.471313,39.894180,429382399,147070729,30,174,1,1,50#
79001,$JYJ,13311486380,20111101092925,116.473869,39.895748,429391806,147076496,0,96,0,0,50#
12840,$JYJ,13311577043,20111101092542,116.478600,39.899296,429409188,147089504,8,86,0,0,50#
33311,$JYJ,13311577043,20111101092645,116.478584,39.899364,429409091,147089777,12,268,1,1,50#
45451,$JYJ,13331061148,20111101092736,116.478218,39.899288,429407755,147089479,26,88,0,0,50#
61773,$JYJ,13331061148,20111101092828,116.478554,39.899265,429409017,147089417,6,80,1,1,50#
64615,$JYJ,13311403303,20111101093322,116.473503,39.897732,429390434,147083789,13,280,0,0,50#
2118,$JYJ,13311486380,20111101093008,116.473816,39.895801,429391600,147076688,13,268,1,1,50#
18058,$JYJ,13311565834,20111101093054,116.479965,39.891705,429414178,147061502,0,78,0,0,50#
43881,$JYJ,13301214012,20111101093729,116.474281,39.899193,429393317,147089174,0,86,0,0,50#
70975,$JYJ,13301214012,20111101093851,116.476036,39.899303,429399751,147089560,0,82,1,1,50#
33029,$JYJ,13331194997,20111101093653,116.479965,39.898891,429414161,147088000,25,178,0,0,50#
5817,$JYJ,13301130048,20111101094014,116.476829,39.899254,429402685,147089364,15,86,1,1,50#
15924,$JYJ,13311495138,20111101094047,116.471184,39.892181,429381910,147063376,0,170,1,1,50#
41015,$JYJ,13311564407,20111101094210,116.477913,39.890190,429406645,147055958,0,98,0,0,50#
628,$JYJ,13311403303,20111101094500,116.470665,39.892044,429380033,147062876,23,266,1,1,50#
18063,$JYJ,13311453451,20111101094553,116.471031,39.895771,429381345,147076612,4,276,1,1,50#
89073,$JYJ,13311403764,20111101095425,116.479584,39.899158,429412788,147089013,12,254,1,1,50#
63300,$JYJ,13301164915,20111101095817,116.478767,39.899311,429409795,147089573,0,90,0,0,50#
89733,$JYJ,13301164915,20111101095937,116.479485,39.897804,429412397,147084010,4,256,1,1,50#
55817,$JYJ,13311426137,20111101095754,116.473732,39.891956,429391296,147062502,52,272,0,0,50#
8529,$JYJ,13311431411,20111101095523,116.471550,39.890270,429383257,147056324,0,0,1,1,50#
80133,$JYJ,13331194361,20111101095912,116.471382,39.896191,429382668,147078132,12,180,0,0,50#
82287,$JYJ,13311488196,20111101100440,116.471115,39.891071,429381658,147059281,0,186,0,0,50#
19527,$JYJ,13311495268,20111101100101,116.471466,39.890472,429382954,147057069,8,8,1,1,50#
6971,$JYJ,13321174691,20111101100019,116.471283,39.892185,429382295,147063378,2,244,1,1,50#
2712,$JYJ,13331159492,20111101100005,116.472549,39.892090,429386950,147063022,6,266,1,1,50#
44608,$JYJ,13331194057,20111101100216,116.477982,39.899410,429406905,147089930,28,266,1,1,50#
44747,$JYJ,13301214782,20111101100738,116.479950,39.898308,429414131,147085844,17,182,0,0,50#
60962,$JYJ,13301214782,20111101100840,116.479652,39.897934,429413032,147084494,19,266,1,1,50#
34620,$JYJ,13311403090,20111101100707,116.471252,39.894031,429382196,147070186,21,182,1,1,50#
28665,$JYJ,13311453400,20111101101140,116.479958,39.899391,429414158,147089837,0,0,1,1,50#
38079,$JYJ,13301164125,20111101101657,116.478798,39.897785,429409899,147083950,17,88,0,0,50#
81570,$JYJ,13301214655,20111101101927,116.471031,39.899437,429381362,147090107,19,264,1,1,50#
44963,$JYJ,13311426330,20111101101721,116.477936,39.899277,429406746,147089441,0,178,0,0,50#
46697,$JYJ,13331194800,20111101101728,116.473198,39.899185,429389331,147089158,0,266,1,1,50#
15624,$JYJ,13301133054,20111101102047,116.476219,39.899262,429400417,147089418,0,108,0,0,50#
60353,$JYJ,13301184022,20111101102311,116.479950,39.899372,429414110,147089774,15,262,1,1,50#
77299,$JYJ,13311489592,20111101102407,116.471603,39.897812,429383470,147084124,8,4,1,1,50#
3130,$JYJ,13311490931,20111101102011,116.477913,39.897594,429406639,147083264,15,88,1,1,50#
55306,$JYJ,13311578044,20111101103259,116.471115,39.891190,429381688,147059720,0,194,0,0,50#
11053,$JYJ,13331159479,20111101103036,116.471100,39.890778,429381633,147058203,6,178,1,1,50#
25816,$JYJ,13321164441,20111101103621,116.471786,39.890175,429384155,147055955,0,318,1,1,50#
17855,$JYJ,13301251479,20111101105051,116.479919,39.898933,429414008,147088149,23,348,0,0,50#
71482,$JYJ,13301251479,20111101105336,116.473747,39.899231,429391354,147089336,13,264,1,1,50#
95474,$JYJ,13331194454,20111101105452,116.471199,39.890335,429381993,147056571,0,178,0,0,50#
90218,$JYJ,13311489411,20111101105942,116.479080,39.897888,429410933,147084330,0,100,0,0,50#
34280,$JYJ,13331194448,20111101105653,116.479881,39.899281,429413882,147089445,0,124,0,0,50#
57474,$JYJ,13301254282,20111101110255,116.479187,39.897945,429411343,147084546,6,286,0,0,50#
78294,$JYJ,13311426256,20111101110400,116.470230,39.899273,429378436,147089505,4,274,0,0,50#
61552,$JYJ,13311488127,20111101110310,116.470985,39.892063,429381202,147062937,12,250,1,1,50#
67457,$JYJ,13311489411,20111101110327,116.478615,39.899246,429409210,147089332,2,252,1,1,50#
31468,$JYJ,13311403308,20111101110637,116.470482,39.892059,429379360,147062934,15,268,1,1,50#
20676,$JYJ,13311489624,20111101110610,116.477280,39.892078,429404334,147062928,0,0,0,0,50#
72630,$JYJ,13311489346,20111101111335,116.478470,39.897785,429408710,147083955,32,88,0,0,50#
61147,$JYJ,13311480693,20111101111827,116.478447,39.899357,429408618,147089744,6,270,1,1,50#
82287,$JYJ,13311487254,20111101111951,116.476463,39.899235,429401315,147089295,0,100,0,0,50#
6257,$JYJ,13321174691,20111101111512,116.471268,39.895149,429382214,147074303,2,310,1,1,50#
46902,$JYJ,13331154827,20111101111730,116.471298,39.892658,429382344,147065128,15,188,1,1,50#
19362,$JYJ,13311487254,20111101112105,116.476486,39.899216,429401425,147089229,13,82,1,1,50#
36999,$JYJ,13311489558,20111101112207,116.470337,39.892067,429378804,147062958,23,270,0,0,50#
2819,$JYJ,13381077432,20111101112004,116.473984,39.899262,429392228,147089425,23,266,1,1,50#
41858,$JYJ,13301164944,20111101112659,116.478363,39.899357,429408300,147089758,0,102,0,0,50#
83470,$JYJ,13301214528,20111101112911,116.479019,39.897861,429410707,147084207,26,86,0,0,50#
12414,$JYJ,13311563747,20111101112536,116.478516,39.899532,429408872,147090391,28,32,0,0,50#
67846,$JYJ,13321199804,20111101112829,116.471748,39.897743,429383993,147083865,0,12,1,1,50#
75017,$JYJ,13331194995,20111101112751,116.471298,39.895699,429382356,147076316,15,188,1,1,50#
40483,$JYJ,13311489300,20111101113203,116.479713,39.899548,429413267,147090439,13,254,1,1,50#
32116,$JYJ,13331188564,20111101113132,116.479019,39.891758,429410693,147061735,34,92,0,0,50#
73974,$JYJ,13311403656,20111101114339,116.470947,39.892223,429381073,147063534,12,244,0,0,50#
84842,$JYJ,13321183461,20111101114417,116.479935,39.899322,429414074,147089584,21,182,0,0,50#
96420,$JYJ,13381232496,20111101114447,116.479980,39.898731,429414220,147087411,15,358,1,1,50#
50312,$JYJ,13301214102,20111101115227,116.471313,39.891430,429382392,147060575,19,180,0,0,50#
88240,$JYJ,13311022734,20111101115422,116.478348,39.899361,429408222,147089760,15,264,1,1,50#
68276,$JYJ,13311492283,20111101115820,116.471252,39.890396,429382152,147056779,15,176,0,0,50#
93822,$JYJ,13311570478,20111101115939,116.476402,39.899357,429401095,147089761,34,306,1,1,50#
80833,$JYJ,13311579641,20111101115904,116.471420,39.892815,429382796,147065709,13,196,0,0,50#
71448,$JYJ,13331187139,20111101115835,116.471283,39.895771,429382286,147076587,17,164,1,1,50#
44324,$JYJ,13311403225,20111101120217,116.475082,39.894859,429396234,147073209,4,356,0,0,50#
20815,$JYJ,13381063241,20111101120106,116.471664,39.896858,429383707,147080614,0,2,0,0,50#
61515,$JYJ,13311022734,20111101120838,116.471397,39.898388,429382689,147086244,43,182,0,0,50#
73622,$JYJ,13311480690,20111101120928,116.475052,39.891384,429396140,147060388,13,94,0,0,50#
72375,$JYJ,13321199846,20111101120923,116.471581,39.892151,429383396,147063230,12,334,1,1,50#
13793,$JYJ,13331093405,20111101120551,116.471268,39.894943,429382241,147073528,30,178,1,1,50#
57583,$JYJ,13331156462,20111101121333,116.476090,39.899303,429399940,147089563,17,264,1,1,50#
39309,$JYJ,13331194658,20111101121222,116.476402,39.897610,429401113,147083309,0,214,0,0,50#
20552,$JYJ,13331187139,20111101122106,116.474785,39.895855,429395162,147076877,4,132,0,0,50#
32620,$JYJ,13381095994,20111101122157,116.471817,39.895989,429384260,147077399,0,320,1,1,50#
37872,$JYJ,13301214130,20111101122736,116.474319,39.891773,429393461,147061840,0,94,0,0,50#
11238,$JYJ,13301254272,20111101122546,116.473381,39.897861,429390016,147084282,6,300,1,1,50#
25689,$JYJ,13311426349,20111101123631,116.471581,39.891392,429383373,147060441,19,0,1,1,50#
6499,$JYJ,13370122466,20111101123509,116.471832,39.895958,429384314,147077278,2,26,0,0,50#
63027,$JYJ,13311453415,20111101124329,116.475052,39.897930,429396148,147084531,2,214,0,0,50#
19385,$JYJ,13311495179,20111101124105,116.473564,39.898296,429390681,147085883,0,334,0,0,50#
17236,$JYJ,13311191464,20111101124553,116.470100,39.895847,429377954,147076898,2,84,0,0,50#
76786,$JYJ,13311495248,20111101124911,116.471146,39.891071,429381798,147059284,0,0,0,0,50#
33666,$JYJ,13321199463,20111101124646,116.471252,39.891708,429382152,147061633,12,148,0,0,50#
51765,$JYJ,13321199463,20111101124744,116.471230,39.891438,429382094,147060603,12,174,1,1,50#
84548,$JYJ,13331111464,20111101124934,116.471550,39.890961,429383262,147058845,13,350,1,1,50#
36417,$JYJ,13301128446,20111101125201,116.471931,39.890346,429384674,147056595,0,268,0,0,50#
10333,$JYJ,13311022284,20111101125036,116.471153,39.891491,429381802,147060801,0,0,0,0,50#
66520,$JYJ,13311191408,20111101125346,116.474709,39.899223,429394885,147089303,6,92,0,0,50#
68980,$JYJ,13311495028,20111101125354,116.478416,39.899368,429408483,147089798,0,128,0,0,50#
19267,$JYJ,13370122492,20111101125513,116.476730,39.897835,429402297,147084132,12,222,1,1,50#
2625,$JYJ,13311489673,20111101130004,116.471169,39.893570,429381877,147068465,21,172,0,0,50#
67256,$JYJ,13301155467,20111101130810,116.471367,39.892776,429382604,147065562,21,184,1,1,50#
75115,$JYJ,13311453289,20111101130903,116.471527,39.890778,429383191,147058174,0,0,1,1,50#
19065,$JYJ,13331159491,20111101130602,116.475937,39.899200,429399366,147089196,10,260,1,1,50#
50144,$JYJ,13381063304,20111101131228,116.473549,39.893478,429390610,147068135,8,258,0,0,50#
45752,$JYJ,13321174726,20111101131738,116.478813,39.899303,429409942,147089546,12,268,1,1,50#
23647,$JYJ,13381100549,20111101131624,116.474731,39.890282,429394964,147056339,23,268,1,1,50#
43598,$JYJ,13301155347,20111101132218,116.475983,39.899239,429399547,147089338,12,218,1,1,50#
46411,$JYJ,13381063104,20111101132226,116.471214,39.892334,429382054,147063933,17,188,1,1,50#
41396,$JYJ,13311492171,20111101132710,116.471199,39.891308,429381976,147060157,15,180,0,0,50#
95724,$JYJ,13331063452,20111101132956,116.471199,39.890148,429381983,147055852,28,180,0,0,50#
17944,$JYJ,13381232467,20111101132556,116.471313,39.894959,429382414,147073603,41,182,0,0,50#
79969,$JYJ,13301156341,20111101133400,116.476570,39.898987,429401709,147088399,4,182,2,0,50#
49944,$JYJ,13311581343,20111101133226,116.471283,39.897209,429382295,147081911,12,6,1,1,50#
18004,$JYJ,13331194101,20111101133051,116.471313,39.894424,429382384,147071624,13,176,1,1,50#
57245,$JYJ,13301156341,20111101133801,116.478668,39.899368,429409413,147089787,17,272,2,0,50#
15070,$JYJ,13301214861,20111101133550,116.471184,39.892376,429381915,147064092,8,186,0,0,50#
40240,$JYJ,13301214772,20111101134200,116.476501,39.898708,429401464,147087376,17,178,1,1,50#
42322,$JYJ,13311486448,20111101134212,116.471100,39.890072,429381625,147055587,0,198,0,0,50#
46073,$JYJ,13321174649,20111101134216,116.472351,39.890102,429386199,147055689,2,8,1,1,50#
96921,$JYJ,13381063104,20111101134456,116.471581,39.896847,429383381,147080563,0,356,0,0,50#
49055,$JYJ,13311211254,20111101134729,116.472015,39.899250,429384977,147089408,17,100,0,0,50#
88400,$JYJ,13311431381,20111101134943,116.474716,39.897995,429394885,147084753,13,266,0,0,50#
5017,$JYJ,13381063104,20111101134515,116.471581,39.897076,429383400,147081389,21,356,1,1,50#
18350,$JYJ,13311431381,20111101135052,116.474785,39.897915,429395134,147084466,12,86,1,1,50#
84737,$JYJ,13331194368,20111101135431,116.471420,39.897911,429382788,147084496,21,176,1,1,50#
14983,$JYJ,13311489528,20111101135554,116.472832,39.899056,429387968,147088697,0,100,0,0,50#
27380,$JYJ,13311566247,20111101135633,116.474716,39.899300,429394882,147089572,0,78,0,0,50#
17489,$JYJ,13331063494,20111101140052,116.470848,39.892078,429380677,147062994,17,260,1,1,50#
55599,$JYJ,13331194463,20111101140258,116.471298,39.890781,429382352,147058203,0,180,0,0,50#
34622,$JYJ,13311431381,20111101140654,116.471252,39.894356,429382194,147071392,19,180,1,1,50#
4718,$JYJ,13311495028,20111101141017,116.471581,39.899288,429383395,147089569,2,98,0,0,50#
66218,$JYJ,13331186614,20111101141837,116.475883,39.899284,429399185,147089498,25,84,1,1,50#
11811,$JYJ,13331194874,20111101141533,116.471153,39.893177,429381827,147067017,2,138,1,1,50#
98179,$JYJ,13301157421,20111101142457,116.478119,39.899288,429407380,147089486,21,144,0,0,50#
76755,$JYJ,13311162402,20111101142352,116.478035,39.899040,429407102,147088563,4,108,0,0,50#
47571,$JYJ,13311453389,20111101142220,116.473419,39.898296,429390144,147085876,0,0,0,0,50#
50653,$JYJ,13311495351,20111101142223,116.479515,39.892063,429412539,147062832,0,274,1,1,50#
12412,$JYJ,13301127491,20111101142534,116.471581,39.897545,429383402,147083146,4,350,1,1,50#
101414,$JYJ,13301157421,20111101142937,116.479881,39.897881,429413868,147084290,12,270,1,1,50#
64578,$JYJ,13331187068,20111101142812,116.474663,39.899307,429394725,147089606,4,272,0,0,50#
82178,$JYJ,13370189182,20111101142855,116.471573,39.895870,429383373,147076942,12,62,0,0,50#
105829,$JYJ,13381153629,20111101142954,116.473503,39.892021,429390459,147062760,17,268,1,1,50#
28931,$JYJ,13301214011,20111101143111,116.471619,39.894058,429383512,147070262,30,6,0,0,50#
71603,$JYJ,13311426019,20111101143757,116.476547,39.899082,429401645,147088750,17,178,0,0,50#
102644,$JYJ,13311453251,20111101143914,116.471199,39.891529,429381975,147060949,6,186,0,0,50#
94625,$JYJ,13311489616,20111101143858,116.471085,39.891193,429381554,147059716,0,0,0,0,50#
104584,$JYJ,13321174834,20111101143922,116.471214,39.894989,429382042,147073706,26,186,1,1,50#
41850,$JYJ,13331159487,20111101143641,116.472702,39.891815,429387508,147061987,23,86,1,1,50#
40887,$JYJ,13311426019,20111101144137,116.471100,39.892261,429381631,147063648,6,186,1,1,50#
17547,$JYJ,13311489616,20111101144047,116.471024,39.890533,429381338,147057296,15,168,1,1,50#
31869,$JYJ,13331063440,20111101144122,116.478394,39.899239,429408415,147089300,0,52,0,0,50#
23080,$JYJ,13311453251,20111101144542,116.471550,39.897938,429383289,147084565,6,2,1,1,50#
110353,$JYJ,13311489632,20111101144936,116.470100,39.899147,429377931,147089046,0,258,0,0,50#
62793,$JYJ,13311489632,20111101145240,116.471298,39.898136,429382344,147085297,10,188,1,1,50#
27581,$JYJ,13311492189,20111101145112,116.477524,39.891174,429405191,147059594,0,0,0,0,50#
52917,$JYJ,13311488227,20111101145710,116.479919,39.897232,429414033,147081890,0,170,0,0,50#
78180,$JYJ,13311488227,20111101145812,116.479752,39.897533,429413384,147082990,10,20,1,1,50#
6586,$JYJ,13311191441,20111101150013,116.471184,39.891560,429381918,147061077,0,196,0,0,50#
48535,$JYJ,13311191441,20111101150202,116.471153,39.890331,429381800,147056555,8,176,1,1,50#
16330,$JYJ,13311211145,20111101150543,116.471130,39.894329,429381721,147071284,8,126,0,0,50#
25174,$JYJ,13311211145,20111101150607,116.471169,39.892487,429381872,147064502,15,178,1,1,50#
53392,$JYJ,13311403775,20111101150718,116.479233,39.899296,429411470,147089512,0,92,0,0,50#
114005,$JYJ,13311403775,20111101150946,116.472984,39.899265,429388544,147089460,17,262,1,1,50#
20744,$JYJ,13311426299,20111101150600,116.470184,39.891853,429378232,147062161,0,86,0,0,50#
69717,$JYJ,13311426299,20111101150758,116.479767,39.891823,429413452,147061959,4,48,1,1,50#
58903,$JYJ,13311431563,20111101150735,116.478416,39.899364,429408491,147089778,23,270,1,1,50#
109372,$JYJ,13311563455,20111101150934,116.471550,39.891232,429383271,147059872,0,358,0,0,50#
45130,$JYJ,13311022194,20111101151206,116.471550,39.897385,429383263,147082553,32,358,1,1,50#
770,$JYJ,13311495380,20111101150959,116.471352,39.892719,429382548,147065328,10,180,0,0,50#
5949,$JYJ,13301214729,20111101151514,116.479416,39.897572,429412164,147083149,2,130,0,0,50#
32441,$JYJ,13301214729,20111101151611,116.479553,39.897625,429412646,147083348,15,76,1,1,50#
21737,$JYJ,13311403135,20111101151555,116.471901,39.899216,429384571,147089272,15,280,1,1,50#
56076,$JYJ,13311489511,20111101151726,116.478684,39.899368,429409469,147089795,17,238,1,1,50#
34450,$JYJ,13331154868,20111101151627,116.471703,39.897678,429383835,147083637,19,92,0,0,50#
74428,$JYJ,13331154868,20111101151806,116.473152,39.897804,429389143,147084059,8,262,1,1,50#
111934,$JYJ,13381102654,20111101151947,116.471252,39.892750,429382181,147065455,8,162,0,0,50#
98500,$JYJ,13311403100,20111101152423,116.473518,39.897854,429390509,147084257,0,66,0,0,50#
23428,$JYJ,13311488206,20111101152047,116.472183,39.896069,429385617,147077688,2,28,0,0,50#
42547,$JYJ,13311488206,20111101152150,116.472130,39.896091,429385381,147077782,0,26,1,1,50#
875,$JYJ,13301214011,20111101152459,116.470413,39.892105,429379090,147063076,30,270,0,0,50#
48058,$JYJ,13311021084,20111101152658,116.472717,39.895393,429387569,147075204,10,82,1,1,50#
25191,$JYJ,13311403100,20111101152608,116.476364,39.897819,429400951,147084098,12,86,1,1,50#
9628,$JYJ,13311492106,20111101152522,116.479919,39.898720,429414026,147087369,0,20,0,0,50#
53251,$JYJ,13311492106,20111101152713,116.478653,39.899311,429409379,147089558,4,266,1,1,50#
40646,$JYJ,13311495049,20111101153142,116.470367,39.899193,429378945,147089231,0,0,1,1,50#
28277,$JYJ,13311495356,20111101153109,116.475632,39.898964,429398282,147088334,2,116,0,0,50#
50047,$JYJ,13311495356,20111101153203,116.475670,39.898979,429398396,147088362,13,86,1,1,50#
12246,$JYJ,13331194608,20111101153026,116.471481,39.894463,429383005,147071778,0,184,1,1,50#
58931,$JYJ,13311431400,20111101153733,116.470314,39.892159,429378705,147063277,15,252,1,1,50#
5724,$JYJ,13311403057,20111101154015,116.473534,39.898155,429390542,147085358,2,320,0,0,50#
60192,$JYJ,13311403057,20111101154230,116.471947,39.898060,429384737,147085028,10,354,1,1,50#
73477,$JYJ,13311453310,20111101154256,116.472168,39.891762,429385525,147061801,21,88,1,1,50#
81137,$JYJ,13331156414,20111101154323,116.477951,39.899345,429406788,147089704,17,78,0,0,50#
8591,$JYJ,13331194754,20111101154022,116.470718,39.892017,429380195,147062762,25,274,0,0,50#
54149,$JYJ,13301254217,20111101154713,116.478233,39.899357,429407811,147089732,19,260,0,0,50#
15332,$JYJ,13311489392,20111101154538,116.471352,39.895668,429382558,147076199,4,176,0,0,50#
119222,$JYJ,13331194930,20111101154953,116.474350,39.899220,429393543,147089289,12,86,0,0,50#
81570,$JYJ,13301214575,20111101155308,116.471252,39.892521,429382167,147064597,13,220,1,1,50#
102178,$JYJ,13321174938,20111101155418,116.470184,39.891872,429378233,147062248,30,84,1,1,50#
27071,$JYJ,13331156414,20111101155107,116.470596,39.892078,429379783,147062973,17,270,1,1,50#
32361,$JYJ,13331194930,20111101155124,116.475563,39.899258,429397994,147089396,17,102,1,1,50#
50008,$JYJ,13321183432,20111101155703,116.479935,39.898670,429414079,147087198,2,168,0,0,50#
114904,$JYJ,13321183432,20111101155950,116.475517,39.898766,429397856,147087581,21,256,1,1,50#
30275,$JYJ,13301214575,20111101160614,116.470482,39.892132,429379347,147063191,12,270,1,1,50#
29646,$JYJ,13301214750,20111101160613,116.475113,39.899223,429396357,147089273,23,88,0,0,50#
6616,$JYJ,13311211643,20111101160505,116.471115,39.891239,429381671,147059895,4,186,0,0,50#
29624,$JYJ,13311211643,20111101160613,116.471169,39.890854,429381884,147058458,25,178,1,1,50#
107765,$JYJ,13311426236,20111101160934,116.471466,39.892410,429382940,147064195,15,352,1,1,50#
68399,$JYJ,13311426382,20111101160755,116.471550,39.895584,429383285,147075918,17,0,1,1,50#
90129,$JYJ,13311470422,20111101160843,116.470520,39.892117,429379474,147063134,17,268,1,1,50#
34319,$JYJ,13311566438,20111101161138,116.471603,39.896240,429383469,147078325,19,2,1,1,50#
57104,$JYJ,13311403320,20111101161727,116.479881,39.899395,429413888,147089876,6,274,1,1,50#
11021,$JYJ,13311487285,20111101161532,116.478363,39.899284,429408286,147089490,0,106,0,0,50#
42694,$JYJ,13311487285,20111101161656,116.475647,39.899212,429398308,147089223,10,268,1,1,50#
100741,$JYJ,13311492224,20111101161922,116.473267,39.897751,429389581,147083888,30,94,0,0,50#
51046,$JYJ,13311487188,20111101162214,116.478081,39.899223,429407275,147089244,0,86,0,0,50#
63588,$JYJ,13311487188,20111101162245,116.477570,39.899273,429405374,147089429,13,268,1,1,50#
46644,$JYJ,13331194319,20111101162158,116.476730,39.896591,429402319,147079579,0,358,0,0,50#
36454,$JYJ,13381101894,20111101162636,116.478867,39.899315,429410167,147089598,23,270,0,0,50#
7534,$JYJ,13301184050,20111101163022,116.475464,39.899128,429397642,147088936,17,274,0,0,50#
25414,$JYJ,13301254503,20111101163107,116.479202,39.891968,429411359,147062497,23,250,1,1,50#
50196,$JYJ,13311489578,20111101163212,116.476532,39.898590,429401573,147086937,0,188,0,0,50#
77609,$JYJ,13321183421,20111101163325,116.471466,39.893616,429382961,147068649,19,354,1,1,50#
101784,$JYJ,13370122429,20111101163426,116.471115,39.890644,429381677,147057705,0,170,0,0,50#
73579,$JYJ,13311486232,20111101163911,116.471390,39.890118,429382688,147055762,10,354,1,1,50#
2605,$JYJ,13370122429,20111101163506,116.471130,39.890053,429381711,147055509,0,188,1,1,50#
13202,$JYJ,13301156424,20111101164031,116.476166,39.899216,429400248,147089237,0,182,0,0,50#
71597,$JYJ,13311191475,20111101164300,116.479332,39.897072,429411867,147081324,0,104,0,0,50#
27551,$JYJ,13331194268,20111101164113,116.477165,39.892563,429403904,147064724,0,348,0,0,50#
79048,$JYJ,13331194268,20111101164323,116.474518,39.892025,429394184,147062767,15,252,1,1,50#
69616,$JYJ,13370126479,20111101164253,116.473549,39.898056,429390633,147084990,0,316,1,1,50#
57458,$JYJ,13311565476,20111101164726,116.474564,39.897728,429394334,147083762,13,66,0,0,50#
92733,$JYJ,13331194053,20111101164901,116.471802,39.891552,429384184,147061031,43,2,1,1,50#
93527,$JYJ,13381235401,20111101164900,116.473663,39.898113,429391025,147085210,0,334,0,0,50#
55772,$JYJ,13311020524,20111101165226,116.470230,39.892124,429378430,147063174,34,272,0,0,50#
93864,$JYJ,13311495258,20111101165403,116.478996,39.896462,429410628,147079066,2,100,0,0,50#
111673,$JYJ,13311495258,20111101165449,116.479553,39.897022,429412680,147081124,15,82,1,1,50#
28804,$JYJ,13311565476,20111101165116,116.478752,39.899220,429409748,147089220,6,266,1,1,50#
70068,$JYJ,13301151488,20111101165802,116.471786,39.894829,429384141,147073101,4,4,0,0,50#
49868,$JYJ,13331154770,20111101165705,116.478897,39.899265,429410257,147089406,6,152,0,0,50#
63763,$JYJ,13331154770,20111101165743,116.478920,39.899250,429410352,147089333,0,84,1,1,50#
84495,$JYJ,13331156433,20111101165847,116.476097,39.890327,429399951,147056471,0,0,0,0,50#
14167,$JYJ,13301155448,20111101170035,116.478966,39.899014,429410506,147088484,19,264,0,0,50#
63775,$JYJ,13301208448,20111101170303,116.471703,39.891888,429383808,147062259,0,30,0,0,50#
109103,$JYJ,13301214536,20111101170455,116.471603,39.896385,429383484,147078869,6,4,1,1,50#
22217,$JYJ,13301254053,20111101170054,116.473419,39.897697,429390128,147083685,0,82,0,0,50#
30815,$JYJ,13331156433,20111101170118,116.476097,39.890327,429399951,147056491,0,0,0,0,50#
36833,$JYJ,13331156433,20111101170135,116.476097,39.890327,429399959,147056492,0,0,0,0,50#
103854,$JYJ,13331156433,20111101170443,116.476097,39.890327,429399968,147056489,0,0,0,0,50#
77317,$JYJ,13311453257,20111101170815,116.476570,39.897297,429401699,147082154,0,0,0,0,50#
61514,$JYJ,13311495279,20111101171230,116.471664,39.895992,429383683,147077420,25,2,0,0,50#
78719,$JYJ,13311495279,20111101171317,116.471718,39.896324,429383888,147078616,21,0,1,1,50#
26808,$JYJ,13311565476,20111101171104,116.478668,39.897732,429409432,147083754,6,120,0,0,50#
87785,$JYJ,13311571674,20111101171333,116.479065,39.897888,429410861,147084305,0,98,0,0,50#
118671,$JYJ,13331194417,20111101171452,116.471397,39.895828,429382700,147076818,0,140,0,0,50#
78310,$JYJ,13381078249,20111101171313,116.471481,39.890121,429383022,147055774,4,350,1,1,50#
115299,$JYJ,13381100984,20111101171946,116.472130,39.899231,429385414,147089337,0,324,1,1,50#
47969,$JYJ,13311470364,20111101172200,116.476715,39.896030,429402260,147077510,0,152,1,1,50#
74075,$JYJ,13311470364,20111101172305,116.476715,39.896027,429402231,147077491,0,152,0,0,50#
84214,$JYJ,13331194819,20111101172325,116.475067,39.899105,429396185,147088834,23,278,1,1,50#
94372,$JYJ,13311470364,20111101172855,116.476730,39.896004,429402285,147077382,0,152,3,0,50#
26416,$JYJ,13331037174,20111101172607,116.471138,39.890049,429381764,147055485,12,184,0,0,50#
111822,$JYJ,13331093421,20111101172937,116.470566,39.899212,429379654,147089285,19,88,1,1,50#
39136,$JYJ,13311162459,20111101173138,116.471451,39.890560,429382893,147057368,19,0,1,1,50#
96339,$JYJ,13311426325,20111101173402,116.471847,39.891891,429384377,147062301,15,90,1,1,50#
64250,$JYJ,13311490947,20111101173742,116.471497,39.896397,429383089,147078904,4,4,0,0,50#
4052,$JYJ,13321191491,20111101173511,116.471199,39.892826,429381988,147065746,0,0,0,0,50#
13134,$JYJ,13331188294,20111101173535,116.470711,39.892067,429380170,147062928,23,268,1,1,50#
1617,$JYJ,13311490947,20111101174002,116.472847,39.899143,429388053,147089000,4,92,1,1,50#
54761,$JYJ,13321164542,20111101174216,116.470993,39.892490,429381202,147064504,15,172,0,0,50#
107905,$JYJ,13381153608,20111101174423,116.479919,39.898590,429414003,147086888,2,138,0,0,50#
78956,$JYJ,13301214234,20111101174809,116.472519,39.895866,429386827,147076949,15,266,0,0,50#
97991,$JYJ,13301214234,20111101174900,116.472099,39.895863,429385308,147076928,10,266,1,1,50#
31095,$JYJ,13311403001,20111101174615,116.477280,39.897797,429404317,147083986,4,42,0,0,50#
14445,$JYJ,13381153608,20111101174533,116.479965,39.898167,429414202,147085353,10,184,1,1,50#
3442,$JYJ,13311492163,20111101175010,116.471466,39.892437,429382940,147064310,8,0,1,1,50#
38258,$JYJ,13301174979,20111101175633,116.477417,39.899311,429404818,147089597,12,246,1,1,50#
98463,$JYJ,13301125475,20111101180336,116.478966,39.897579,429410506,147083189,12,46,0,0,50#
56580,$JYJ,13321189844,20111101180217,116.471283,39.891781,429382293,147061880,6,154,0,0,50#
93858,$JYJ,13381153608,20111101180350,116.475403,39.899193,429397443,147089169,19,86,0,0,50#
40327,$JYJ,13311453235,20111101180638,116.474670,39.895824,429394732,147076764,6,286,0,0,50#
115796,$JYJ,13321183428,20111101180948,116.474869,39.899231,429395452,147089302,10,86,0,0,50#
72441,$JYJ,13331156433,20111101180802,116.471146,39.894047,429381765,147070238,17,178,1,1,50#
61515,$JYJ,13370129543,20111101180732,116.475784,39.899322,429398838,147089642,0,274,0,0,50#
39276,$JYJ,13381153608,20111101180635,116.475670,39.899235,429398383,147089323,0,58,1,1,50#
18057,$JYJ,13311426077,20111101181045,116.470154,39.895428,429378158,147075353,0,88,0,0,50#
82759,$JYJ,13311486340,20111101181324,116.477951,39.899395,429406772,147089887,17,264,1,1,50#
5038,$JYJ,13321164419,20111101181014,116.471184,39.895748,429381916,147076515,0,176,1,1,50#
65486,$JYJ,13311453223,20111101181744,116.471420,39.891388,429382800,147060450,10,358,1,1,50#
90822,$JYJ,13321199734,20111101181846,116.470802,39.892109,429380509,147063108,6,272,1,1,50#
62798,$JYJ,13331194792,20111101181741,116.479302,39.892117,429411738,147063051,0,298,0,0,50#
75960,$JYJ,13331194792,20111101181814,116.475304,39.892036,429397039,147062772,52,268,1,1,50#
97012,$JYJ,13311492296,20111101182403,116.478081,39.899372,429407266,147089805,13,268,1,1,50#
39304,$JYJ,13311431013,20111101182633,116.471603,39.895798,429383469,147076698,2,12,0,0,50#
87537,$JYJ,13311431013,20111101182828,116.471619,39.895920,429383503,147077142,2,318,1,1,50#
70038,$JYJ,13311431236,20111101182751,116.470680,39.892132,429380086,147063178,0,272,0,0,50#
1709,$JYJ,13301127491,20111101183501,116.471252,39.897694,429382177,147083685,15,170,1,1,50#
101010,$JYJ,13311431599,20111101183906,116.471649,39.895828,429383616,147076788,0,80,0,0,50#
15725,$JYJ,13331194266,20111101183538,116.473366,39.897747,429389920,147083861,0,100,0,0,50#
21040,$JYJ,13301155224,20111101184052,116.476936,39.899292,429403051,147089524,0,94,0,0,50#
72651,$JYJ,13301155224,20111101184259,116.475502,39.899281,429397771,147089477,17,268,1,1,50#
44634,$JYJ,13311403538,20111101184149,116.474747,39.895908,429395006,147077060,0,282,0,0,50#
15920,$JYJ,13311431599,20111101184038,116.472870,39.895882,429388098,147076988,13,266,1,1,50#
118533,$JYJ,13311576704,20111101184456,116.475532,39.899235,429397898,147089317,0,114,0,0,50#
20624,$JYJ,13301251480,20111101184549,116.470497,39.892052,429379419,147062887,23,268,1,1,50#
22649,$JYJ,13311486223,20111101184554,116.475464,39.899139,429397630,147088962,0,118,0,0,50#
76921,$JYJ,13311576704,20111101184808,116.471313,39.898891,429382400,147088109,4,170,1,1,50#
77990,$JYJ,13311431573,20111101185316,116.471252,39.891411,429382172,147060508,21,172,1,1,50#
27199,$JYJ,13311489577,20111101185110,116.471466,39.893143,429382951,147066914,0,262,0,0,50#
5876,$JYJ,13321164864,20111101185010,116.478798,39.897789,429409914,147083954,15,86,0,0,50#
30923,$JYJ,13321164864,20111101185113,116.479385,39.897800,429412059,147083998,15,88,1,1,50#
54003,$JYJ,13381066641,20111101185213,116.475067,39.899212,429396188,147089252,0,84,0,0,50#
8081,$JYJ,13311191414,20111101185517,116.471336,39.898926,429382490,147088228,4,184,1,1,50#
104158,$JYJ,13311301064,20111101185920,116.473587,39.898205,429390766,147085531,0,0,0,0,50#
16025,$JYJ,13311431399,20111101185541,116.476547,39.897263,429401635,147082040,0,168,0,0,50#
41469,$JYJ,13311431399,20111101185641,116.476517,39.896286,429401494,147078443,26,178,1,1,50#
5087,$JYJ,13381077404,20111101185515,116.473381,39.892082,429389975,147062977,30,266,1,1,50#
76236,$JYJ,13381153629,20111101185808,116.475433,39.899197,429397552,147089187,0,102,0,0,50#
23631,$JYJ,13311301064,20111101190102,116.471634,39.897984,429383569,147084735,23,0,1,1,50#
19787,$JYJ,13311403038,20111101190050,116.471870,39.899666,429384461,147090958,0,196,0,0,50#
45361,$JYJ,13311486380,20111101190156,116.476700,39.898006,429402203,147084774,0,6,0,0,50#
116146,$JYJ,13370129371,20111101190449,116.470734,39.892143,429380279,147063209,0,284,2,0,50#
102925,$JYJ,13311486222,20111101190915,116.471497,39.890892,429383076,147058621,8,358,1,1,50#
3953,$JYJ,13311486380,20111101190512,116.470985,39.895817,429381189,147076780,21,264,1,1,50#
61361,$JYJ,13311489392,20111101190735,116.470619,39.892101,429379859,147063072,13,240,0,0,50#
10594,$JYJ,13311576704,20111101191025,116.479767,39.897976,429413456,147084624,0,82,0,0,50#
20802,$JYJ,13311576704,20111101191057,116.479767,39.897976,429413437,147084652,0,116,1,1,50#
43474,$JYJ,13331194943,20111101191146,116.478554,39.899361,429408998,147089742,13,272,0,0,50#
58195,$JYJ,13331194943,20111101191225,116.478249,39.899326,429407867,147089636,6,260,1,1,50#
65769,$JYJ,13311563432,20111101191742,116.471847,39.898502,429384376,147086642,0,354,0,0,50#
108554,$JYJ,13311563432,20111101191926,116.473450,39.899151,429390256,147089026,0,286,1,1,50#
62997,$JYJ,13311403491,20111101192238,116.477165,39.899330,429403902,147089661,13,260,1,1,50#
22912,$JYJ,13311492136,20111101192056,116.471435,39.897415,429382866,147082656,15,4,1,1,50#
34587,$JYJ,13311576934,20111101192125,116.475731,39.898945,429398645,147088242,0,38,0,0,50#
66323,$JYJ,13311576934,20111101192249,116.476303,39.899090,429400744,147088774,0,62,1,1,50#
89397,$JYJ,13301204901,20111101193346,116.473968,39.895874,429392147,147076954,4,82,0,0,50#
56101,$JYJ,13311489392,20111101193219,116.478851,39.892052,429410071,147062805,10,266,1,1,50#
18076,$JYJ,13370122491,20111101193049,116.475403,39.899235,429397402,147089326,12,252,1,1,50#
20916,$JYJ,13381100814,20111101193049,116.471581,39.892441,429383365,147064317,4,30,1,1,50#
28209,$JYJ,13311022904,20111101193608,116.471497,39.891632,429383081,147061349,0,0,1,1,50#
98621,$JYJ,13321174593,20111101193907,116.473732,39.895863,429391287,147076921,0,276,0,0,50#
96238,$JYJ,13301157431,20111101194400,116.477631,39.899372,429405590,147089805,2,336,0,0,50#
111265,$JYJ,13311486433,20111101194440,116.472099,39.890339,429385268,147056577,13,98,0,0,50#
60412,$JYJ,13311492055,20111101194236,116.479980,39.899578,429414259,147090539,19,274,1,1,50#
74559,$JYJ,13301125476,20111101194803,116.471336,39.897778,429382485,147083991,0,34,1,1,50#
110548,$JYJ,13301204955,20111101194936,116.474083,39.899178,429392577,147089128,15,86,0,0,50#
14197,$JYJ,13311021784,20111101194534,116.471649,39.896267,429383626,147078426,0,0,0,0,50#
15828,$JYJ,13311486433,20111101194542,116.471931,39.890335,429384675,147056547,21,272,1,1,50#
65073,$JYJ,13331154911,20111101194739,116.471786,39.890488,429384141,147057127,4,8,0,0,50#
34307,$JYJ,13311403062,20111101195129,116.471481,39.893303,429383003,147067503,12,352,1,1,50#
56924,$JYJ,13311426452,20111101195222,116.479965,39.899120,429414164,147088845,8,16,1,1,50#
52722,$JYJ,13301214203,20111101200217,116.471931,39.894138,429384684,147070573,15,350,1,1,50#
115439,$JYJ,13311403579,20111101200951,116.473633,39.898056,429390915,147085004,13,0,0,0,50#
49117,$JYJ,13321180432,20111101200703,116.475685,39.899212,429398465,147089235,17,264,1,1,50#
55367,$JYJ,13321183407,20111101200724,116.471336,39.895378,429382473,147075133,34,176,1,1,50#
72496,$JYJ,13311431220,20111101201258,116.470100,39.892220,429377944,147063518,4,274,0,0,50#
38202,$JYJ,13311453388,20111101201137,116.474617,39.899227,429394550,147089303,0,0,0,0,50#
54025,$JYJ,13311453388,20111101201216,116.474617,39.899227,429394539,147089308,0,0,1,1,50#
54542,$JYJ,13311453388,20111101201217,116.474617,39.899227,429394517,147089296,0,0,1,1,50#
56383,$JYJ,13311453388,20111101201222,116.474617,39.899227,429394542,147089307,0,0,1,1,50#
57468,$JYJ,13311453388,20111101201223,116.474617,39.899227,429394550,147089297,0,0,0,0,50#
57978,$JYJ,13311453388,20111101201224,116.474617,39.899227,429394554,147089309,0,0,1,1,50#
58941,$JYJ,13311453388,20111101201225,116.474617,39.899227,429394525,147089298,0,0,0,0,50#
59437,$JYJ,13311453388,20111101201229,116.474617,39.899227,429394542,147089305,0,0,1,1,50#
59977,$JYJ,13311453388,20111101201230,116.474617,39.899227,429394523,147089294,0,0,1,1,50#
60513,$JYJ,13311453388,20111101201231,116.474617,39.899227,429394532,147089315,0,0,1,1,50#
61050,$JYJ,13311453388,20111101201232,116.474617,39.899227,429394555,147089292,0,0,1,1,50#
61610,$JYJ,13311453388,20111101201233,116.474617,39.899227,429394544,147089317,0,0,1,1,50#
62177,$JYJ,13311453388,20111101201234,116.474617,39.899227,429394549,147089318,0,0,1,1,50#
62703,$JYJ,13311453388,20111101201235,116.474617,39.899227,429394558,147089302,0,0,1,1,50#
63219,$JYJ,13311453388,20111101201236,116.474617,39.899227,429394517,147089296,0,0,1,1,50#
63680,$JYJ,13311453388,20111101201237,116.474617,39.899227,429394539,147089304,0,0,1,1,50#
64259,$JYJ,13311453388,20111101201238,116.474617,39.899227,429394546,147089302,0,0,1,1,50#
65303,$JYJ,13311453388,20111101201241,116.474617,39.899227,429394551,147089317,0,0,1,1,50#
65826,$JYJ,13311453388,20111101201242,116.474617,39.899227,429394517,147089304,0,0,1,1,50#
66383,$JYJ,13311453388,20111101201243,116.474617,39.899227,429394531,147089286,0,0,1,1,50#
67422,$JYJ,13311453388,20111101201248,116.474617,39.899227,429394542,147089288,0,0,1,1,50#
67973,$JYJ,13311453388,20111101201249,116.474617,39.899227,429394537,147089313,0,0,1,1,50#
68514,$JYJ,13311453388,20111101201251,116.474617,39.899227,429394543,147089294,0,0,1,1,50#
69549,$JYJ,13311453388,20111101201252,116.474617,39.899227,429394530,147089309,0,0,1,1,50#
70081,$JYJ,13311453388,20111101201253,116.474617,39.899227,429394549,147089286,0,0,1,1,50#
70620,$JYJ,13311453388,20111101201254,116.474617,39.899227,429394524,147089314,0,0,1,1,50#
71098,$JYJ,13311453388,20111101201255,116.474617,39.899227,429394545,147089298,0,0,1,1,50#
72555,$JYJ,13311453388,20111101201301,116.474510,39.899223,429394150,147089283,15,266,1,1,50#
73119,$JYJ,13311453388,20111101201302,116.474464,39.899223,429393966,147089303,15,268,1,1,50#
73628,$JYJ,13311453388,20111101201303,116.474419,39.899220,429393821,147089285,13,266,1,1,50#
74175,$JYJ,13311453388,20111101201304,116.474380,39.899212,429393661,147089249,12,266,1,1,50#
74693,$JYJ,13311453388,20111101201305,116.474350,39.899204,429393548,147089209,10,262,1,1,50#
75275,$JYJ,13311453388,20111101201306,116.474312,39.899200,429393426,147089193,10,264,1,1,50#
75814,$JYJ,13311453388,20111101201307,116.474281,39.899197,429393318,147089180,12,260,1,1,50#
76886,$JYJ,13311453388,20111101201312,116.474083,39.899181,429392569,147089123,6,272,1,1,50#
77882,$JYJ,13311453388,20111101201314,116.474060,39.899189,429392498,147089151,0,272,1,1,50#
78922,$JYJ,13311453388,20111101201315,116.474060,39.899197,429392499,147089189,0,0,0,0,50#
79995,$JYJ,13311453388,20111101201320,116.473991,39.899212,429392244,147089268,12,270,1,1,50#
81674,$JYJ,13311453388,20111101201321,116.473953,39.899212,429392086,147089247,12,270,1,1,50#
82182,$JYJ,13311453388,20111101201323,116.473854,39.899216,429391722,147089255,17,268,1,1,50#
82667,$JYJ,13311453388,20111101201324,116.473793,39.899216,429391523,147089258,17,266,1,1,50#
83198,$JYJ,13311453388,20111101201326,116.473663,39.899212,429391028,147089263,21,266,1,1,50#
83747,$JYJ,13311453388,20111101201327,116.473595,39.899212,429390779,147089267,21,266,1,1,50#
84308,$JYJ,13311453388,20111101201329,116.473442,39.899204,429390202,147089231,25,268,0,0,50#
84829,$JYJ,13311453388,20111101201331,116.473282,39.899197,429389636,147089188,25,268,0,0,50#
85386,$JYJ,13311453388,20111101201332,116.473198,39.899197,429389310,147089217,23,268,1,1,50#
85941,$JYJ,13311453388,20111101201333,116.473129,39.899197,429389056,147089188,21,268,0,0,50#
86502,$JYJ,13311453388,20111101201334,116.473068,39.899197,429388839,147089199,17,268,1,1,50#
86960,$JYJ,13311453388,20111101201336,116.472961,39.899197,429388475,147089193,17,268,1,1,50#
87427,$JYJ,13311453388,20111101201337,116.472900,39.899193,429388244,147089207,17,268,0,0,50#
88032,$JYJ,13311453388,20111101201338,116.472847,39.899193,429388047,147089178,17,268,1,1,50#
89117,$JYJ,13311453388,20111101201339,116.472794,39.899185,429387819,147089165,17,262,1,1,50#
90203,$JYJ,13311453388,20111101201344,116.472488,39.899174,429386736,147089141,21,270,1,1,50#
91827,$JYJ,13311453388,20111101201346,116.472366,39.899178,429386287,147089147,17,270,1,1,50#
92917,$JYJ,13311453388,20111101201349,116.472252,39.899174,429385866,147089116,6,272,1,1,50#
93469,$JYJ,13311453388,20111101201350,116.472237,39.899170,429385803,147089113,4,276,1,1,50#
94028,$JYJ,13311453388,20111101201351,116.472229,39.899170,429385761,147089122,2,280,1,1,50#
94546,$JYJ,13311453388,20111101201352,116.472221,39.899170,429385738,147089109,2,286,1,1,50#
95082,$JYJ,13311453388,20111101201353,116.472221,39.899170,429385732,147089111,0,0,1,1,50#
96098,$JYJ,13311453388,20111101201358,116.472221,39.899170,429385731,147089122,0,0,1,1,50#
96684,$JYJ,13311453388,20111101201400,116.472221,39.899170,429385730,147089109,0,0,1,1,50#
97269,$JYJ,13311453388,20111101201401,116.472221,39.899170,429385720,147089128,0,0,0,0,50#
98814,$JYJ,13311453388,20111101201403,116.472221,39.899170,429385755,147089129,0,0,0,0,50#
99339,$JYJ,13311453388,20111101201405,116.472221,39.899170,429385733,147089110,0,0,1,1,50#
99888,$JYJ,13311453388,20111101201407,116.472221,39.899170,429385719,147089130,0,0,1,1,50#
100964,$JYJ,13311453388,20111101201409,116.472221,39.899170,429385747,147089127,0,0,1,1,50#
102050,$JYJ,13311453388,20111101201411,116.472115,39.899174,429385340,147089133,10,270,1,1,50#
102555,$JYJ,13311453388,20111101201412,116.472084,39.899174,429385237,147089138,12,272,1,1,50#
103650,$JYJ,13311453388,20111101201416,116.471962,39.899178,429384781,147089153,6,274,1,1,50#
104171,$JYJ,13311453388,20111101201417,116.471939,39.899181,429384695,147089174,6,274,1,1,50#
104700,$JYJ,13311453388,20111101201419,116.471901,39.899185,429384569,147089165,8,282,1,1,50#
105214,$JYJ,13311453388,20111101201420,116.471870,39.899189,429384430,147089190,10,286,0,0,50#
105738,$JYJ,13311453388,20111101201421,116.471840,39.899197,429384352,147089232,10,288,1,1,50#
106299,$JYJ,13311453388,20111101201422,116.471809,39.899208,429384238,147089268,10,292,0,0,50#
106789,$JYJ,13311453388,20111101201424,116.471756,39.899231,429384034,147089344,8,300,1,1,50#
107271,$JYJ,13311453388,20111101201425,116.471733,39.899242,429383931,147089397,8,310,1,1,50#
107792,$JYJ,13311453388,20111101201426,116.471710,39.899262,429383859,147089457,10,318,1,1,50#
108887,$JYJ,13311453388,20111101201429,116.471672,39.899311,429383700,147089644,4,344,1,1,50#
109359,$JYJ,13311453388,20111101201430,116.471672,39.899319,429383737,147089685,2,346,1,1,50#
109851,$JYJ,13311453388,20111101201432,116.471672,39.899326,429383733,147089692,0,0,1,1,50#
110381,$JYJ,13311453388,20111101201433,116.471672,39.899326,429383719,147089712,0,0,1,1,50#
110964,$JYJ,13311453388,20111101201434,116.471672,39.899326,429383721,147089688,0,0,1,1,50#
111963,$JYJ,13311453388,20111101201436,116.471672,39.899326,429383721,147089698,0,0,1,1,50#
112489,$JYJ,13311453388,20111101201437,116.471672,39.899326,429383719,147089702,0,0,1,1,50#
113502,$JYJ,13311453388,20111101201440,116.471672,39.899326,429383698,147089711,0,0,1,1,50#
114014,$JYJ,13311453388,20111101201442,116.471672,39.899326,429383735,147089708,0,0,1,1,50#
114502,$JYJ,13311453388,20111101201444,116.471672,39.899326,429383711,147089708,0,0,0,0,50#
115486,$JYJ,13311453388,20111101201446,116.471657,39.899357,429383653,147089794,8,342,0,0,50#
116003,$JYJ,13311453388,20111101201447,116.471657,39.899380,429383664,147089904,10,348,1,1,50#
116526,$JYJ,13311453388,20111101201449,116.471642,39.899452,429383622,147090177,17,356,1,1,50#
117588,$JYJ,13311453388,20111101201450,116.471642,39.899498,429383601,147090324,19,358,0,0,50#
118144,$JYJ,13311453388,20111101201451,116.471642,39.899548,429383606,147090497,21,0,1,1,50#
95463,$JYJ,13321199834,20111101201357,116.477280,39.890984,429404334,147058881,15,60,1,1,50#
46281,$JYJ,13331061014,20111101201154,116.476547,39.898521,429401635,147086693,0,172,1,1,50#
13473,$JYJ,13311453367,20111101201529,116.479164,39.897823,429411233,147084087,0,100,1,1,50#
65055,$JYJ,13311453409,20111101201740,116.477730,39.899330,429405953,147089642,15,82,1,1,50#
44970,$JYJ,13311492195,20111101201650,116.470116,39.893799,429378017,147069348,15,212,0,0,50#
68767,$JYJ,13311403346,20111101202250,116.470703,39.891930,429380162,147062453,21,252,1,1,50#
64236,$JYJ,13331154831,20111101202241,116.476913,39.899383,429402972,147089855,17,258,1,1,50#
50739,$JYJ,13331194156,20111101202206,116.478584,39.898468,429409121,147086448,0,198,0,0,50#
81690,$JYJ,13301214892,20111101202821,116.478249,39.899422,429407856,147089992,0,272,0,0,50#
45290,$JYJ,13311431336,20111101202649,116.475937,39.899403,429399405,147089949,13,272,0,0,50#
19063,$JYJ,13311495212,20111101202523,116.471565,39.895527,429383333,147075677,6,354,1,1,50#
113245,$JYJ,13331184997,20111101202936,116.471565,39.890503,429383300,147057179,0,30,1,1,50#
22807,$JYJ,13331194084,20111101202555,116.470398,39.892181,429379015,147063379,17,264,1,1,50#
1367,$JYJ,13331194156,20111101202501,116.478569,39.899132,429409062,147088922,0,6,1,1,50#
40156,$JYJ,13331194703,20111101202636,116.478897,39.899422,429410241,147089979,32,268,1,1,50#
76181,$JYJ,13381077453,20111101202810,116.470268,39.892013,429378572,147062766,23,270,1,1,50#
14201,$JYJ,13381083464,20111101203038,116.471031,39.892071,429381357,147062958,6,270,1,1,50#
14870,$JYJ,13311453318,20111101203541,116.471199,39.893566,429381967,147068481,0,172,0,0,50#
78997,$JYJ,13321180432,20111101203817,116.475464,39.899124,429397663,147088924,15,64,0,0,50#
65729,$JYJ,13311300614,20111101204745,116.471634,39.896294,429383583,147078532,0,0,0,0,50#
104360,$JYJ,13311426041,20111101204925,116.478500,39.899387,429408801,147089838,38,268,1,1,50#
3329,$JYJ,13311453360,20111101205009,116.474457,39.899265,429393954,147089428,23,264,1,1,50#
16492,$JYJ,13311572347,20111101205546,116.474998,39.896141,429395934,147077925,2,262,0,0,50#
61927,$JYJ,13311572347,20111101205740,116.474602,39.896038,429394488,147077549,30,272,1,1,50#
108870,$JYJ,13321174593,20111101205931,116.470848,39.890099,429380676,147055696,0,110,1,1,50#
46456,$JYJ,13331093426,20111101205702,116.473396,39.898422,429390039,147086341,0,260,0,0,50#
31650,$JYJ,13331194230,20111101205620,116.474716,39.895935,429394909,147077151,0,288,0,0,50#
41369,$JYJ,13370129531,20111101205645,116.475632,39.899181,429398258,147089110,15,262,1,1,50#
65404,$JYJ,13301125450,20111101210742,116.471619,39.894745,429383509,147072804,23,168,1,1,50#
78991,$JYJ,13301155541,20111101210815,116.479866,39.899284,429413799,147089461,0,266,0,0,50#
2303,$JYJ,13301214716,20111101210504,116.471451,39.891266,429382904,147059984,0,2,0,0,50#
108957,$JYJ,13311403743,20111101210934,116.470665,39.892105,429380036,147063101,15,268,1,1,50#
88761,$JYJ,13311453328,20111101210843,116.479904,39.897823,429413951,147084057,0,40,0,0,50#
108080,$JYJ,13311486453,20111101210932,116.472580,39.899235,429387065,147089335,2,280,0,0,50#
29905,$JYJ,13311489689,20111101210616,116.470650,39.899387,429379969,147089916,0,256,1,1,50#
98747,$JYJ,13331063483,20111101210904,116.471397,39.891712,429382725,147061643,0,354,0,0,50#
48972,$JYJ,13331184790,20111101210705,116.474197,39.891747,429392982,147061717,4,90,0,0,50#
79287,$JYJ,13331184790,20111101210820,116.474930,39.891510,429395681,147060863,6,148,1,1,50#
41630,$JYJ,13331194156,20111101210644,116.475815,39.899368,429398937,147089795,4,72,1,1,50#
49469,$JYJ,13311453328,20111101211150,116.476715,39.898766,429402250,147087584,0,0,0,0,50#
50023,$JYJ,13311453328,20111101211154,116.476715,39.898766,429402258,147087594,0,0,0,0,50#
107720,$JYJ,13311453328,20111101211425,116.476715,39.898766,429402256,147087581,0,0,0,0,50#
33555,$JYJ,13331188754,20111101211119,116.475334,39.899250,429397170,147089363,19,88,0,0,50#
114108,$JYJ,13370189215,20111101211445,116.478470,39.899460,429408671,147090130,0,78,0,0,50#
45617,$JYJ,13301156764,20111101212149,116.471619,39.897190,429383527,147081809,17,4,0,0,50#
58085,$JYJ,13311403067,20111101212219,116.478348,39.899338,429408254,147089685,26,268,1,1,50#
51181,$JYJ,13311486276,20111101212201,116.478050,39.890236,429407127,147056118,13,262,1,1,50#
20572,$JYJ,13311431543,20111101212548,116.470665,39.892117,429380014,147063143,21,268,1,1,50#
121321,$JYJ,13311470485,20111101212959,116.476776,39.896740,429402448,147080103,2,354,0,0,50#
107636,$JYJ,13311426052,20111101213351,116.471603,39.896282,429383449,147078469,0,344,0,0,50#
54021,$JYJ,13311486282,20111101213209,116.473846,39.897896,429391711,147084398,0,58,0,0,50#
76554,$JYJ,13311492215,20111101213309,116.471252,39.894268,429382176,147071069,12,184,1,1,50#
71754,$JYJ,13331184959,20111101213255,116.470551,39.892159,429379575,147063290,0,268,0,0,50#
16717,$JYJ,13381232475,20111101213041,116.476570,39.890015,429401729,147055312,10,332,1,1,50#
88180,$JYJ,13301214292,20111101213844,116.471100,39.891010,429381595,147059057,0,188,0,0,50#
35601,$JYJ,13311300654,20111101213632,116.474998,39.899242,429395922,147089353,23,268,1,1,50#
12130,$JYJ,13301254375,20111101214033,116.471634,39.896332,429383557,147078652,0,6,0,0,50#
117370,$JYJ,13311431428,20111101214452,116.476013,39.899300,429399650,147089554,8,280,0,0,50#
47184,$JYJ,13311488202,20111101214201,116.471207,39.892746,429382027,147065428,0,0,0,0,50#
64636,$JYJ,13311492250,20111101214216,116.473480,39.897819,429390381,147084140,0,146,0,0,50#
105862,$JYJ,13311492250,20111101214356,116.471680,39.897888,429383751,147084405,10,340,1,1,50#
61506,$JYJ,13321180134,20111101214234,116.476417,39.899162,429401162,147089052,4,184,0,0,50#
10690,$JYJ,13311488202,20111101214528,116.471245,39.892693,429382150,147065252,17,182,1,1,50#
49980,$JYJ,13321180134,20111101214703,116.473770,39.899242,429391408,147089358,0,272,1,1,50#
101667,$JYJ,13321180456,20111101214911,116.479080,39.897873,429410941,147084249,0,274,0,0,50#
68162,$JYJ,13301156478,20111101215251,116.479652,39.899315,429413021,147089575,12,90,0,0,50#
3957,$JYJ,13311488219,20111101215511,116.471153,39.892700,429381824,147065289,0,0,0,0,50#
113797,$JYJ,13321174892,20111101215948,116.471214,39.891586,429382048,147061182,10,182,1,1,50#
221,$JYJ,13311470404,20111101220000,116.479347,39.897850,429411890,147084180,0,84,0,0,50#
14776,$JYJ,13311492153,20111101220537,116.471283,39.895481,429382266,147075539,10,180,1,1,50#
34557,$JYJ,13381069744,20111101220626,116.475082,39.899239,429396265,147089352,6,96,0,0,50#
37820,$JYJ,13311495245,20111101221137,116.471519,39.892300,429383161,147063804,12,0,1,1,50#
17187,$JYJ,13321164598,20111101221042,116.471497,39.897453,429383065,147082798,26,356,1,1,50#
66296,$JYJ,13381077451,20111101221247,116.474464,39.899212,429393969,147089255,32,262,1,1,50#
23375,$JYJ,13301214874,20111101221557,116.477615,39.899277,429405571,147089468,26,92,0,0,50#
116544,$JYJ,13311453307,20111101221937,116.479515,39.897892,429412523,147084320,21,272,1,1,50#
96154,$JYJ,13331154892,20111101221854,116.473465,39.897900,429390286,147084421,4,18,0,0,50#
93736,$JYJ,13311431236,20111101222348,116.471603,39.896248,429383466,147078343,0,12,0,0,50#
114625,$JYJ,13331154774,20111101222438,116.473587,39.891769,429390729,147061822,0,102,1,1,50#
20375,$JYJ,13311492194,20111101223054,116.473747,39.890335,429391333,147056524,0,0,0,0,50#
21662,$JYJ,13311492194,20111101223058,116.473747,39.890335,429391338,147056514,0,0,0,0,50#
49184,$JYJ,13311492194,20111101223205,116.473747,39.890335,429391346,147056523,0,0,0,0,50#
63016,$JYJ,13321164439,20111101223238,116.472015,39.897976,429384989,147084723,13,274,1,1,50#
23876,$JYJ,13331156457,20111101223100,116.471130,39.890091,429381717,147055644,45,182,0,0,50#
46929,$JYJ,13331187103,20111101223159,116.473747,39.898167,429391354,147085415,12,6,0,0,50#
70353,$JYJ,13311403776,20111101223755,116.471481,39.891285,429383030,147060046,2,24,0,0,50#
13182,$JYJ,13311492194,20111101223535,116.471329,39.895260,429382461,147074713,8,178,1,1,50#
116150,$JYJ,13321164426,20111101223952,116.474449,39.891979,429393900,147062599,17,266,1,1,50#
78926,$JYJ,13381077426,20111101223821,116.470764,39.894939,429380396,147073520,0,288,0,0,50#
20743,$JYJ,13321199744,20111101224052,116.474182,39.892120,429392941,147063097,10,266,1,1,50#
10815,$JYJ,13331154956,20111101224028,116.471680,39.896183,429383737,147078123,6,8,0,0,50#
48637,$JYJ,13331154956,20111101224202,116.471512,39.896462,429383140,147079149,28,358,1,1,50#
121679,$JYJ,13331156463,20111101224957,116.476631,39.899345,429401915,147089721,8,276,1,1,50#
90717,$JYJ,13311191413,20111101225347,116.471268,39.895607,429382243,147075974,0,156,0,0,50#
88734,$JYJ,13311453359,20111101225337,116.476463,39.899250,429401299,147089367,12,116,0,0,50#
113530,$JYJ,13311453359,20111101225440,116.478386,39.899433,429408399,147090038,15,112,1,1,50#
60223,$JYJ,13331154708,20111101225229,116.479851,39.898170,429413755,147085337,4,182,0,0,50#
119205,$JYJ,13301157643,20111101230449,116.473602,39.898300,429390813,147085880,0,284,0,0,50#
40646,$JYJ,13311495245,20111101230143,116.476280,39.899284,429400660,147089489,0,0,1,1,50#
22592,$JYJ,13301157643,20111101230556,116.473320,39.898270,429389753,147085777,12,212,1,1,50#
8368,$JYJ,13311431088,20111101230520,116.477997,39.899353,429406963,147089742,0,0,0,0,50#
8877,$JYJ,13311431088,20111101230524,116.477997,39.899200,429406946,147089174,6,170,0,0,50#
47914,$JYJ,13311431088,20111101230701,116.477776,39.899502,429406145,147090279,0,0,0,0,50#
47661,$JYJ,13321164434,20111101230701,116.473625,39.898209,429390910,147085570,0,152,0,0,50#
90720,$JYJ,13311403340,20111101231341,116.471420,39.891811,429382770,147061988,12,172,1,1,50#
60488,$JYJ,13331154898,20111101231232,116.479965,39.897739,429414163,147083754,2,146,0,0,50#
51262,$JYJ,13321174892,20111101231712,116.471581,39.896225,429383376,147078279,36,358,0,0,50#
86080,$JYJ,13321174892,20111101231836,116.473534,39.897812,429390546,147084106,10,76,1,1,50#
92270,$JYJ,13331194897,20111101231854,116.471275,39.891399,429382278,147060464,17,176,1,1,50#
100679,$JYJ,13311495105,20111101232410,116.475685,39.899296,429398481,147089541,4,274,0,0,50#
73979,$JYJ,13321164494,20111101232303,116.479919,39.899132,429414010,147088899,12,174,0,0,50#
8007,$JYJ,13331156421,20111101232022,116.470520,39.899502,429379472,147090368,6,300,0,0,50#
78023,$JYJ,13331194792,20111101232318,116.474434,39.895947,429393847,147077209,2,294,0,0,50#
105069,$JYJ,13370126456,20111101232421,116.470985,39.895824,429381206,147076790,4,280,0,0,50#
59662,$JYJ,13311431251,20111101232730,116.475532,39.899361,429397880,147089785,0,116,0,0,50#
41504,$JYJ,13311488186,20111101232642,116.475563,39.899254,429397994,147089393,0,318,0,0,50#
57530,$JYJ,13311488186,20111101232716,116.475548,39.899262,429397943,147089433,0,318,1,1,50#
49391,$JYJ,13321164494,20111101232703,116.475784,39.899120,429398825,147088885,0,292,1,1,50#
53824,$JYJ,13301214876,20111101233217,116.471161,39.892151,429381859,147063243,21,176,1,1,50#
20290,$JYJ,13321174892,20111101233054,116.471619,39.896214,429383508,147078217,8,358,1,1,50#
15744,$JYJ,13311301064,20111101233544,116.471413,39.891556,429382757,147061067,0,0,0,0,50#
61745,$JYJ,13311495328,20111101233736,116.478249,39.899303,429407877,147089546,21,88,0,0,50#
20984,$JYJ,13331154763,20111101233554,116.479896,39.899307,429413923,147089551,2,148,0,0,50#
32658,$JYJ,13331194907,20111101233621,116.475502,39.899330,429397793,147089659,2,24,0,0,50#
62846,$JYJ,13370189332,20111101233738,116.474998,39.899288,429395940,147089524,0,252,0,0,50#
19881,$JYJ,13331194907,20111101234049,116.474503,39.897850,429394124,147084234,10,98,1,1,50#
85384,$JYJ,13311571479,20111101234839,116.473366,39.897652,429389959,147083515,0,108,0,0,50#
106384,$JYJ,13331187061,20111101234933,116.473282,39.897968,429389631,147084690,4,90,0,0,50#
107031,$JYJ,13301214012,20111101235429,116.478798,39.897823,429409893,147084068,0,78,0,0,50#
70480,$JYJ,13311426415,20111101235302,116.470283,39.892185,429378627,147063398,12,276,1,1,50#
48017,$JYJ,13301214012,20111101235702,116.479935,39.899353,429414065,147089717,15,90,1,1,50#
101270,$JYJ,13331194703,20111101235920,116.476517,39.898830,429401511,147087835,25,178,0,0,50#
