89935,$JYJ,13301214194,20111101000422,116.229469,39.888256,428490628,147048592,0,78,0,0,50#
16515,$JYJ,13321164876,20111101001050,116.226486,39.889626,428479642,147053648,0,206,1,1,50#
88325,$JYJ,13311488132,20111101003431,116.227264,39.888336,428482493,147048900,4,140,0,0,50#
27747,$JYJ,13331194772,20111101003618,116.225563,39.887569,428476255,147046084,0,210,0,0,50#
34271,$JYJ,13321190144,20111101004141,116.225700,39.888363,428476734,147048996,0,216,0,0,50#
52534,$JYJ,13311431047,20111101011241,116.228836,39.888458,428488284,147049331,8,270,1,1,50#
42256,$JYJ,13331194718,20111101011709,116.225502,39.887440,428476003,147045582,45,206,1,1,50#
20748,$JYJ,13331154930,20111101012604,116.225632,39.882786,428476470,147028434,4,24,0,0,50#
43267,$JYJ,13311488234,20111101021727,116.225670,39.883156,428476608,147029809,0,0,0,0,50#
45608,$JYJ,13301184058,20111101031239,116.226135,39.889595,428478357,147053532,0,320,0,0,50#
59690,$JYJ,13311426298,20111101041851,116.225304,39.885960,428475290,147040132,2,2,0,0,50#
43216,$JYJ,13311488125,20111101051729,116.225548,39.880890,428476192,147021438,17,356,1,1,50#
54078,$JYJ,13331053054,20111101061242,116.225487,39.885258,428475959,147037555,0,348,0,0,50#
27082,$JYJ,13311426373,20111101061622,116.225647,39.882614,428476542,147027814,6,90,0,0,50#
22267,$JYJ,13331187196,20111101064714,116.226036,39.888264,428477983,147048645,12,6,1,1,50#
64349,$JYJ,13331194385,20111101065411,116.225563,39.882843,428476222,147028643,15,358,1,1,50#
92771,$JYJ,13301155143,20111101070930,116.221199,39.889965,428460173,147054902,21,286,1,1,50#
34845,$JYJ,13311162489,20111101071139,116.225700,39.883209,428476747,147030004,28,356,1,1,50#
10375,$JYJ,13311495371,20111101071030,116.225700,39.887798,428476725,147046908,2,20,1,1,50#
72972,$JYJ,13321174826,20111101071324,116.229851,39.888275,428492027,147048675,23,88,1,1,50#
52886,$JYJ,13311489655,20111101071727,116.225517,39.884968,428476086,147036482,17,338,1,1,50#
95864,$JYJ,13331154726,20111101072436,116.225685,39.883320,428476702,147030419,12,352,1,1,50#
87920,$JYJ,13381232428,20111101074911,116.225632,39.881988,428476486,147025508,8,358,0,0,50#
12575,$JYJ,13381232428,20111101075032,116.225632,39.883350,428476488,147030526,23,352,1,1,50#
38932,$JYJ,13331194917,20111101075646,116.226669,39.889774,428480304,147054210,26,14,1,1,50#
10860,$JYJ,13370126466,20111101075527,116.226753,39.888729,428480610,147050350,10,128,1,1,50#
87663,$JYJ,13301277707,20111101080953,116.225418,39.886757,428475712,147043062,0,6,0,0,50#
53910,$JYJ,13301214204,20111101082311,116.226715,39.889728,428480457,147054041,30,18,0,0,50#
608,$JYJ,13311489410,20111101083002,116.227234,39.888248,428482401,147048554,15,234,0,0,50#
23755,$JYJ,13311486461,20111101083618,116.225113,39.886990,428474598,147043921,0,196,0,0,50#
41512,$JYJ,13311453325,20111101084213,116.225220,39.885620,428474990,147038900,13,170,0,0,50#
42382,$JYJ,13331194223,20111101084205,116.225365,39.886467,428475500,147042021,12,6,0,0,50#
54276,$JYJ,13311488235,20111101094254,116.225578,39.884476,428476292,147034660,0,0,0,0,50#
25200,$JYJ,13311564424,20111101094616,116.227097,39.888752,428481891,147050415,2,310,0,0,50#
9395,$JYJ,13331194164,20111101094525,116.225617,39.889309,428476443,147052475,0,132,0,0,50#
68645,$JYJ,13331194164,20111101094829,116.225304,39.887051,428475288,147044158,19,190,1,1,50#
76967,$JYJ,13311564424,20111101095349,116.225281,39.882156,428475175,147026123,2,166,0,0,50#
62633,$JYJ,13311488235,20111101095817,116.225578,39.884476,428476277,147034661,0,0,0,0,50#
76463,$JYJ,13311488235,20111101095859,116.225532,39.885075,428476104,147036876,6,354,1,1,50#
66508,$JYJ,13311495207,20111101102334,116.225250,39.887390,428475086,147045405,0,216,0,0,50#
40019,$JYJ,13331185247,20111101102206,116.226151,39.888241,428478403,147048549,19,22,1,1,50#
28816,$JYJ,13311495207,20111101102623,116.226036,39.888157,428477998,147048251,19,12,1,1,50#
13042,$JYJ,13370129344,20111101102539,116.221367,39.889912,428460810,147054734,4,230,0,0,50#
21288,$JYJ,13381069524,20111101102603,116.229736,39.888432,428491604,147049243,10,282,0,0,50#
68712,$JYJ,13311486377,20111101104837,116.225136,39.882404,428474654,147027017,0,250,0,0,50#
5905,$JYJ,13311431164,20111101105018,116.225098,39.885803,428474511,147039558,0,172,0,0,50#
8234,$JYJ,13301214442,20111101105522,116.221382,39.880371,428460849,147019535,6,266,0,0,50#
66452,$JYJ,13311426203,20111101105832,116.225754,39.887688,428476919,147046519,21,18,1,1,50#
51388,$JYJ,13321199940,20111101110238,116.225700,39.888172,428476733,147048297,4,214,1,1,50#
15004,$JYJ,13370129381,20111101111044,116.225380,39.885776,428475552,147039467,19,352,1,1,50#
48720,$JYJ,13311431171,20111101111734,116.228020,39.888680,428485286,147050161,0,116,0,0,50#
62011,$JYJ,13311431171,20111101111829,116.228050,39.888653,428485405,147050059,6,150,1,1,50#
17557,$JYJ,13311211141,20111101112552,116.229149,39.888474,428489432,147049407,30,266,1,1,50#
627,$JYJ,13311566442,20111101112458,116.220749,39.889717,428458534,147054017,17,262,0,0,50#
79545,$JYJ,13331159430,20111101112905,116.228531,39.888466,428487142,147049370,25,270,1,1,50#
37683,$JYJ,13311191408,20111101114154,116.227318,39.884888,428482715,147036188,4,94,0,0,50#
33924,$JYJ,13311566442,20111101114140,116.226715,39.889549,428480472,147053356,15,4,1,1,50#
52479,$JYJ,13381232442,20111101114235,116.227547,39.888184,428483545,147048314,0,102,0,0,50#
17164,$JYJ,13301157471,20111101114555,116.226829,39.888737,428480917,147050358,25,136,0,0,50#
71875,$JYJ,13311488243,20111101114831,116.225731,39.887676,428476850,147046461,0,28,1,1,50#
8329,$JYJ,13331123660,20111101115020,116.227020,39.884659,428481612,147035329,8,162,0,0,50#
69924,$JYJ,13331194301,20111101115827,116.225235,39.887165,428475020,147044567,26,192,1,1,50#
68016,$JYJ,13381068843,20111101120334,116.220802,39.889946,428458708,147054835,6,256,0,0,50#
44783,$JYJ,13301184077,20111101120738,116.225197,39.880131,428474869,147018646,0,182,0,0,50#
46365,$JYJ,13311453242,20111101122814,116.225326,39.887405,428475372,147045461,6,194,0,0,50#
38722,$JYJ,13301254196,20111101124215,116.225914,39.888611,428477543,147049925,13,196,1,1,50#
77356,$JYJ,13301214118,20111101124914,116.222954,39.880947,428466645,147021654,0,0,0,0,50#
89084,$JYJ,13331194301,20111101124948,116.226067,39.889652,428478079,147053762,0,320,0,0,50#
50767,$JYJ,13301214734,20111101130300,116.226433,39.889820,428479420,147054357,43,202,0,0,50#
72353,$JYJ,13311487258,20111101130854,116.225716,39.889519,428476788,147053263,0,136,0,0,50#
92737,$JYJ,13331194078,20111101132441,116.220734,39.889805,428458480,147054344,0,272,0,0,50#
71066,$JYJ,13301155459,20111101132836,116.225647,39.882969,428476522,147029127,0,6,0,0,50#
22323,$JYJ,13311403367,20111101140611,116.225532,39.880249,428476140,147019099,13,354,1,1,50#
3061,$JYJ,13331111451,20111101140505,116.227486,39.888165,428483314,147048247,0,118,0,0,50#
5069,$JYJ,13301157407,20111101141013,116.227181,39.888748,428482174,147050404,0,308,0,0,50#
3376,$JYJ,13311453286,20111101141008,116.226814,39.888943,428480828,147051140,0,318,1,1,50#
20211,$JYJ,13331093439,20111101141108,116.225914,39.884979,428477538,147036517,0,254,1,1,50#
15959,$JYJ,13331194784,20111101141050,116.225586,39.884090,428476321,147033261,23,358,1,1,50#
64839,$JYJ,13311488157,20111101143238,116.225517,39.887066,428476047,147044218,10,18,0,0,50#
51329,$JYJ,13311489429,20111101144211,116.220451,39.889481,428457437,147053143,0,298,1,1,50#
57324,$JYJ,13311403746,20111101144724,116.226631,39.889278,428480173,147052373,17,350,0,0,50#
29989,$JYJ,13311492291,20111101144618,116.225548,39.880779,428476156,147021042,15,0,1,1,50#
6253,$JYJ,13311578433,20111101145012,116.226250,39.889084,428478745,147051643,2,284,0,0,50#
57624,$JYJ,13301208409,20111101150724,116.226616,39.889317,428480096,147052524,19,356,1,1,50#
53470,$JYJ,13321190049,20111101151229,116.225365,39.886555,428475490,147042342,6,10,0,0,50#
81431,$JYJ,13321190049,20111101151345,116.225685,39.887642,428476664,147046342,10,18,1,1,50#
13558,$JYJ,13301156034,20111101152035,116.226448,39.889725,428479484,147054028,15,196,0,0,50#
67339,$JYJ,13301272729,20111101152750,116.226402,39.888855,428479323,147050816,0,0,0,0,50#
32042,$JYJ,13321164876,20111101152621,116.229469,39.888191,428490600,147048368,2,34,1,1,50#
112782,$JYJ,13381069784,20111101153956,116.226730,39.889496,428480538,147053155,15,8,1,1,50#
100219,$JYJ,13321164472,20111101155405,116.225502,39.885326,428476004,147037792,0,352,0,0,50#
38113,$JYJ,13381235481,20111101155132,116.225517,39.880375,428476060,147019562,21,356,2,0,50#
11067,$JYJ,13321164472,20111101155526,116.225998,39.888222,428477841,147048480,19,20,1,1,50#
57200,$JYJ,13311211040,20111101160227,116.227135,39.889397,428482021,147052817,26,136,0,0,50#
92796,$JYJ,13331194405,20111101160356,116.225532,39.887211,428476142,147044764,8,6,1,1,50#
10308,$JYJ,13311495126,20111101160527,116.225693,39.889145,428476695,147051880,0,0,0,0,50#
99198,$JYJ,13311492209,20111101161918,116.227799,39.888836,428484477,147050749,0,136,0,0,50#
97244,$JYJ,13321199343,20111101161910,116.225632,39.888329,428476498,147048860,0,262,0,0,50#
109706,$JYJ,13370122425,20111101162441,116.220787,39.889702,428458676,147053962,0,272,0,0,50#
88914,$JYJ,13311564424,20111101162849,116.225517,39.880299,428476071,147019282,17,358,1,1,50#
27834,$JYJ,13321164902,20111101162614,116.226486,39.887924,428479645,147047360,4,100,0,0,50#
33353,$JYJ,13311489621,20111101163648,116.225487,39.887032,428475942,147044083,4,12,1,1,50#
50767,$JYJ,13311489621,20111101163757,116.228050,39.888252,428485405,147048572,12,86,0,0,50#
66683,$JYJ,13321164340,20111101163852,116.227280,39.888638,428482537,147049995,15,298,1,1,50#
26532,$JYJ,13301208418,20111101164606,116.225433,39.885674,428475763,147039085,0,354,0,0,50#
58193,$JYJ,13311487122,20111101164729,116.221535,39.889912,428461389,147054724,26,220,0,0,50#
66908,$JYJ,13331194984,20111101164752,116.221931,39.880337,428462880,147019429,10,276,0,0,50#
78033,$JYJ,13301214447,20111101165316,116.227264,39.888294,428482506,147048753,10,162,0,0,50#
59114,$JYJ,13331194984,20111101165232,116.225517,39.881279,428476055,147022866,41,0,1,1,50#
10378,$JYJ,13311453382,20111101165523,116.221031,39.889797,428459545,147054288,0,250,0,0,50#
24347,$JYJ,13311568454,20111101165605,116.229469,39.888416,428490633,147049169,43,270,0,0,50#
58391,$JYJ,13311568454,20111101165725,116.226784,39.889698,428480728,147053922,10,8,1,1,50#
81439,$JYJ,13331156453,20111101170335,116.225617,39.883549,428476428,147031232,2,10,0,0,50#
76876,$JYJ,13331194030,20111101170335,116.227150,39.888248,428482057,147048572,15,96,1,1,50#
78800,$JYJ,13301204919,20111101170816,116.225586,39.887192,428476328,147044679,21,16,1,1,50#
6260,$JYJ,13311426141,20111101171011,116.225647,39.882828,428476543,147028590,6,356,1,1,50#
40555,$JYJ,13311487220,20111101171140,116.226715,39.889553,428480485,147053388,0,34,0,0,50#
95322,$JYJ,13311489421,20111101171358,116.225403,39.886360,428475650,147041620,0,2,0,0,50#
76392,$JYJ,13301214701,20111101171808,116.222237,39.888016,428464010,147047718,0,268,0,0,50#
102212,$JYJ,13331194237,20111101172413,116.225548,39.884975,428476171,147036509,13,352,1,1,50#
64119,$JYJ,13301254076,20111101174737,116.225235,39.881443,428475040,147023495,0,178,0,0,50#
114330,$JYJ,13301214498,20111101175940,116.225563,39.884937,428476252,147036380,0,0,0,0,50#
115094,$JYJ,13301214498,20111101175943,116.225563,39.884937,428476236,147036370,0,356,1,1,50#
72883,$JYJ,13301214736,20111101175800,116.227951,39.882622,428485037,147027820,0,90,0,0,50#
42872,$JYJ,13331156480,20111101175644,116.225487,39.889835,428475950,147054412,2,142,1,1,50#
50229,$JYJ,13301214736,20111101180202,116.226517,39.888157,428479731,147048248,17,264,1,1,50#
79427,$JYJ,13331184803,20111101180316,116.221870,39.889114,428462632,147051774,13,40,0,0,50#
55350,$JYJ,13301155854,20111101180716,116.226463,39.889740,428479534,147054082,0,196,0,0,50#
43606,$JYJ,13301204849,20111101181150,116.226769,39.889503,428480680,147053213,19,38,0,0,50#
22338,$JYJ,13311489325,20111101181058,116.227417,39.888317,428483059,147048830,0,116,1,1,50#
111110,$JYJ,13321174609,20111101181936,116.221115,39.880402,428459853,147019673,17,92,1,1,50#
107413,$JYJ,13321174609,20111101182423,116.225632,39.883682,428476505,147031729,0,350,0,0,50#
76572,$JYJ,13311487298,20111101183812,116.226669,39.889515,428480294,147053251,6,40,0,0,50#
26253,$JYJ,13311403134,20111101184109,116.225113,39.885551,428474591,147038621,0,172,0,0,50#
94144,$JYJ,13311489376,20111101184350,116.227631,39.888542,428483847,147049665,8,306,0,0,50#
51581,$JYJ,13311403743,20111101184710,116.226097,39.888172,428478223,147048278,17,82,1,1,50#
26277,$JYJ,13311489362,20111101184604,116.225380,39.883278,428475580,147030265,36,182,0,0,50#
105662,$JYJ,13301204980,20111101190423,116.225304,39.883324,428475276,147030430,28,188,0,0,50#
90477,$JYJ,13301214001,20111101190343,116.225418,39.885716,428475711,147039241,4,2,0,0,50#
21981,$JYJ,13311495386,20111101190054,116.227249,39.888405,428482461,147049159,23,130,0,0,50#
9989,$JYJ,13331093416,20111101190522,116.224869,39.888611,428473671,147049923,0,198,0,0,50#
80899,$JYJ,13311191490,20111101191325,116.225395,39.886375,428475618,147041677,0,0,0,0,50#
81818,$JYJ,13311191490,20111101191329,116.225395,39.886375,428475597,147041664,0,0,0,0,50#
13002,$JYJ,13311403743,20111101191034,116.226067,39.888855,428478089,147050793,0,208,0,0,50#
92669,$JYJ,13321164516,20111101191352,116.226883,39.888901,428481103,147050981,13,130,0,0,50#
35431,$JYJ,13301208468,20111101192627,116.227280,39.888283,428482550,147048703,0,132,0,0,50#
49585,$JYJ,13311426165,20111101192701,116.228020,39.888409,428485274,147049147,15,82,1,1,50#
108955,$JYJ,13381232488,20111101192929,116.220398,39.889221,428457228,147052185,0,282,0,0,50#
57214,$JYJ,13301214074,20111101193222,116.224930,39.888557,428473923,147049705,0,184,0,0,50#
89125,$JYJ,13331154781,20111101193340,116.220985,39.889599,428459405,147053576,0,184,0,0,50#
56489,$JYJ,13331194934,20111101193223,116.225685,39.883793,428476689,147032139,0,0,0,0,50#
61200,$JYJ,13331194934,20111101193234,116.225685,39.883793,428476678,147032138,0,0,0,0,50#
60317,$JYJ,13311191490,20111101193728,116.225395,39.886375,428475637,147041667,0,0,0,0,50#
28133,$JYJ,13381100824,20111101193612,116.226364,39.889687,428479198,147053874,15,198,0,0,50#
60194,$JYJ,13301125436,20111101194729,116.225502,39.885170,428476010,147037210,10,356,1,1,50#
83445,$JYJ,13311431453,20111101194830,116.220581,39.889790,428457913,147054261,0,54,0,0,50#
104173,$JYJ,13331194934,20111101194921,116.225685,39.883793,428476682,147032142,0,0,0,0,50#
7504,$JYJ,13331154839,20111101195018,116.224716,39.889790,428473098,147054275,0,126,0,0,50#
46458,$JYJ,13301126468,20111101195726,116.227570,39.888321,428483612,147048821,0,130,0,0,50#
114280,$JYJ,13301156184,20111101200948,116.227852,39.882652,428484659,147027921,0,86,0,0,50#
92141,$JYJ,13321164382,20111101201351,116.225548,39.881619,428476167,147024139,10,0,1,1,50#
72388,$JYJ,13301156415,20111101201756,116.221031,39.884178,428459571,147033577,13,54,0,0,50#
41850,$JYJ,13311426141,20111101201643,116.227432,39.889175,428483139,147051992,6,134,0,0,50#
50226,$JYJ,13311022304,20111101202206,116.221199,39.889591,428460167,147053525,0,0,0,0,50#
105771,$JYJ,13321174859,20111101202422,116.225418,39.885738,428475720,147039338,0,358,0,0,50#
47969,$JYJ,13331159487,20111101202159,116.227501,39.889080,428483369,147051627,10,314,0,0,50#
3247,$JYJ,13370189159,20111101203507,116.227966,39.882652,428485069,147027946,0,134,0,0,50#
8955,$JYJ,13301214143,20111101204021,116.225952,39.888165,428477663,147048247,12,10,1,1,50#
66533,$JYJ,13311426141,20111101204259,116.226784,39.889622,428480725,147053640,10,8,1,1,50#
99546,$JYJ,13331154748,20111101204422,116.225151,39.889912,428474739,147054724,0,160,1,1,50#
77549,$JYJ,13311431263,20111101204815,116.227234,39.889278,428482382,147052352,17,134,0,0,50#
82164,$JYJ,13321183460,20111101204826,116.225967,39.889740,428477724,147054062,26,312,1,1,50#
14202,$JYJ,13331186409,20111101204540,116.225433,39.887379,428475773,147045362,0,222,0,0,50#
36687,$JYJ,13301164957,20111101205132,116.222931,39.888500,428466529,147049503,0,16,0,0,50#
2563,$JYJ,13331154872,20111101205004,116.226196,39.888138,428478551,147048152,4,268,0,0,50#
17244,$JYJ,13301156457,20111101210040,116.225617,39.883285,428476437,147030264,26,0,0,0,50#
84939,$JYJ,13311431171,20111101210330,116.223999,39.888485,428470485,147049436,0,296,0,0,50#
19756,$JYJ,13321174978,20111101210044,116.225601,39.884052,428476382,147033104,19,2,1,1,50#
18486,$JYJ,13331111466,20111101210044,116.225617,39.884205,428476412,147033659,25,356,1,1,50#
33208,$JYJ,13311431171,20111101210622,116.225563,39.888207,428476230,147048406,6,142,1,1,50#
41900,$JYJ,13301254341,20111101211143,116.225632,39.883045,428476475,147029406,12,12,0,0,50#
50301,$JYJ,13321164570,20111101211206,116.226356,39.888763,428479152,147050480,17,22,1,1,50#
118705,$JYJ,13301214511,20111101211948,116.227035,39.888203,428481649,147048402,17,262,0,0,50#
51961,$JYJ,13301254341,20111101211709,116.226784,39.889679,428480728,147053828,12,12,1,1,50#
10972,$JYJ,13311453309,20111101211529,116.227249,39.888405,428482430,147049140,0,0,0,0,50#
115915,$JYJ,13311403382,20111101212439,116.221733,39.885109,428462157,147037004,0,176,0,0,50#
2262,$JYJ,13331194405,20111101212507,116.226952,39.888229,428481355,147048507,2,90,0,0,50#
11987,$JYJ,13311403382,20111101213029,116.228134,39.888256,428485686,147048592,15,88,1,1,50#
79714,$JYJ,13321174757,20111101213314,116.227547,39.888237,428483544,147048512,0,104,0,0,50#
109794,$JYJ,13301204987,20111101213932,116.224419,39.887962,428472003,147047518,2,246,0,0,50#
32307,$JYJ,13311470495,20111101214124,116.225784,39.888287,428477030,147048724,4,196,0,0,50#
34984,$JYJ,13321164430,20111101214126,116.227432,39.889095,428483127,147051681,0,148,0,0,50#
41072,$JYJ,13311488205,20111101214642,116.220848,39.889759,428458901,147054172,8,274,0,0,50#
35579,$JYJ,13331156425,20111101214628,116.227348,39.888290,428482817,147048712,10,132,0,0,50#
56081,$JYJ,13331194775,20111101214719,116.220818,39.889744,428458756,147054100,4,230,0,0,50#
2449,$JYJ,13311566514,20111101215505,116.225586,39.888115,428476341,147048090,0,234,0,0,50#
114649,$JYJ,13311431127,20111101220444,116.226936,39.889530,428481312,147053297,4,144,0,0,50#
45665,$JYJ,13331154938,20111101220653,116.225250,39.881104,428475093,147022231,0,188,0,0,50#
39068,$JYJ,13331184819,20111101222640,116.228264,39.888107,428486199,147048062,36,94,0,0,50#
15477,$JYJ,13301214880,20111101224038,116.221214,39.889896,428460249,147054670,8,292,0,0,50#
106078,$JYJ,13321189854,20111101225926,116.227219,39.889255,428482317,147052266,4,146,0,0,50#
51209,$JYJ,13311453211,20111101230711,116.225258,39.888191,428475124,147048373,0,0,0,0,50#
91982,$JYJ,13321164556,20111101230848,116.227768,39.882809,428484331,147028504,0,70,0,0,50#
24686,$JYJ,13321164430,20111101231100,116.225647,39.883835,428476537,147032287,15,4,1,1,50#
29504,$JYJ,13301157431,20111101231611,116.221352,39.889713,428460735,147054006,8,254,0,0,50#
85263,$JYJ,13321164902,20111101232332,116.225632,39.889954,428476501,147054856,8,314,1,1,50#
3821,$JYJ,13311453471,20111101233007,116.225532,39.887249,428476105,147044902,12,188,1,1,50#
5554,$JYJ,13331194167,20111101234010,116.225266,39.885494,428475153,147038417,0,170,0,0,50#
40313,$JYJ,13331156441,20111101234644,116.225716,39.888554,428476791,147049683,4,222,0,0,50#
