87381,$JYJ,13321189894,20111101010930,116.240616,39.971832,428531683,147356676,0,108,1,1,50#
12822,$JYJ,13311426466,20111101011039,116.243111,39.977150,428540885,147376266,0,0,0,0,50#
51771,$JYJ,13321199847,20111101013246,116.242218,39.976990,428537613,147375679,0,0,0,0,50#
53082,$JYJ,13321199847,20111101013250,116.242218,39.976990,428537597,147375703,0,0,0,0,50#
83934,$JYJ,13311488221,20111101021444,116.245613,39.977688,428550129,147378247,2,192,0,0,50#
6974,$JYJ,13331154855,20111101051318,116.245766,39.977493,428550676,147377550,12,126,0,0,50#
30706,$JYJ,13321199847,20111101053643,116.242218,39.976990,428537596,147375698,0,0,0,0,50#
56130,$JYJ,13311565964,20111101065739,116.246452,39.971840,428553201,147356714,32,88,1,1,50#
79200,$JYJ,13301214752,20111101070337,116.244331,39.979813,428545376,147386087,15,62,1,1,50#
89457,$JYJ,13321174646,20111101070918,116.242981,39.977108,428540409,147376127,6,250,1,1,50#
53728,$JYJ,13331111470,20111101070737,116.246834,39.971924,428554593,147357010,15,84,1,1,50#
95217,$JYJ,13311487292,20111101071932,116.240646,39.971909,428531811,147356941,21,90,1,1,50#
29052,$JYJ,13311301034,20111101072620,116.240082,39.972057,428529744,147357519,0,284,0,0,50#
65894,$JYJ,13301157453,20111101075305,116.249748,39.975399,428565354,147369823,4,298,0,0,50#
23549,$JYJ,13311486507,20111101080105,116.249237,39.975327,428563476,147369537,13,82,0,0,50#
21315,$JYJ,13311426221,20111101081109,116.243286,39.972034,428541523,147357418,21,266,0,0,50#
85012,$JYJ,13301156484,20111101082443,116.249733,39.975433,428565288,147369960,4,300,0,0,50#
12689,$JYJ,13311453421,20111101082044,116.240082,39.970276,428529731,147350937,8,178,0,0,50#
46566,$JYJ,13321183452,20111101082250,116.242813,39.972595,428539792,147359471,2,176,0,0,50#
16627,$JYJ,13321183452,20111101082557,116.245003,39.971893,428547874,147356901,23,88,1,1,50#
82733,$JYJ,13321174867,20111101083427,116.242683,39.974037,428539338,147364788,4,348,0,0,50#
27301,$JYJ,13331188542,20111101083627,116.248337,39.973721,428560169,147363648,0,354,0,0,50#
37340,$JYJ,13321174867,20111101084727,116.242081,39.972713,428537099,147359938,6,150,1,1,50#
48634,$JYJ,13301131646,20111101085740,116.242119,39.977181,428537229,147376387,0,352,0,0,50#
74715,$JYJ,13311486309,20111101091856,116.242081,39.976540,428537105,147374045,25,166,1,1,50#
63899,$JYJ,13311489307,20111101092334,116.242149,39.976925,428537364,147375443,0,44,0,0,50#
86562,$JYJ,13311489307,20111101092448,116.242081,39.976463,428537081,147373739,12,168,1,1,50#
63621,$JYJ,13381095774,20111101092333,116.249046,39.971954,428562744,147357125,19,84,1,1,50#
56448,$JYJ,13301155415,20111101092811,116.240669,39.971863,428531900,147356775,15,86,1,1,50#
21122,$JYJ,13301214845,20111101093102,116.248550,39.971916,428560946,147356984,26,84,1,1,50#
8393,$JYJ,13311431407,20111101093026,116.245087,39.971840,428548184,147356698,21,88,1,1,50#
46197,$JYJ,13311492323,20111101093221,116.242134,39.977001,428537309,147375716,2,348,0,0,50#
75806,$JYJ,13381102364,20111101093908,116.248886,39.974583,428562156,147366817,13,268,0,0,50#
93188,$JYJ,13381102364,20111101094445,116.242599,39.971954,428539020,147357111,21,268,1,1,50#
85211,$JYJ,13311403325,20111101095418,116.246681,39.979404,428554043,147384575,0,176,0,0,50#
83585,$JYJ,13321183460,20111101100445,116.240601,39.971947,428531644,147357109,23,270,1,1,50#
47238,$JYJ,13331194563,20111101100746,116.249931,39.975113,428566027,147368751,4,264,0,0,50#
18802,$JYJ,13301254250,20111101101101,116.249000,39.971943,428562582,147357064,0,100,0,0,50#
22872,$JYJ,13331194563,20111101101119,116.243286,39.971893,428541543,147356913,15,88,1,1,50#
39686,$JYJ,13381235433,20111101101704,116.242333,39.972572,428538014,147359398,12,86,1,1,50#
51796,$JYJ,13311470352,20111101102737,116.248032,39.972229,428559040,147358140,0,274,0,0,50#
86254,$JYJ,13311470352,20111101102924,116.247452,39.972061,428556883,147357529,23,264,1,1,50#
23505,$JYJ,13331093468,20111101102610,116.248047,39.972080,428559090,147357580,15,270,0,0,50#
44026,$JYJ,13381083444,20111101102712,116.242882,39.972572,428540042,147359388,0,292,0,0,50#
54117,$JYJ,13321174683,20111101103753,116.244949,39.971844,428547689,147356712,13,80,1,1,50#
71934,$JYJ,13311480672,20111101104847,116.247139,39.978176,428555754,147380068,0,0,0,0,50#
62162,$JYJ,13321164540,20111101104813,116.249100,39.971920,428562953,147357007,0,76,1,1,50#
93328,$JYJ,13301214557,20111101105450,116.248497,39.972042,428560721,147357430,17,266,1,1,50#
80320,$JYJ,13311403540,20111101105920,116.242432,39.971848,428538409,147356719,0,82,0,0,50#
38145,$JYJ,13331159454,20111101110202,116.243568,39.979732,428542604,147385795,28,248,0,0,50#
29645,$JYJ,13311426466,20111101111139,116.248169,39.971893,428559541,147356882,25,86,1,1,50#
23420,$JYJ,13311431134,20111101112113,116.248367,39.972107,428560260,147357668,2,280,0,0,50#
47054,$JYJ,13311431134,20111101112235,116.248413,39.972107,428560412,147357687,0,100,1,1,50#
66517,$JYJ,13311431134,20111101112339,116.247315,39.977947,428556380,147379199,0,354,0,0,50#
24905,$JYJ,13311431302,20111101112615,116.248634,39.971592,428561234,147355786,0,312,0,0,50#
27855,$JYJ,13301214293,20111101113120,116.243034,39.972214,428540621,147358067,19,2,0,0,50#
99643,$JYJ,13301214293,20111101113452,116.243034,39.972103,428540604,147357662,0,170,1,1,50#
60621,$JYJ,13311486285,20111101114305,116.245934,39.972038,428551286,147357425,43,266,1,1,50#
54765,$JYJ,13301184070,20111101121318,116.247902,39.972141,428558546,147357804,0,310,0,0,50#
51726,$JYJ,13311426055,20111101121828,116.249031,39.971943,428562729,147357066,0,92,0,0,50#
10317,$JYJ,13311426436,20111101122036,116.247887,39.972172,428558500,147357935,0,354,0,0,50#
57691,$JYJ,13311426436,20111101122336,116.249100,39.971954,428562977,147357116,12,84,1,1,50#
83758,$JYJ,13321174817,20111101130928,116.240967,39.971855,428533015,147356778,10,90,0,0,50#
89774,$JYJ,13311495309,20111101131953,116.243034,39.971947,428540621,147357090,13,274,1,1,50#
93458,$JYJ,13301204842,20111101132442,116.240913,39.971901,428532813,147356930,19,88,1,1,50#
20179,$JYJ,13321174739,20111101132058,116.249664,39.972107,428565052,147357683,47,268,0,0,50#
37803,$JYJ,13321174739,20111101132156,116.248085,39.972130,428559224,147357763,15,262,1,1,50#
6227,$JYJ,13321183497,20111101132019,116.243080,39.977219,428540766,147376546,0,8,0,0,50#
76735,$JYJ,13311431196,20111101133355,116.242180,39.972553,428537461,147359325,10,128,1,1,50#
75936,$JYJ,13381066542,20111101133912,116.240181,39.970841,428530086,147353018,30,356,1,1,50#
38815,$JYJ,13311162445,20111101135205,116.242333,39.972611,428538041,147359540,2,310,0,0,50#
66480,$JYJ,13321164909,20111101135839,116.247047,39.971836,428555406,147356693,2,100,0,0,50#
41053,$JYJ,13321164406,20111101140211,116.248726,39.971470,428561569,147355330,6,270,0,0,50#
68089,$JYJ,13331194039,20111101140333,116.246964,39.971928,428555071,147357024,43,88,1,1,50#
4352,$JYJ,13331159462,20111101140510,116.242203,39.972611,428537544,147359558,0,340,0,0,50#
88633,$JYJ,13301207947,20111101141944,116.249947,39.974316,428566067,147365826,0,270,0,0,50#
31035,$JYJ,13311486219,20111101143118,116.247780,39.971996,428558082,147357271,15,260,1,1,50#
44487,$JYJ,13331093412,20111101144155,116.248413,39.973637,428560447,147363332,0,270,0,0,50#
28388,$JYJ,13331194362,20111101144110,116.248535,39.972099,428560887,147357662,0,270,0,0,50#
99601,$JYJ,13331194362,20111101144408,116.247963,39.971977,428558785,147357196,19,82,1,1,50#
8456,$JYJ,13381100694,20111101144522,116.248314,39.971950,428560060,147357121,6,84,1,1,50#
31879,$JYJ,13301127423,20111101145118,116.247948,39.972138,428558711,147357786,12,274,0,0,50#
54779,$JYJ,13301127423,20111101145216,116.247719,39.972130,428557853,147357778,17,264,1,1,50#
82479,$JYJ,13311492326,20111101145325,116.243851,39.976849,428543632,147375155,0,40,0,0,50#
15365,$JYJ,13301157149,20111101145540,116.242119,39.976967,428537226,147375620,0,346,2,0,50#
102234,$JYJ,13311486219,20111101150420,116.248383,39.973698,428560316,147363536,0,82,0,0,50#
57446,$JYJ,13311489358,20111101150224,116.249000,39.970520,428562593,147351841,0,64,0,0,50#
67823,$JYJ,13311426385,20111101150751,116.248283,39.972122,428559971,147357731,17,264,1,1,50#
113217,$JYJ,13311489565,20111101150948,116.248581,39.971973,428561071,147357197,30,88,1,1,50#
100152,$JYJ,13311581407,20111101150912,116.240700,39.972557,428532033,147359346,12,86,1,1,50#
12943,$JYJ,13331037134,20111101150536,116.243019,39.972721,428540548,147359945,0,354,0,0,50#
55304,$JYJ,13331037134,20111101150723,116.248596,39.971985,428561118,147357220,30,82,1,1,50#
106277,$JYJ,13321164760,20111101151452,116.244217,39.979992,428544972,147386766,17,252,0,0,50#
38751,$JYJ,13321164760,20111101151639,116.244247,39.979912,428545094,147386447,23,70,1,1,50#
48177,$JYJ,13331156445,20111101151707,116.248100,39.972107,428559293,147357692,2,286,0,0,50#
65585,$JYJ,13311495021,20111101152248,116.248901,39.971916,428562214,147356968,0,136,0,0,50#
26690,$JYJ,13370122431,20111101152110,116.245331,39.971897,428549091,147356900,28,88,1,1,50#
15479,$JYJ,13301214040,20111101152543,116.242699,39.972527,428539368,147359246,0,258,0,0,50#
45088,$JYJ,13311191480,20111101153151,116.248650,39.972126,428561319,147357747,0,266,0,0,50#
82262,$JYJ,13311470379,20111101153341,116.242203,39.972641,428537532,147359668,8,110,1,1,50#
45743,$JYJ,13381068904,20111101153700,116.247887,39.972134,428558507,147357774,13,278,0,0,50#
118194,$JYJ,13311426085,20111101154949,116.243584,39.971890,428542619,147356886,30,88,1,1,50#
79470,$JYJ,13311487224,20111101154820,116.249115,39.971954,428562998,147357115,17,84,1,1,50#
88233,$JYJ,13331156451,20111101154837,116.245064,39.970188,428548070,147350624,13,178,0,0,50#
16039,$JYJ,13321164792,20111101155042,116.249382,39.974216,428564009,147365471,4,270,0,0,50#
94855,$JYJ,13381101784,20111101155355,116.240547,39.971928,428531446,147357043,26,90,1,1,50#
13183,$JYJ,13311564457,20111101155536,116.242119,39.972683,428537227,147359806,0,16,0,0,50#
86359,$JYJ,13331159484,20111101160336,116.248787,39.971458,428561792,147355292,0,270,0,0,50#
80574,$JYJ,13381095314,20111101160323,116.249702,39.975426,428565169,147369903,0,226,0,0,50#
53835,$JYJ,13321199847,20111101161723,116.242142,39.977112,428537307,147376132,0,0,0,0,50#
55182,$JYJ,13321199847,20111101161727,116.242142,39.977112,428537329,147376141,0,0,0,0,50#
104053,$JYJ,13321199847,20111101161932,116.242058,39.977226,428537027,147376569,6,234,1,1,50#
51536,$JYJ,13331093490,20111101163804,116.240196,39.970753,428530150,147352684,25,356,1,1,50#
20504,$JYJ,13301204945,20111101164054,116.246788,39.972023,428554451,147357371,0,0,0,0,50#
106919,$JYJ,13301204945,20111101164434,116.248474,39.971939,428560643,147357053,6,90,1,1,50#
31232,$JYJ,13311486285,20111101164622,116.243034,39.972138,428540633,147357808,17,166,1,1,50#
22101,$JYJ,13311486219,20111101165059,116.242134,39.972721,428537287,147359956,2,124,1,1,50#
16213,$JYJ,13321174592,20111101165542,116.240685,39.971771,428531977,147356447,0,70,0,0,50#
63583,$JYJ,13311431514,20111101170741,116.247932,39.975292,428558661,147369439,17,168,1,1,50#
35197,$JYJ,13331063413,20111101170627,116.249886,39.975513,428565860,147370242,10,266,0,0,50#
72290,$JYJ,13331063413,20111101170759,116.249886,39.975449,428565878,147370019,13,96,1,1,50#
47908,$JYJ,13311426113,20111101171700,116.242149,39.972801,428537373,147360244,10,204,1,1,50#
27131,$JYJ,13311023504,20111101172108,116.247887,39.971931,428558470,147357028,17,84,1,1,50#
110499,$JYJ,13311453326,20111101172429,116.247398,39.977348,428556693,147376997,41,346,0,0,50#
3946,$JYJ,13311487206,20111101172507,116.242897,39.976688,428540120,147374592,0,286,0,0,50#
32351,$JYJ,13311487206,20111101172621,116.242897,39.976700,428540090,147374629,0,106,1,1,50#
113116,$JYJ,13331194097,20111101172936,116.244202,39.979870,428544932,147386319,2,250,0,0,50#
80588,$JYJ,13331156459,20111101173322,116.247215,39.978050,428556033,147379587,0,336,0,0,50#
59456,$JYJ,13331156459,20111101173731,116.249847,39.979824,428565730,147386120,23,142,1,1,50#
28611,$JYJ,13311191498,20111101174610,116.244370,39.979950,428545516,147386612,36,254,0,0,50#
8607,$JYJ,13331194097,20111101174519,116.241753,39.978992,428535906,147383062,10,4,1,1,50#
102114,$JYJ,13301136194,20111101175845,116.240265,39.970562,428530428,147352009,15,354,1,1,50#
13210,$JYJ,13331194928,20111101175531,116.244919,39.971691,428547571,147356144,8,20,1,1,50#
88091,$JYJ,13311431528,20111101180336,116.247597,39.971928,428557404,147357009,19,86,1,1,50#
112142,$JYJ,13311490941,20111101181940,116.248352,39.971950,428560207,147357092,12,84,1,1,50#
39744,$JYJ,13321174646,20111101182636,116.244370,39.979950,428545529,147386607,32,252,0,0,50#
60467,$JYJ,13301208445,20111101183233,116.242165,39.972824,428537392,147360332,6,14,1,1,50#
76941,$JYJ,13321180224,20111101183813,116.242149,39.972839,428537354,147360388,0,126,1,1,50#
108050,$JYJ,13301204898,20111101184425,116.242798,39.972576,428539725,147359415,0,168,1,1,50#
90042,$JYJ,13311487114,20111101185341,116.242104,39.976940,428537199,147375517,0,32,0,0,50#
120888,$JYJ,13311487114,20111101185457,116.242104,39.976562,428537173,147374102,13,168,1,1,50#
116223,$JYJ,13311453334,20111101191949,116.247093,39.971924,428555580,147356997,10,88,1,1,50#
68299,$JYJ,13301204985,20111101194252,116.243019,39.977436,428540540,147377325,0,352,0,0,50#
13815,$JYJ,13311453490,20111101194531,116.248901,39.971989,428562241,147357243,8,76,1,1,50#
90047,$JYJ,13311486530,20111101194843,116.243752,39.977371,428543267,147377084,19,70,0,0,50#
55621,$JYJ,13311480666,20111101195219,116.247169,39.978100,428555841,147379782,30,344,0,0,50#
37496,$JYJ,13311431133,20111101201632,116.247284,39.977898,428556252,147379042,0,58,0,0,50#
38071,$JYJ,13331156413,20111101202632,116.248253,39.971821,428559848,147356629,12,102,1,1,50#
17960,$JYJ,13331063494,20111101204059,116.248398,39.972073,428560389,147357562,0,270,0,0,50#
115840,$JYJ,13311403482,20111101212946,116.242180,39.976425,428537461,147373614,34,348,0,0,50#
20479,$JYJ,13311403482,20111101213054,116.242058,39.976944,428537031,147375507,10,166,1,1,50#
32061,$JYJ,13381235459,20111101215118,116.241547,39.971855,428535148,147356753,30,88,1,1,50#
38820,$JYJ,13311566143,20111101222637,116.243149,39.971840,428541031,147356706,28,88,1,1,50#
27886,$JYJ,13311426082,20111101223111,116.249397,39.975369,428564045,147369720,17,258,1,1,50#
54208,$JYJ,13331194964,20111101223207,116.244682,39.979931,428546697,147386526,36,250,0,0,50#
50441,$JYJ,13311489639,20111101230207,116.245445,39.971859,428549490,147356777,0,0,0,0,50#
17241,$JYJ,13301272109,20111101232539,116.243065,39.971855,428540723,147356770,19,90,1,1,50#
