9754,$JYJ,13331194867,20111101000028,116.345283,40.006435,428918063,147484707,12,264,1,1,50#
47898,$JYJ,13311300740,20111101000729,116.346039,40.004703,428920863,147478314,15,180,0,0,50#
1630,$JYJ,13311453372,20111101000511,116.344681,40.001270,428915866,147465653,10,36,0,0,50#
69263,$JYJ,13311495380,20111101000832,116.346718,40.000027,428923379,147461080,0,0,0,0,50#
13024,$JYJ,13370126479,20111101000543,116.344299,40.006466,428914443,147484810,10,274,1,1,50#
49219,$JYJ,13370189193,20111101001231,116.341865,40.008499,428905431,147492306,0,0,0,0,50#
49450,$JYJ,13321164567,20111101002727,116.346184,40.003006,428921407,147472070,28,170,0,0,50#
8504,$JYJ,13311487173,20111101003521,116.346603,40.006443,428922944,147484732,0,352,0,0,50#
73720,$JYJ,13311431276,20111101004330,116.345985,40.008987,428920674,147494124,13,178,1,1,50#
17318,$JYJ,13331194138,20111101004047,116.342636,40.000923,428908314,147464388,19,178,0,0,50#
32174,$JYJ,13311426197,20111101004630,116.342735,40.003117,428908673,147472471,0,34,0,0,50#
97636,$JYJ,13321174701,20111101004956,116.342834,40.003399,428909043,147473508,0,16,0,0,50#
24928,$JYJ,13311403482,20111101005113,116.345344,40.009197,428918310,147494879,12,92,1,1,50#
83989,$JYJ,13331188704,20111101005409,116.346748,40.006313,428923510,147484271,12,80,1,1,50#
62412,$JYJ,13301208436,20111101005807,116.342720,40.001507,428908592,147466508,0,2,0,0,50#
89788,$JYJ,13311426453,20111101010426,116.341965,40.006397,428905810,147484532,0,264,0,0,50#
19590,$JYJ,13311571846,20111101010053,116.340050,40.004623,428898729,147477992,0,328,0,0,50#
13300,$JYJ,13311426453,20111101010537,116.341949,40.006397,428905774,147484563,4,176,1,1,50#
41960,$JYJ,13311492170,20111101010706,116.344750,40.009193,428916112,147494867,4,92,1,1,50#
44207,$JYJ,13311492170,20111101010719,116.345184,40.009232,428917706,147495026,0,100,0,0,50#
65238,$JYJ,13311486267,20111101011241,116.349602,40.009533,428934050,147496173,4,344,0,0,50#
16492,$JYJ,13381078294,20111101012548,116.346298,40.009686,428921841,147496694,28,10,0,0,50#
70584,$JYJ,13381078294,20111101012840,116.345947,40.009190,428920527,147494882,10,160,1,1,50#
70245,$JYJ,13311495334,20111101014348,116.342789,40.003346,428908880,147473303,0,0,0,0,50#
64400,$JYJ,13381100504,20111101020330,116.345917,40.009216,428920430,147494981,12,170,1,1,50#
70798,$JYJ,13311162421,20111101021359,116.345932,40.009174,428920457,147494828,0,178,1,1,50#
33595,$JYJ,13311453335,20111101021150,116.346130,40.009865,428921218,147497345,0,170,1,1,50#
54706,$JYJ,13311486317,20111101021307,116.341850,40.007214,428905402,147487545,23,178,0,0,50#
38973,$JYJ,13331187097,20111101021708,116.347580,40.000042,428926560,147461165,8,278,1,1,50#
45192,$JYJ,13381100504,20111101022231,116.343300,40.009205,428910746,147494921,17,294,0,0,50#
15844,$JYJ,13321164339,20111101025052,116.345985,40.009209,428920660,147494926,15,174,1,1,50#
74778,$JYJ,13311300724,20111101025928,116.340591,40.006267,428900737,147484046,0,0,0,0,50#
56955,$JYJ,13311495004,20111101025821,116.346764,40.000355,428923556,147462313,30,358,0,0,50#
10104,$JYJ,13311191473,20111101030033,116.346230,40.002228,428921585,147469210,23,178,1,1,50#
81259,$JYJ,13311403257,20111101031449,116.346184,40.004818,428921382,147478764,0,146,0,0,50#
12198,$JYJ,13331194200,20111101031043,116.346619,40.002605,428923027,147470614,45,358,0,0,50#
45365,$JYJ,13321174737,20111101032245,116.345657,40.002647,428919459,147470739,0,0,0,0,50#
68823,$JYJ,13331194381,20111101032407,116.346046,40.008457,428920902,147492163,4,184,0,0,50#
64824,$JYJ,13321180457,20111101033359,116.346283,40.007435,428921783,147488391,12,172,1,1,50#
4855,$JYJ,13331194909,20111101033309,116.345482,40.009071,428918795,147494416,4,176,1,1,50#
1240,$JYJ,13321174737,20111101034003,116.341949,40.006325,428905771,147484291,6,268,0,0,50#
70950,$JYJ,13301254110,20111101035924,116.347183,40.003258,428925090,147473002,0,18,0,0,50#
59820,$JYJ,13311480652,20111101040850,116.342796,40.001476,428908900,147466407,0,0,0,0,50#
32318,$JYJ,13301254110,20111101042703,116.346199,40.003651,428921463,147474434,6,152,1,1,50#
17892,$JYJ,13321199843,20111101043605,116.345665,40.002861,428919464,147471552,2,170,1,1,50#
24685,$JYJ,13311453492,20111101044129,116.346153,40.002987,428921270,147472009,12,184,1,1,50#
58270,$JYJ,13331184989,20111101051327,116.346169,40.002506,428921366,147470227,10,170,1,1,50#
42578,$JYJ,13301214149,20111101053224,116.346313,40.000870,428921870,147464214,0,352,0,0,50#
54728,$JYJ,13331194455,20111101054757,116.345886,40.009216,428920324,147494952,15,170,1,1,50#
32655,$JYJ,13301127442,20111101055144,116.342865,40.006287,428909152,147484153,15,100,1,1,50#
38146,$JYJ,13301254110,20111101055159,116.346031,40.003674,428920850,147474545,6,166,1,1,50#
31246,$JYJ,13311022144,20111101060634,116.346184,40.002377,428921421,147469740,17,172,1,1,50#
39072,$JYJ,13331154738,20111101060703,116.342499,40.006287,428907771,147484134,2,96,1,1,50#
84138,$JYJ,13301214168,20111101061914,116.341904,40.006443,428905598,147484702,0,218,1,1,50#
72549,$JYJ,13321164583,20111101061837,116.346435,40.005875,428922329,147482654,28,0,0,0,50#
66866,$JYJ,13331194867,20111101061821,116.346230,40.002594,428921591,147470570,67,176,1,1,50#
3980,$JYJ,13311162453,20111101062011,116.346283,40.003197,428921778,147472775,21,180,1,1,50#
59164,$JYJ,13311489377,20111101062255,116.345901,40.006073,428920355,147483363,19,184,1,1,50#
50641,$JYJ,13311488223,20111101062732,116.346191,40.001556,428921446,147466714,30,178,1,1,50#
91338,$JYJ,13331093442,20111101062927,116.342949,40.001770,428909445,147467479,0,160,1,1,50#
49339,$JYJ,13301174958,20111101063223,116.345932,40.009747,428920493,147496938,0,178,1,1,50#
100589,$JYJ,13311470449,20111101063458,116.340981,40.006352,428902171,147484361,19,88,1,1,50#
14689,$JYJ,13321164583,20111101063039,116.345886,40.003731,428920289,147474728,13,174,1,1,50#
58477,$JYJ,13311426038,20111101063749,116.341949,40.006329,428905780,147484293,10,60,1,1,50#
40176,$JYJ,13311403728,20111101064150,116.345932,40.008987,428920493,147494138,17,178,1,1,50#
26815,$JYJ,13311162458,20111101064734,116.347733,40.006573,428927133,147485248,23,260,1,1,50#
60932,$JYJ,13331159499,20111101065754,116.346016,40.006130,428920769,147483583,15,178,1,1,50#
4690,$JYJ,13311488124,20111101071010,116.346130,40.009636,428921223,147496521,23,350,0,0,50#
88291,$JYJ,13321174606,20111101071910,116.341850,40.006313,428905388,147484227,17,266,0,0,50#
44255,$JYJ,13321174606,20111101072208,116.341797,40.006321,428905214,147484253,10,76,1,1,50#
99040,$JYJ,13311492197,20111101072947,116.346268,40.006214,428921709,147483908,0,2,0,0,50#
87652,$JYJ,13381066884,20111101072910,116.345070,40.006298,428917290,147484197,26,92,1,1,50#
49699,$JYJ,13381069634,20111101073225,116.342819,40.006298,428908982,147484192,0,96,1,1,50#
71727,$JYJ,13321164909,20111101080323,116.346283,40.009766,428921792,147497002,28,350,0,0,50#
79023,$JYJ,13331194630,20111101080329,116.347534,40.006569,428926376,147485204,21,264,0,0,50#
87415,$JYJ,13311453224,20111101080957,116.346321,40.007835,428921917,147489885,17,0,0,0,50#
56132,$JYJ,13301214650,20111101081304,116.346230,40.009384,428921576,147495603,30,356,0,0,50#
38771,$JYJ,13331194235,20111101081204,116.340035,40.006344,428898675,147484325,0,234,0,0,50#
75612,$JYJ,13331194235,20111101081404,116.340584,40.006329,428900699,147484279,32,90,1,1,50#
33605,$JYJ,13331156422,20111101081703,116.346664,40.002914,428923177,147471738,2,358,0,0,50#
53966,$JYJ,13331156422,20111101081821,116.346634,40.003838,428923060,147475147,19,4,1,1,50#
26722,$JYJ,13311403355,20111101082629,116.346367,40.009617,428922099,147496461,21,0,0,0,50#
19347,$JYJ,13331063485,20111101083056,116.346550,40.002113,428922769,147468791,58,356,0,0,50#
51917,$JYJ,13331063485,20111101083238,116.346199,40.003807,428921453,147475041,8,166,1,1,50#
90374,$JYJ,13331154811,20111101083447,116.344719,40.006256,428916005,147484038,12,102,1,1,50#
70432,$JYJ,13321180246,20111101083847,116.346214,40.002113,428921520,147468787,39,358,0,0,50#
31914,$JYJ,13301277595,20111101084141,116.343018,40.006290,428909710,147484176,0,110,0,0,50#
38930,$JYJ,13301277595,20111101084206,116.343834,40.006313,428912708,147484254,32,88,1,1,50#
58037,$JYJ,13321180246,20111101084312,116.341331,40.006271,428903461,147484095,10,94,1,1,50#
82187,$JYJ,13321199483,20111101084441,116.341583,40.006378,428904390,147484486,0,110,1,1,50#
37728,$JYJ,13301156454,20111101085204,116.342369,40.006306,428907311,147484213,25,84,1,1,50#
64760,$JYJ,13301214058,20111101085336,116.345947,40.009537,428920530,147496139,0,176,0,0,50#
5182,$JYJ,13301214148,20111101090016,116.342041,40.006332,428906114,147484301,17,88,1,1,50#
61467,$JYJ,13311480675,20111101090340,116.346497,40.005371,428922561,147480796,0,354,0,0,50#
75626,$JYJ,13311480675,20111101090427,116.346519,40.005371,428922640,147480809,6,348,1,1,50#
61007,$JYJ,13321174998,20111101090337,116.346466,40.006088,428922441,147483433,0,354,0,0,50#
55457,$JYJ,13331187025,20111101090319,116.341713,40.006302,428904896,147484183,6,68,1,1,50#
49374,$JYJ,13381153637,20111101090302,116.346252,40.002548,428921660,147470393,41,174,1,1,50#
2354,$JYJ,13311403528,20111101090503,116.342781,40.001388,428908852,147466077,12,22,0,0,50#
22966,$JYJ,13311403528,20111101090613,116.342796,40.001411,428908898,147466183,0,60,1,1,50#
55896,$JYJ,13311426258,20111101090813,116.346001,40.006130,428920707,147483585,0,166,1,1,50#
30041,$JYJ,13311486337,20111101090639,116.346916,40.000725,428924111,147463674,10,132,0,0,50#
95111,$JYJ,13311490940,20111101091450,116.344017,40.006390,428913420,147484526,38,272,0,0,50#
2063,$JYJ,13311489338,20111101091454,116.341865,40.006409,428905457,147484597,15,272,1,1,50#
58536,$JYJ,13331063404,20111101091807,116.346680,40.000549,428923239,147463007,39,358,0,0,50#
24118,$JYJ,13331154898,20111101092125,116.346283,40.002335,428921752,147469599,0,152,1,1,50#
86791,$JYJ,13370122425,20111101092446,116.345680,40.006462,428919563,147484819,0,266,0,0,50#
62143,$JYJ,13311431514,20111101092833,116.342163,40.006325,428906552,147484298,4,104,1,1,50#
40886,$JYJ,13311495309,20111101092711,116.345932,40.005917,428920483,147482796,21,174,1,1,50#
51386,$JYJ,13331063447,20111101093753,116.341652,40.006310,428904668,147484216,13,94,0,0,50#
71512,$JYJ,13331063447,20111101093851,116.342049,40.006313,428906131,147484245,26,88,1,1,50#
59876,$JYJ,13331063467,20111101093822,116.344879,40.006241,428916589,147483982,0,0,0,0,50#
60975,$JYJ,13331063467,20111101093826,116.344879,40.006241,428916573,147484006,0,0,0,0,50#
31155,$JYJ,13331154843,20111101093644,116.343247,40.008026,428910537,147490558,17,6,0,0,50#
56458,$JYJ,13381102754,20111101093812,116.342926,40.006340,428909386,147484358,0,0,0,0,50#
57921,$JYJ,13381102754,20111101093816,116.342926,40.006340,428909386,147484347,0,0,0,0,50#
83179,$JYJ,13381102754,20111101093931,116.342926,40.006340,428909385,147484331,0,0,0,0,50#
49646,$JYJ,13321164807,20111101094238,116.344132,40.007088,428913834,147487124,10,88,0,0,50#
5140,$JYJ,13331063467,20111101094014,116.344879,40.006241,428916590,147484001,0,0,0,0,50#
20851,$JYJ,13331063467,20111101094106,116.345940,40.006058,428920514,147483323,0,0,1,1,50#
38443,$JYJ,13381100324,20111101094207,116.343201,40.006359,428910381,147484426,0,266,0,0,50#
85049,$JYJ,13381100324,20111101094422,116.346016,40.003868,428920767,147475234,4,190,1,1,50#
31988,$JYJ,13321164303,20111101094637,116.346733,40.003128,428923444,147472528,4,6,0,0,50#
55160,$JYJ,13321164303,20111101094752,116.346619,40.003651,428923005,147474436,13,358,1,1,50#
33381,$JYJ,13321164807,20111101094640,116.345970,40.006206,428920632,147483856,12,152,1,1,50#
13370,$JYJ,13381102754,20111101094542,116.345635,40.006287,428919358,147484156,13,84,1,1,50#
38914,$JYJ,13311495021,20111101095155,116.346847,40.000607,428923862,147463221,10,2,0,0,50#
43901,$JYJ,13370126461,20111101095209,116.346748,40.000027,428923467,147461100,6,166,1,1,50#
95560,$JYJ,13301150400,20111101095956,116.345802,40.006489,428920007,147484922,0,280,0,0,50#
21030,$JYJ,13301156433,20111101095602,116.346001,40.004978,428920710,147479336,13,166,1,1,50#
12990,$JYJ,13311488154,20111101095541,116.346733,40.000763,428923438,147463808,0,8,0,0,50#
76384,$JYJ,13311489602,20111101095859,116.346581,40.003315,428922852,147473231,15,348,1,1,50#
2915,$JYJ,13311495021,20111101095505,116.346214,40.003479,428921536,147473832,21,174,1,1,50#
3601,$JYJ,13311492306,20111101100512,116.346336,40.009445,428921974,147495804,36,356,0,0,50#
22567,$JYJ,13301156524,20111101101118,116.346634,40.006115,428923077,147483524,10,24,0,0,50#
84730,$JYJ,13301127442,20111101101940,116.346100,40.007088,428921096,147487131,23,168,1,1,50#
41622,$JYJ,13301156490,20111101101715,116.346100,40.006153,428921093,147483686,13,166,1,1,50#
22355,$JYJ,13311490928,20111101101608,116.346336,40.007835,428921973,147489885,13,326,1,1,50#
6979,$JYJ,13301214638,20111101102518,116.343964,40.002018,428913204,147468418,2,2,0,0,50#
52850,$JYJ,13301125436,20111101103252,116.346352,40.007637,428922019,147489138,4,342,0,0,50#
45764,$JYJ,13311489321,20111101103230,116.346382,40.007687,428922147,147489346,10,350,0,0,50#
55785,$JYJ,13301156408,20111101104250,116.342598,40.006390,428908155,147484535,0,298,0,0,50#
38828,$JYJ,13311300824,20111101104201,116.345970,40.009117,428920628,147494615,21,174,1,1,50#
34833,$JYJ,13311162446,20111101104645,116.346748,40.006352,428923483,147484397,13,82,1,1,50#
1159,$JYJ,13311576245,20111101104459,116.343231,40.006390,428910490,147484538,6,260,0,0,50#
86489,$JYJ,13301184028,20111101105423,116.346550,40.003170,428922760,147472681,4,358,0,0,50#
84654,$JYJ,13301214149,20111101105938,116.346069,40.003170,428920989,147472693,0,274,0,0,50#
86064,$JYJ,13301214149,20111101105942,116.346077,40.003174,428920999,147472676,0,152,0,0,50#
29674,$JYJ,13311470319,20111101105636,116.345680,40.006332,428919526,147484332,0,96,0,0,50#
79973,$JYJ,13311470319,20111101105919,116.346397,40.008213,428922173,147491266,30,352,1,1,50#
78985,$JYJ,13321164365,20111101105917,116.346680,40.002522,428923222,147470288,12,358,1,1,50#
27659,$JYJ,13331186411,20111101105626,116.346367,40.006988,428922075,147486746,43,354,0,0,50#
31765,$JYJ,13301214149,20111101110140,116.346115,40.003181,428921139,147472727,0,164,0,0,50#
141,$JYJ,13311403355,20111101110000,116.346497,40.006062,428922570,147483349,4,358,0,0,50#
23787,$JYJ,13311403152,20111101112120,116.341865,40.006386,428905470,147484499,0,94,0,0,50#
56849,$JYJ,13331093467,20111101112310,116.342735,40.001518,428908671,147466552,0,348,0,0,50#
65544,$JYJ,13301254216,20111101112819,116.346718,40.000938,428923371,147464442,8,354,0,0,50#
49001,$JYJ,13311486338,20111101112726,116.342796,40.006393,428908883,147484544,26,86,1,1,50#
51239,$JYJ,13321164389,20111101112737,116.343231,40.006390,428910486,147484516,0,266,0,0,50#
75329,$JYJ,13331159465,20111101112851,116.346466,40.005848,428922438,147482538,15,358,0,0,50#
39340,$JYJ,13301171944,20111101113200,116.344750,40.006279,428916116,147484134,13,74,1,1,50#
73161,$JYJ,13301184077,20111101113335,116.343986,40.006401,428913277,147484561,8,274,0,0,50#
21291,$JYJ,13311492064,20111101113101,116.345467,40.001335,428918733,147465910,0,292,0,0,50#
17827,$JYJ,13311578426,20111101113549,116.346664,40.000057,428923177,147461195,26,350,1,1,50#
39894,$JYJ,13311579984,20111101113657,116.347763,40.006687,428927243,147485642,13,252,1,1,50#
57907,$JYJ,13301214049,20111101114256,116.344711,40.006352,428915969,147484388,0,0,0,0,50#
96307,$JYJ,13301155457,20111101114944,116.341164,40.006908,428902863,147486411,15,266,0,0,50#
18631,$JYJ,13311300874,20111101114556,116.345818,40.004478,428920040,147477514,0,176,1,1,50#
2265,$JYJ,13311492175,20111101114502,116.346313,40.009369,428921903,147495544,25,358,0,0,50#
29942,$JYJ,13321164590,20111101114634,116.346130,40.005699,428921203,147482006,39,178,0,0,50#
47596,$JYJ,13311470418,20111101115218,116.346481,40.006138,428922486,147483608,0,354,0,0,50#
17234,$JYJ,13311489503,20111101115049,116.346230,40.009911,428921573,147497519,4,358,0,0,50#
47141,$JYJ,13301208426,20111101115716,116.343620,40.006435,428911950,147484707,13,268,0,0,50#
59697,$JYJ,13331194828,20111101115801,116.346481,40.000454,428922484,147462667,0,170,0,0,50#
86058,$JYJ,13370129381,20111101115917,116.346001,40.006287,428920738,147484182,6,124,1,1,50#
71160,$JYJ,13301169146,20111101120344,116.342651,40.001278,428908366,147465689,0,320,0,0,50#
31791,$JYJ,13301208452,20111101120136,116.345947,40.009472,428920529,147495917,21,170,1,1,50#
59979,$JYJ,13301155045,20111101120831,116.346970,40.000145,428924303,147461543,6,134,0,0,50#
4397,$JYJ,13331194964,20111101120517,116.346199,40.005909,428921461,147482766,2,336,0,0,50#
57762,$JYJ,13331194964,20111101120827,116.346214,40.003124,428921515,147472516,23,178,1,1,50#
41307,$JYJ,13301214221,20111101121745,116.344879,40.006340,428916575,147484350,32,94,0,0,50#
64800,$JYJ,13311403766,20111101121912,116.346046,40.009216,428920885,147494955,19,164,1,1,50#
37371,$JYJ,13311470383,20111101121726,116.346451,40.007130,428922373,147487276,0,144,0,0,50#
38990,$JYJ,13311470407,20111101121730,116.346466,40.006794,428922437,147486030,2,352,0,0,50#
1208,$JYJ,13311470338,20111101122004,116.346222,40.004211,428921545,147476518,36,176,0,0,50#
18102,$JYJ,13311470407,20111101122102,116.345932,40.009605,428920470,147496415,12,162,1,1,50#
42574,$JYJ,13331194062,20111101122239,116.345551,40.004703,428919058,147478341,12,274,0,0,50#
68237,$JYJ,13311453246,20111101122936,116.346184,40.003658,428921423,147474465,19,166,1,1,50#
28882,$JYJ,13321164902,20111101122702,116.342880,40.006329,428909199,147484312,4,86,1,1,50#
6964,$JYJ,13321183497,20111101123030,116.344231,40.006390,428914194,147484541,4,178,0,0,50#
44590,$JYJ,13331063482,20111101123311,116.346565,40.000309,428922829,147462125,4,354,0,0,50#
51372,$JYJ,13301155424,20111101123758,116.341980,40.006363,428905852,147484431,0,310,0,0,50#
16054,$JYJ,13381093054,20111101123555,116.346603,40.007954,428922944,147490331,0,98,0,0,50#
64252,$JYJ,13301155424,20111101124335,116.344933,40.006275,428916786,147484123,6,68,1,1,50#
13154,$JYJ,13301214631,20111101124043,116.346298,40.003963,428921817,147475616,6,166,1,1,50#
33997,$JYJ,13311470315,20111101124645,116.344147,40.008980,428913867,147494071,4,98,0,0,50#
80462,$JYJ,13311470315,20111101124924,116.343414,40.006493,428911154,147484911,13,82,1,1,50#
35894,$JYJ,13331156413,20111101124652,116.346565,40.006748,428922820,147485866,4,18,0,0,50#
42324,$JYJ,13311470315,20111101125223,116.346535,40.002007,428922708,147468377,21,358,0,0,50#
17833,$JYJ,13311492185,20111101125101,116.346169,40.003807,428921328,147475025,4,184,0,0,50#
23468,$JYJ,13321174867,20111101125123,116.346230,40.003159,428921574,147472652,8,176,1,1,50#
46373,$JYJ,13311162406,20111101125737,116.342865,40.003376,428909122,147473422,0,0,0,0,50#
79755,$JYJ,13311162406,20111101125926,116.342766,40.006344,428908758,147484367,12,78,1,1,50#
19807,$JYJ,13331194992,20111101130101,116.341949,40.008301,428905758,147491561,13,348,0,0,50#
58308,$JYJ,13331194992,20111101130324,116.346046,40.006092,428920892,147483453,0,186,1,1,50#
7360,$JYJ,13301104086,20111101130525,116.345299,40.006424,428918153,147484681,28,270,0,0,50#
49355,$JYJ,13301104086,20111101130742,116.346298,40.002930,428921805,147471800,25,166,1,1,50#
83847,$JYJ,13311431301,20111101130927,116.346016,40.007393,428920776,147488231,0,180,1,1,50#
42369,$JYJ,13321174632,20111101130719,116.342079,40.006470,428906257,147484828,25,272,0,0,50#
24274,$JYJ,13331188574,20111101130620,116.345932,40.009232,428920467,147495024,0,176,1,1,50#
46616,$JYJ,13301207947,20111101131223,116.346001,40.008709,428920717,147493082,19,176,1,1,50#
39947,$JYJ,13311191497,20111101131202,116.346222,40.003708,428921556,147474662,13,148,1,1,50#
80216,$JYJ,13311403059,20111101131406,116.346336,40.002708,428921946,147470981,26,172,1,1,50#
8409,$JYJ,13311453339,20111101131024,116.345551,40.006233,428919043,147483984,6,80,1,1,50#
4363,$JYJ,13311486437,20111101131011,116.346115,40.005009,428921161,147479442,23,172,1,1,50#
43504,$JYJ,13311487227,20111101131209,116.345352,40.006451,428918311,147484770,8,272,0,0,50#
75223,$JYJ,13321174632,20111101131353,116.341904,40.006332,428905608,147484292,34,88,1,1,50#
35395,$JYJ,13331063418,20111101131710,116.346230,40.006859,428921580,147486285,0,176,3,0,50#
84960,$JYJ,13301128425,20111101132417,116.346130,40.009247,428921226,147495085,12,176,1,1,50#
2050,$JYJ,13301156447,20111101132004,116.346153,40.003391,428921283,147473502,23,174,1,1,50#
19119,$JYJ,13301171944,20111101132057,116.346046,40.003731,428920901,147474729,15,192,0,0,50#
34659,$JYJ,13301171944,20111101132146,116.346001,40.003162,428920733,147472643,13,170,1,1,50#
71324,$JYJ,13331184807,20111101132340,116.346252,40.009903,428921664,147497516,12,0,0,0,50#
43425,$JYJ,13301157174,20111101132716,116.346130,40.002422,428921223,147469934,19,174,2,0,50#
55626,$JYJ,13301214839,20111101132752,116.347618,40.006657,428926697,147485536,8,288,0,0,50#
92029,$JYJ,13301214839,20111101132942,116.346001,40.006058,428920744,147483308,8,172,1,1,50#
87476,$JYJ,13311487171,20111101133421,116.342087,40.006325,428906261,147484266,0,306,0,0,50#
87422,$JYJ,13311568434,20111101133424,116.346535,40.003311,428922717,147473218,19,352,0,0,50#
13389,$JYJ,13321180304,20111101133033,116.346519,40.002891,428922647,147471660,0,4,0,0,50#
75233,$JYJ,13321180304,20111101133350,116.343018,40.006382,428909692,147484491,8,262,1,1,50#
54945,$JYJ,13301209459,20111101133754,116.346619,40.003235,428923030,147472908,10,0,1,1,50#
51104,$JYJ,13311426243,20111101133746,116.345047,40.009232,428917198,147495025,0,276,0,0,50#
82393,$JYJ,13331111480,20111101133930,116.343803,40.006332,428912623,147484316,17,94,1,1,50#
51950,$JYJ,13311426418,20111101134240,116.346108,40.003689,428921141,147474606,0,0,1,1,50#
69549,$JYJ,13311486350,20111101134838,116.343033,40.009361,428909758,147495468,2,316,0,0,50#
57274,$JYJ,13321164890,20111101135304,116.341133,40.006142,428902762,147483615,30,90,0,0,50#
57500,$JYJ,13311487171,20111101135816,116.341736,40.006275,428904968,147484086,21,92,1,1,50#
45895,$JYJ,13311566734,20111101135737,116.346153,40.002766,428921273,147471180,30,176,1,1,50#
73948,$JYJ,13321199794,20111101135903,116.346603,40.003284,428922934,147473106,21,6,0,0,50#
88722,$JYJ,13381069774,20111101135958,116.346352,40.009594,428922034,147496372,6,12,0,0,50#
32159,$JYJ,13301204843,20111101140139,116.346169,40.006016,428921359,147483155,13,172,1,1,50#
61469,$JYJ,13321199794,20111101140314,116.348648,40.006672,428930502,147485612,8,270,1,1,50#
71310,$JYJ,13381102784,20111101140344,116.345932,40.009102,428920472,147494529,0,174,1,1,50#
62723,$JYJ,13301164993,20111101140842,116.346016,40.005283,428920792,147480456,23,176,1,1,50#
39023,$JYJ,13311426187,20111101140716,116.341865,40.007610,428905445,147489002,0,320,0,0,50#
19807,$JYJ,13311453448,20111101141103,116.346619,40.003124,428923012,147472499,13,0,0,0,50#
68915,$JYJ,13331194813,20111101141340,116.346649,40.003319,428923134,147473221,2,328,0,0,50#
7829,$JYJ,13311470456,20111101141521,116.346130,40.003132,428921198,147472539,15,184,1,1,50#
67321,$JYJ,13311492092,20111101141840,116.346169,40.002285,428921347,147469417,17,164,1,1,50#
23786,$JYJ,13370126486,20111101141613,116.341751,40.006348,428905045,147484380,13,84,1,1,50#
118687,$JYJ,13301204976,20111101143457,116.346367,40.006947,428922074,147486609,41,356,0,0,50#
58125,$JYJ,13331194893,20111101143223,116.346214,40.002853,428921495,147471506,12,178,0,0,50#
89634,$JYJ,13331194893,20111101143341,116.346283,40.001293,428921776,147465761,0,214,1,1,50#
5922,$JYJ,13301214022,20111101143513,116.346634,40.001602,428923079,147466911,58,356,0,0,50#
115855,$JYJ,13321183401,20111101143951,116.348663,40.006512,428930578,147485023,25,252,1,1,50#
11006,$JYJ,13331194892,20111101143525,116.346268,40.009800,428921731,147497112,51,356,0,0,50#
56927,$JYJ,13301214146,20111101144223,116.343353,40.009251,428910928,147495079,19,282,0,0,50#
104098,$JYJ,13311431519,20111101144419,116.346802,40.006138,428923683,147483637,0,74,0,0,50#
10999,$JYJ,13381102814,20111101144029,116.342575,40.006340,428908087,147484346,2,94,0,0,50#
34443,$JYJ,13381102814,20111101144129,116.342575,40.006344,428908052,147484364,8,82,1,1,50#
13837,$JYJ,13301214146,20111101144535,116.343552,40.009247,428911689,147495064,19,86,1,1,50#
11771,$JYJ,13311486560,20111101144528,116.345398,40.006287,428918483,147484175,0,102,0,0,50#
75419,$JYJ,13311403514,20111101145308,116.346085,40.003063,428921044,147472285,19,176,0,0,50#
87742,$JYJ,13311403514,20111101145343,116.346169,40.002193,428921325,147469082,19,168,1,1,50#
94467,$JYJ,13311470373,20111101150405,116.340263,40.006275,428899522,147484097,30,88,0,0,50#
5899,$JYJ,13321174998,20111101150512,116.345985,40.006020,428920681,147483198,12,164,1,1,50#
78766,$JYJ,13381066974,20111101151338,116.340485,40.006332,428900340,147484312,19,274,1,1,50#
30746,$JYJ,13301174905,20111101151620,116.342583,40.006344,428908093,147484339,30,270,0,0,50#
274,$JYJ,13301253466,20111101151459,116.346283,40.001823,428921762,147467701,0,138,1,1,50#
92133,$JYJ,13311489338,20111101151856,116.346100,40.004849,428921092,147478882,38,176,0,0,50#
4864,$JYJ,13331187064,20111101151514,116.345764,40.003830,428919849,147475119,19,162,1,1,50#
23103,$JYJ,13301214755,20111101152100,116.346786,40.003277,428923623,147473081,17,0,1,1,50#
75640,$JYJ,13311453266,20111101152318,116.340485,40.006481,428900334,147484859,0,296,1,1,50#
64589,$JYJ,13311487288,20111101152250,116.347115,40.000160,428924845,147461585,0,134,0,0,50#
53525,$JYJ,13331194436,20111101152218,116.342201,40.006306,428906708,147484214,19,90,1,1,50#
18152,$JYJ,13381101974,20111101152048,116.347954,40.006641,428927938,147485471,12,262,1,1,50#
82584,$JYJ,13311489549,20111101152829,116.349220,40.006630,428932630,147485441,2,274,0,0,50#
64320,$JYJ,13321164588,20111101152743,116.345985,40.002819,428920673,147471369,0,172,1,1,50#
61643,$JYJ,13301155049,20111101153246,116.346451,40.006905,428922411,147486450,0,30,0,0,50#
25343,$JYJ,13301214134,20111101153603,116.340263,40.006237,428899550,147483954,17,88,1,1,50#
100545,$JYJ,13311403266,20111101153922,116.347748,40.006550,428927176,147485162,15,262,1,1,50#
106029,$JYJ,13311426443,20111101153935,116.346550,40.002800,428922756,147471311,25,196,1,1,50#
1604,$JYJ,13331194491,20111101153459,116.346481,40.005306,428922492,147480565,2,356,0,0,50#
105943,$JYJ,13301272735,20111101154427,116.346733,40.000175,428923441,147461658,17,356,0,0,50#
20126,$JYJ,13311568452,20111101154049,116.346451,40.006756,428922410,147485908,0,358,0,0,50#
4646,$JYJ,13311431436,20111101154512,116.346764,40.000267,428923537,147461965,25,358,0,0,50#
40500,$JYJ,13321174766,20111101154643,116.341850,40.009502,428905375,147495993,0,266,0,0,50#
108222,$JYJ,13331194177,20111101155431,116.346451,40.000912,428922407,147464345,0,162,0,0,50#
35676,$JYJ,13381083470,20111101155628,116.343315,40.004192,428910826,147476417,10,264,0,0,50#
117129,$JYJ,13301272735,20111101160451,116.346451,40.006199,428922399,147483835,0,358,0,0,50#
34785,$JYJ,13311486408,20111101160131,116.346466,40.005638,428922441,147481785,0,0,0,0,50#
37806,$JYJ,13321174724,20111101160134,116.344452,40.001930,428915005,147468097,13,284,0,0,50#
58713,$JYJ,13381100134,20111101160227,116.346664,40.002510,428923189,147470234,0,10,0,0,50#
82544,$JYJ,13301184080,20111101160827,116.341713,40.006977,428904904,147486686,0,2,0,0,50#
44320,$JYJ,13311426391,20111101160654,116.340050,40.006294,428898733,147484149,8,82,1,1,50#
57007,$JYJ,13311426391,20111101160727,116.341003,40.006329,428902244,147484287,0,0,0,0,50#
59220,$JYJ,13311426391,20111101160733,116.341003,40.006329,428902282,147484303,0,0,1,1,50#
53609,$JYJ,13311486307,20111101160719,116.347885,40.000156,428927696,147461583,13,300,1,1,50#
17588,$JYJ,13311488231,20111101160546,116.345276,40.006256,428918052,147484050,0,0,0,0,50#
18880,$JYJ,13311488231,20111101160550,116.345276,40.006256,428918050,147484055,0,0,0,0,50#
62733,$JYJ,13311488231,20111101160739,116.345276,40.006256,428918058,147484038,0,0,0,0,50#
74855,$JYJ,13311488231,20111101160811,116.346130,40.005917,428921220,147482788,23,172,1,1,50#
101198,$JYJ,13311489586,20111101160917,116.347031,40.000229,428924531,147461835,0,158,0,0,50#
115862,$JYJ,13311489586,20111101160955,116.347069,40.000240,428924662,147461897,8,156,1,1,50#
89686,$JYJ,13331194740,20111101160848,116.347984,40.006454,428928069,147484794,41,264,1,1,50#
51675,$JYJ,13301184080,20111101161717,116.346115,40.003220,428921127,147472851,15,178,1,1,50#
82728,$JYJ,13301272735,20111101161832,116.344818,40.006283,428916353,147484134,13,82,1,1,50#
14016,$JYJ,13311486408,20111101161535,116.345932,40.000034,428920476,147461103,4,258,1,1,50#
59640,$JYJ,13331093495,20111101161738,116.342148,40.006378,428906471,147484495,0,278,0,0,50#
96004,$JYJ,13331093495,20111101161912,116.342796,40.006508,428908898,147484950,10,70,1,1,50#
104975,$JYJ,13301128425,20111101162433,116.341835,40.007278,428905349,147487804,0,338,0,0,50#
113467,$JYJ,13301214425,20111101162449,116.346664,40.000725,428923175,147463657,0,10,1,1,50#
108885,$JYJ,13311486238,20111101162941,116.342537,40.007317,428907916,147487924,0,152,0,0,50#
36784,$JYJ,13321164366,20111101163137,116.346481,40.006481,428922506,147484874,2,0,0,0,50#
68351,$JYJ,13311403599,20111101163855,116.342636,40.001549,428908315,147466679,0,340,0,0,50#
11848,$JYJ,13331159499,20111101163532,116.340935,40.006317,428902004,147484234,0,262,0,0,50#
81303,$JYJ,13331194753,20111101163928,116.346718,40.002457,428923357,147470064,4,0,0,0,50#
26065,$JYJ,13311487100,20111101164109,116.345932,40.009323,428920482,147495376,10,176,1,1,50#
50397,$JYJ,13311431521,20111101164708,116.346581,40.003239,428922859,147472920,4,4,0,0,50#
15918,$JYJ,13321164297,20111101164544,116.346352,40.007660,428922006,147489233,8,356,0,0,50#
13340,$JYJ,13301214654,20111101165037,116.345184,40.006203,428917701,147483841,6,108,0,0,50#
36646,$JYJ,13301214654,20111101165136,116.346016,40.006020,428920800,147483188,2,182,1,1,50#
106592,$JYJ,13311162421,20111101165431,116.349220,40.006565,428932635,147485200,21,268,0,0,50#
105858,$JYJ,13311489662,20111101165434,116.347740,40.006550,428927163,147485158,10,264,1,1,50#
14668,$JYJ,13321180419,20111101165044,116.347168,40.000038,428925016,147461130,0,130,0,0,50#
20051,$JYJ,13381102164,20111101165054,116.344353,40.006290,428914645,147484173,32,96,0,0,50#
81523,$JYJ,13311162421,20111101165831,116.343765,40.006348,428912482,147484370,26,96,1,1,50#
99982,$JYJ,13381063243,20111101165942,116.344963,40.006260,428916912,147484050,15,86,1,1,50#
60286,$JYJ,13301128437,20111101170255,116.346649,40.002483,428923105,147470149,12,0,0,0,50#
98881,$JYJ,13331154954,20111101170433,116.346298,40.009148,428921812,147494715,4,4,0,0,50#
73559,$JYJ,13370122494,20111101170327,116.346031,40.008930,428920831,147493917,17,176,1,1,50#
97991,$JYJ,13301272735,20111101170907,116.346313,40.001186,428921902,147465361,62,178,0,0,50#
45120,$JYJ,13311492160,20111101170655,116.346382,40.009018,428922143,147494224,10,52,0,0,50#
69962,$JYJ,13311495265,20111101170754,116.346085,40.002693,428921016,147470923,15,174,1,1,50#
106324,$JYJ,13311566469,20111101170927,116.346680,40.002564,428923242,147470445,8,358,0,0,50#
112662,$JYJ,13381232475,20111101170942,116.346497,40.006756,428922579,147485914,0,6,0,0,50#
92914,$JYJ,13311489662,20111101171351,116.346184,40.003876,428921409,147475266,0,150,0,0,50#
78847,$JYJ,13311566469,20111101171313,116.346870,40.006420,428923935,147484679,21,84,1,1,50#
22817,$JYJ,13331154954,20111101171056,116.346115,40.003265,428921165,147473014,2,162,1,1,50#
89028,$JYJ,13301214507,20111101171840,116.341934,40.006321,428905699,147484276,0,122,0,0,50#
78117,$JYJ,13311489404,20111101171816,116.346497,40.006042,428922558,147483261,0,356,0,0,50#
239,$JYJ,13321199574,20111101171458,116.343300,40.006367,428910748,147484456,2,228,0,0,50#
110947,$JYJ,13311403203,20111101172431,116.346481,40.006874,428922506,147486352,0,8,0,0,50#
76570,$JYJ,13311488236,20111101172310,116.348900,40.006657,428931432,147485544,0,0,0,0,50#
86060,$JYJ,13301171944,20111101172835,116.346069,40.005859,428920962,147482594,19,182,0,0,50#
71103,$JYJ,13311431430,20111101172755,116.346268,40.008266,428921720,147491474,30,356,0,0,50#
75446,$JYJ,13311488236,20111101172709,116.341980,40.006409,428905858,147484607,0,0,0,0,50#
120186,$JYJ,13311488236,20111101172956,116.345154,40.006267,428917613,147484097,0,0,0,0,50#
52326,$JYJ,13311403775,20111101173214,116.341583,40.006237,428904413,147483951,25,82,1,1,50#
118040,$JYJ,13311431066,20111101173451,116.344170,40.000858,428913978,147464132,0,226,0,0,50#
88686,$JYJ,13311488236,20111101173342,116.346054,40.003395,428920924,147473514,28,172,1,1,50#
62136,$JYJ,13311489685,20111101173235,116.341949,40.007900,428905775,147490093,0,348,0,0,50#
41467,$JYJ,13311492205,20111101173147,116.346153,40.003273,428921291,147473061,12,164,1,1,50#
21387,$JYJ,13331186384,20111101173057,116.342819,40.001320,428908952,147465848,4,8,0,0,50#
36115,$JYJ,13370126499,20111101173130,116.346649,40.003147,428923116,147472603,0,338,0,0,50#
31668,$JYJ,13301214616,20111101174116,116.346001,40.009102,428920727,147494562,0,182,0,0,50#
58601,$JYJ,13311403338,20111101174223,116.345734,40.006397,428919762,147484559,2,228,0,0,50#
9630,$JYJ,13321164810,20111101174022,116.347031,40.006413,428924511,147484648,21,86,1,1,50#
105269,$JYJ,13331184809,20111101174922,116.344284,40.006413,428914394,147484623,17,274,0,0,50#
3023,$JYJ,13370122494,20111101174504,116.345947,40.008835,428920549,147493548,13,176,1,1,50#
116235,$JYJ,13301155441,20111101175446,116.346733,40.001034,428923436,147464811,13,358,1,1,50#
65924,$JYJ,13311453335,20111101175243,116.346382,40.008835,428922152,147493568,19,346,0,0,50#
7870,$JYJ,13311489685,20111101175014,116.341934,40.006611,428905689,147485319,8,168,1,1,50#
81901,$JYJ,13311495313,20111101175325,116.346077,40.007355,428921000,147488115,8,176,1,1,50#
1630,$JYJ,13311403483,20111101175506,116.346130,40.002613,428921212,147470640,25,176,0,0,50#
50714,$JYJ,13311403483,20111101175707,116.346603,40.001717,428922957,147467320,8,344,1,1,50#
19537,$JYJ,13311403392,20111101180044,116.340919,40.007706,428901957,147489359,12,278,0,0,50#
26991,$JYJ,13311426048,20111101180108,116.345940,40.009232,428920484,147495015,0,0,0,0,50#
47909,$JYJ,13311426048,20111101180159,116.346024,40.008808,428920799,147493475,25,176,1,1,50#
23198,$JYJ,13311453335,20111101180100,116.346466,40.000309,428922437,147462141,19,258,1,1,50#
112032,$JYJ,13311495374,20111101180439,116.345009,40.006256,428917081,147484060,0,0,0,0,50#
38765,$JYJ,13321174730,20111101180138,116.341942,40.006378,428905735,147484463,0,258,0,0,50#
94526,$JYJ,13321174730,20111101180355,116.344833,40.006329,428916423,147484301,13,88,1,1,50#
5197,$JYJ,13331184809,20111101180011,116.344750,40.006310,428916116,147484255,17,90,1,1,50#
4490,$JYJ,13331194736,20111101180013,116.342934,40.009319,428909414,147495334,6,322,0,0,50#
6998,$JYJ,13370126499,20111101180014,116.346069,40.003780,428920972,147474936,0,180,0,0,50#
35863,$JYJ,13370126499,20111101180129,116.346130,40.002575,428921192,147470497,13,212,1,1,50#
15942,$JYJ,13301155334,20111101180535,116.346016,40.008888,428920803,147493760,52,358,0,0,50#
109299,$JYJ,13311486294,20111101180930,116.349197,40.006691,428932550,147485690,0,258,0,0,50#
83471,$JYJ,13370122464,20111101180831,116.345985,40.004589,428920663,147477893,0,190,0,0,50#
14206,$JYJ,13311453369,20111101181035,116.344551,40.006393,428915383,147484559,23,266,0,0,50#
60011,$JYJ,13311486294,20111101181227,116.346031,40.004128,428920848,147476202,2,172,1,1,50#
4444,$JYJ,13311487256,20111101181008,116.341553,40.006302,428904296,147484188,17,264,1,1,50#
9532,$JYJ,13311495374,20111101181024,116.345009,40.006256,428917084,147484043,0,0,0,0,50#
35925,$JYJ,13311495374,20111101181131,116.346016,40.005375,428920778,147480820,21,174,1,1,50#
71550,$JYJ,13311403483,20111101182300,116.346115,40.007187,428921146,147487483,30,172,1,1,50#
971,$JYJ,13311431453,20111101182004,116.347816,40.006565,428927428,147485213,0,278,0,0,50#
18162,$JYJ,13311431453,20111101182046,116.347816,40.006577,428927447,147485232,6,262,1,1,50#
91035,$JYJ,13311453391,20111101182347,116.343720,40.006336,428912312,147484324,17,82,1,1,50#
18127,$JYJ,13311487152,20111101182046,116.345932,40.005886,428920467,147482680,0,170,0,0,50#
111354,$JYJ,13311426228,20111101182936,116.341934,40.008167,428905724,147491087,0,0,0,0,50#
30971,$JYJ,13311162450,20111101183117,116.345116,40.006432,428917463,147484702,13,268,0,0,50#
59730,$JYJ,13311431528,20111101183730,116.342453,40.006302,428907622,147484209,19,90,1,1,50#
33067,$JYJ,13321164568,20111101183624,116.345962,40.009350,428920606,147495462,0,0,1,1,50#
30498,$JYJ,13331187059,20111101183613,116.345985,40.009399,428920680,147495648,2,156,1,1,50#
80437,$JYJ,13311162450,20111101184318,116.340714,40.006004,428901189,147483098,0,6,1,1,50#
13536,$JYJ,13331194996,20111101184036,116.346596,40.003269,428922934,147473033,0,0,0,0,50#
33426,$JYJ,13331194996,20111101184125,116.346565,40.003334,428922801,147473289,8,354,1,1,50#
85391,$JYJ,13301127490,20111101184833,116.346519,40.007980,428922640,147490424,0,88,0,0,50#
32964,$JYJ,13301277616,20111101184619,116.342217,40.006386,428906755,147484519,4,268,0,0,50#
62036,$JYJ,13301277616,20111101184730,116.342453,40.006306,428907638,147484216,21,86,1,1,50#
66664,$JYJ,13311162483,20111101184744,116.341881,40.008328,428905487,147491666,0,350,0,0,50#
6490,$JYJ,13301155334,20111101185012,116.346283,40.008038,428921791,147490620,23,344,1,1,50#
81791,$JYJ,13311426468,20111101185325,116.346054,40.007053,428920944,147487002,8,174,1,1,50#
112003,$JYJ,13321164546,20111101185434,116.346435,40.006889,428922346,147486392,0,130,0,0,50#
16253,$JYJ,13331154875,20111101185039,116.342934,40.001408,428909412,147466172,2,322,0,0,50#
106621,$JYJ,13331154875,20111101185425,116.342697,40.005570,428908515,147481509,0,356,1,1,50#
59159,$JYJ,13331194731,20111101185227,116.347580,40.007942,428926569,147490267,2,86,0,0,50#
91642,$JYJ,13301127490,20111101185846,116.347733,40.000092,428927114,147461325,10,96,0,0,50#
90517,$JYJ,13301214728,20111101185841,116.343819,40.003910,428912647,147475395,0,342,0,0,50#
65195,$JYJ,13311191416,20111101185744,116.345985,40.009365,428920666,147495523,25,176,0,0,50#
93212,$JYJ,13311191416,20111101185853,116.345924,40.009148,428920431,147494697,2,174,1,1,50#
73746,$JYJ,13331156443,20111101185805,116.346252,40.005581,428921658,147481568,2,346,0,0,50#
114072,$JYJ,13331194426,20111101185946,116.342117,40.006428,428906377,147484675,0,294,0,0,50#
39194,$JYJ,13311453315,20111101190138,116.346519,40.005787,428922629,147482324,17,354,0,0,50#
79957,$JYJ,13381068994,20111101190320,116.344330,40.006359,428914559,147484424,8,286,0,0,50#
33442,$JYJ,13331194996,20111101190626,116.346306,40.000961,428921866,147464545,0,0,0,0,50#
69213,$JYJ,13370126482,20111101190751,116.342865,40.001286,428909145,147465710,10,2,0,0,50#
85872,$JYJ,13381068994,20111101190836,116.346016,40.005760,428920778,147482220,15,180,1,1,50#
62086,$JYJ,13381069774,20111101190734,116.341713,40.006306,428904882,147484205,0,100,0,0,50#
105252,$JYJ,13381069774,20111101190919,116.345467,40.006279,428918749,147484142,0,92,1,1,50#
65370,$JYJ,13311022764,20111101191243,116.341797,40.006348,428905208,147484368,19,88,1,1,50#
1183,$JYJ,13311495396,20111101191004,116.346130,40.004807,428921212,147478707,0,184,1,1,50#
22877,$JYJ,13311021594,20111101191559,116.344887,40.006290,428916603,147484187,0,0,0,0,50#
24705,$JYJ,13311021594,20111101191604,116.344887,40.006290,428916607,147484180,0,0,0,0,50#
88215,$JYJ,13311453216,20111101191837,116.345932,40.007423,428920485,147488361,0,198,1,1,50#
13103,$JYJ,13311470416,20111101191530,116.342651,40.002876,428908370,147471589,4,352,0,0,50#
57504,$JYJ,13311470416,20111101191721,116.342720,40.003105,428908607,147472407,10,202,1,1,50#
107635,$JYJ,13321164297,20111101191928,116.346214,40.009994,428921528,147497846,30,356,0,0,50#
48646,$JYJ,13331154802,20111101191655,116.349815,40.007740,428934800,147489544,6,70,0,0,50#
97304,$JYJ,13301128412,20111101192402,116.346603,40.003197,428922937,147472776,0,328,0,0,50#
20416,$JYJ,13311020804,20111101192050,116.342552,40.006371,428907995,147484449,13,272,0,0,50#
38111,$JYJ,13311021594,20111101192136,116.344887,40.006290,428916633,147484166,0,0,0,0,50#
75467,$JYJ,13311021594,20111101192312,116.346115,40.003426,428921166,147473637,12,184,1,1,50#
97741,$JYJ,13311480666,20111101192407,116.345970,40.004860,428920594,147478901,43,178,0,0,50#
38832,$JYJ,13311487191,20111101192136,116.345749,40.008957,428919805,147494024,0,190,0,0,50#
90908,$JYJ,13311492113,20111101192346,116.348335,40.006473,428929366,147484886,51,82,0,0,50#
31350,$JYJ,13301214023,20111101192621,116.341865,40.006401,428905464,147484576,8,88,1,1,50#
77952,$JYJ,13311486246,20111101192811,116.341919,40.007603,428905642,147488999,4,4,0,0,50#
84054,$JYJ,13311486480,20111101192826,116.342033,40.007622,428906066,147489055,6,348,0,0,50#
102756,$JYJ,13321183485,20111101192915,116.343445,40.006313,428911274,147484238,17,80,1,1,50#
96849,$JYJ,13301204834,20111101193359,116.346397,40.006016,428922184,147483183,0,8,0,0,50#
4509,$JYJ,13301254268,20111101193009,116.342819,40.000778,428908981,147463837,0,348,0,0,50#
96342,$JYJ,13311403520,20111101193403,116.342834,40.003113,428909049,147472442,13,346,0,0,50#
6315,$JYJ,13321164546,20111101193014,116.341904,40.007496,428905596,147488603,0,14,0,0,50#
53065,$JYJ,13311021744,20111101193707,116.342468,40.006275,428907692,147484095,19,288,0,0,50#
70728,$JYJ,13311486511,20111101193750,116.346031,40.004841,428920849,147478823,6,148,0,0,50#
75837,$JYJ,13331187196,20111101193810,116.345200,40.006214,428917748,147483887,17,86,1,1,50#
4157,$JYJ,13311492113,20111101194009,116.341835,40.007935,428905336,147490205,0,342,0,0,50#
47919,$JYJ,13311492113,20111101194204,116.342018,40.006420,428905998,147484632,8,82,1,1,50#
3836,$JYJ,13331188514,20111101194005,116.341751,40.006271,428905033,147484085,0,274,0,0,50#
27921,$JYJ,13331188514,20111101194111,116.341003,40.006195,428902283,147483808,34,262,1,1,50#
104233,$JYJ,13301127493,20111101194918,116.342636,40.006321,428908314,147484261,2,280,0,0,50#
52350,$JYJ,13301214680,20111101194707,116.345482,40.009159,428918826,147494762,0,276,0,0,50#
90070,$JYJ,13311403728,20111101194843,116.346619,40.002937,428923014,147471810,0,358,0,0,50#
42419,$JYJ,13311489377,20111101194644,116.342667,40.005871,428908418,147482615,30,264,0,0,50#
79294,$JYJ,13311492161,20111101194815,116.346046,40.001026,428920878,147464773,2,208,0,0,50#
32729,$JYJ,13301214179,20111101195124,116.342781,40.003418,428908838,147473580,8,356,0,0,50#
116463,$JYJ,13301214179,20111101195456,116.346092,40.003819,428921086,147475074,0,0,1,1,50#
101059,$JYJ,13311191493,20111101195415,116.342880,40.003262,428909210,147473008,13,358,0,0,50#
2199,$JYJ,13311403559,20111101195003,116.341865,40.008316,428905435,147491604,0,8,0,0,50#
9938,$JYJ,13311431190,20111101195023,116.346420,40.008041,428922267,147490623,12,42,0,0,50#
44717,$JYJ,13301254380,20111101195718,116.346115,40.003601,428921167,147474254,0,216,0,0,50#
2141,$JYJ,13311495169,20111101195507,116.346016,40.002903,428920803,147471695,0,210,0,0,50#
38086,$JYJ,13311495169,20111101195647,116.346046,40.002800,428920902,147471307,8,182,1,1,50#
17001,$JYJ,13381095346,20111101195542,116.342400,40.006371,428907430,147484460,17,270,0,0,50#
3629,$JYJ,13311403493,20111101200011,116.349220,40.006557,428932623,147485189,58,86,0,0,50#
85773,$JYJ,13311431266,20111101200835,116.346619,40.003448,428923020,147473723,0,358,0,0,50#
100364,$JYJ,13311453328,20111101200916,116.346809,40.000210,428923733,147461785,10,356,0,0,50#
640,$JYJ,13311453369,20111101200500,116.345932,40.009178,428920481,147494812,17,174,1,1,50#
106925,$JYJ,13331154861,20111101200926,116.346001,40.008991,428920743,147494147,17,178,1,1,50#
7594,$JYJ,13331194838,20111101200514,116.340767,40.006222,428901391,147483877,15,154,0,0,50#
27737,$JYJ,13331194838,20111101200612,116.341301,40.006267,428903354,147484074,28,88,1,1,50#
46831,$JYJ,13381095346,20111101200658,116.344818,40.006283,428916380,147484137,6,84,1,1,50#
44082,$JYJ,13301151048,20111101201147,116.346451,40.007649,428922405,147489178,25,356,0,0,50#
65240,$JYJ,13301151048,20111101201738,116.346115,40.003700,428921142,147474619,6,172,1,1,50#
42341,$JYJ,13311431357,20111101201644,116.347931,40.007134,428927878,147487315,12,270,1,1,50#
41538,$JYJ,13311487124,20111101201646,116.343735,40.002998,428912338,147472029,4,170,0,0,50#
40471,$JYJ,13331111422,20111101201640,116.345863,40.009903,428920203,147497489,0,170,0,0,50#
49208,$JYJ,13331111422,20111101201700,116.345848,40.009850,428920165,147497286,2,188,1,1,50#
17458,$JYJ,13311403150,20111101202043,116.342934,40.001614,428909399,147466935,8,14,0,0,50#
92093,$JYJ,13311403150,20111101202350,116.346016,40.006271,428920782,147484121,15,154,1,1,50#
10314,$JYJ,13311487124,20111101202028,116.343285,40.006340,428910688,147484339,17,88,1,1,50#
59757,$JYJ,13311488223,20111101202232,116.340103,40.006348,428898946,147484351,19,84,1,1,50#
54273,$JYJ,13331063457,20111101202219,116.345497,40.009563,428918878,147496232,0,290,0,0,50#
96124,$JYJ,13331063457,20111101202403,116.345436,40.009430,428918641,147495742,2,108,1,1,50#
93067,$JYJ,13381083489,20111101202351,116.345985,40.008495,428920677,147492325,25,182,1,1,50#
68883,$JYJ,13301214182,20111101202752,116.346535,40.007607,428922706,147489040,4,342,1,1,50#
76176,$JYJ,13301254300,20111101202806,116.341904,40.007916,428905604,147490144,0,328,0,0,50#
83349,$JYJ,13311495115,20111101202825,116.340019,40.009514,428898608,147496015,0,116,0,0,50#
105564,$JYJ,13321164586,20111101202919,116.345932,40.005985,428920464,147483041,10,160,1,1,50#
102871,$JYJ,13331194198,20111101202910,116.346031,40.009216,428920844,147494981,0,174,1,1,50#
36326,$JYJ,13321199476,20111101203129,116.346252,40.006317,428921677,147484296,17,220,1,1,50#
49029,$JYJ,13321180420,20111101203659,116.342781,40.001480,428908840,147466430,0,8,0,0,50#
54714,$JYJ,13331063487,20111101203713,116.342102,40.006313,428906304,147484242,0,24,0,0,50#
12511,$JYJ,13311453344,20111101204034,116.344742,40.006313,428916057,147484251,0,0,0,0,50#
90070,$JYJ,13311453344,20111101204401,116.344742,40.006313,428916058,147484270,0,0,0,0,50#
63598,$JYJ,13311489539,20111101204256,116.341766,40.006397,428905093,147484554,15,270,0,0,50#
104596,$JYJ,13331063487,20111101204438,116.345413,40.006271,428918560,147484112,2,78,0,0,50#
71149,$JYJ,13331194838,20111101204314,116.346199,40.002270,428921453,147469343,28,176,1,1,50#
9387,$JYJ,13311453344,20111101204525,116.346031,40.004612,428920852,147477984,0,0,0,0,50#
11101,$JYJ,13311453344,20111101204529,116.346031,40.004612,428920834,147478001,0,0,0,0,50#
30374,$JYJ,13311453344,20111101204618,116.346031,40.004612,428920824,147477977,0,0,0,0,50#
74193,$JYJ,13331187028,20111101205307,116.346031,40.007412,428920861,147488312,8,174,1,1,50#
36561,$JYJ,13311191482,20111101205637,116.341919,40.006298,428905643,147484185,19,248,1,1,50#
106684,$JYJ,13311426480,20111101205926,116.341248,40.006378,428903162,147484459,0,86,0,0,50#
59360,$JYJ,13311162400,20111101210230,116.348900,40.006535,428931435,147485084,17,260,1,1,50#
106616,$JYJ,13311487219,20111101210423,116.341965,40.008122,428905805,147490905,13,340,0,0,50#
91462,$JYJ,13321164569,20111101210343,116.340599,40.006367,428900781,147484411,30,86,0,0,50#
39696,$JYJ,13331154715,20111101210137,116.346382,40.006050,428922132,147483308,6,336,0,0,50#
96097,$JYJ,13301254256,20111101210858,116.347084,40.000252,428924713,147461939,0,42,1,1,50#
79567,$JYJ,13311300534,20111101210817,116.341736,40.006451,428904975,147484746,0,92,0,0,50#
69033,$JYJ,13311453453,20111101210750,116.346565,40.003536,428922821,147474038,4,316,0,0,50#
58726,$JYJ,13301184112,20111101211223,116.340683,40.007080,428901101,147487070,0,268,0,0,50#
120157,$JYJ,13301184112,20111101211457,116.342049,40.006447,428906146,147484727,21,84,1,1,50#
39473,$JYJ,13311426186,20111101211136,116.341919,40.007958,428905657,147490285,0,354,0,0,50#
3027,$JYJ,13311495210,20111101211005,116.341652,40.006271,428904678,147484095,17,90,0,0,50#
88968,$JYJ,13321164603,20111101211338,116.346718,40.002804,428923382,147471347,0,2,0,0,50#
105113,$JYJ,13321164603,20111101211422,116.346703,40.002819,428923315,147471381,10,348,1,1,50#
45472,$JYJ,13331154911,20111101211151,116.344635,40.006538,428915704,147485092,13,84,1,1,50#
2275,$JYJ,13331156420,20111101211003,116.341904,40.007187,428905597,147487442,10,6,0,0,50#
51828,$JYJ,13301272971,20111101211705,116.346649,40.002716,428923106,147471007,0,0,0,0,50#
80358,$JYJ,13331194041,20111101211812,116.346130,40.003662,428921202,147474502,0,190,0,0,50#
18644,$JYJ,13331194978,20111101211548,116.342033,40.006329,428906060,147484284,0,296,0,0,50#
92619,$JYJ,13311001146,20111101212347,116.340035,40.004635,428898692,147478032,4,0,0,0,50#
90449,$JYJ,13311403329,20111101212338,116.346352,40.009788,428922024,147497094,38,356,0,0,50#
53489,$JYJ,13381077417,20111101212212,116.346298,40.009621,428921810,147496456,30,354,0,0,50#
19503,$JYJ,13301125465,20111101212551,116.346184,40.003769,428921413,147474901,15,174,1,1,50#
19213,$JYJ,13381102974,20111101212545,116.346664,40.002823,428923198,147471417,4,344,0,0,50#
99370,$JYJ,13301214076,20111101213401,116.342636,40.005718,428908312,147482040,0,180,0,0,50#
46396,$JYJ,13311489643,20111101213157,116.341934,40.008530,428905710,147492399,0,336,0,0,50#
52728,$JYJ,13311495143,20111101213208,116.346153,40.003475,428921271,147473816,0,178,0,0,50#
67161,$JYJ,13311495143,20111101213243,116.346130,40.002655,428921210,147470774,8,192,1,1,50#
116398,$JYJ,13321164852,20111101213442,116.346001,40.005970,428920745,147483014,13,176,1,1,50#
47553,$JYJ,13331154912,20111101213156,116.345932,40.009121,428920463,147494625,0,188,0,0,50#
69077,$JYJ,13331154912,20111101213247,116.345947,40.009113,428920512,147494591,6,172,1,1,50#
120396,$JYJ,13331194264,20111101213449,116.345985,40.008320,428920673,147491665,8,188,0,0,50#
94440,$JYJ,13311300534,20111101213859,116.345863,40.009377,428920215,147495565,17,174,1,1,50#
17521,$JYJ,13311426267,20111101213545,116.346031,40.008923,428920842,147493875,25,178,1,1,50#
65617,$JYJ,13311453235,20111101213744,116.341682,40.006245,428904756,147483999,2,250,1,1,50#
11864,$JYJ,13311564124,20111101213528,116.346031,40.009331,428920856,147495394,4,182,1,1,50#
19486,$JYJ,13331194264,20111101213548,116.346046,40.008293,428920892,147491575,10,180,1,1,50#
68028,$JYJ,13381077417,20111101213754,116.343285,40.001602,428910699,147466873,0,346,0,0,50#
74547,$JYJ,13301272693,20111101214309,116.346138,40.006977,428921224,147486723,0,0,1,1,50#
10304,$JYJ,13311021294,20111101214024,116.342834,40.003326,428909026,147473217,0,0,0,0,50#
48982,$JYJ,13311470407,20111101214202,116.346016,40.003731,428920764,147474748,17,182,1,1,50#
37082,$JYJ,13311487291,20111101214132,116.346016,40.009102,428920801,147494537,17,178,1,1,50#
57554,$JYJ,13311487291,20111101214223,116.346199,40.006988,428921451,147486744,4,180,0,0,50#
70852,$JYJ,13381083418,20111101214300,116.342865,40.003368,428909145,147473373,0,0,0,0,50#
99348,$JYJ,13381083418,20111101214412,116.342812,40.004028,428908924,147475819,0,0,0,0,50#
118793,$JYJ,13381083418,20111101214458,116.342812,40.004028,428908962,147475835,0,0,0,0,50#
63742,$JYJ,13311568045,20111101214737,116.346214,40.002098,428921505,147468715,10,174,1,1,50#
66046,$JYJ,13311487151,20111101215248,116.346176,40.006557,428921361,147485170,17,180,1,1,50#
55348,$JYJ,13331154786,20111101215217,116.347603,40.000309,428926623,147462144,2,352,1,1,50#
39069,$JYJ,13311431418,20111101215637,116.346901,40.007912,428924039,147490158,19,86,0,0,50#
58312,$JYJ,13311487243,20111101215727,116.347885,40.006573,428927683,147485228,12,270,1,1,50#
69844,$JYJ,13311453455,20111101220253,116.342697,40.001045,428908537,147464810,4,12,0,0,50#
120400,$JYJ,13311492140,20111101220457,116.346634,40.002811,428923070,147471345,2,354,0,0,50#
41840,$JYJ,13311495232,20111101220147,116.346764,40.002583,428923537,147470504,0,8,0,0,50#
65249,$JYJ,13321174701,20111101220241,116.340202,40.006287,428899307,147484141,19,88,1,1,50#
114008,$JYJ,13331194429,20111101220446,116.345970,40.006012,428920623,147483158,8,180,0,0,50#
75353,$JYJ,13311486451,20111101220809,116.344132,40.003563,428913806,147474125,0,72,0,0,50#
76310,$JYJ,13311487253,20111101220811,116.345985,40.008453,428920654,147492151,0,182,0,0,50#
121428,$JYJ,13311487253,20111101221002,116.346130,40.006882,428921192,147486358,10,172,1,1,50#
13174,$JYJ,13311495169,20111101220531,116.346085,40.004856,428921032,147478901,0,176,0,0,50#
26633,$JYJ,13331194429,20111101220610,116.345978,40.005989,428920626,147483063,0,0,1,1,50#
47582,$JYJ,13311480658,20111101221158,116.346802,40.006352,428923689,147484418,12,86,1,1,50#
114298,$JYJ,13311480717,20111101221448,116.346466,40.006867,428922465,147486310,25,356,0,0,50#
77008,$JYJ,13331194242,20111101221313,116.343430,40.003151,428911212,147472600,0,188,0,0,50#
72350,$JYJ,13311403111,20111101221758,116.346268,40.008076,428921720,147490761,8,34,1,1,50#
6358,$JYJ,13311492182,20111101221519,116.342781,40.006363,428908828,147484440,12,268,1,1,50#
7301,$JYJ,13331156494,20111101221517,116.345215,40.006260,428917838,147484072,4,114,0,0,50#
49850,$JYJ,13331194242,20111101221702,116.346085,40.004559,428921039,147477811,19,170,1,1,50#
93140,$JYJ,13370122436,20111101221848,116.346352,40.007958,428922010,147490341,13,356,1,1,50#
109030,$JYJ,13311431418,20111101222427,116.346100,40.003685,428921095,147474593,12,150,1,1,50#
69200,$JYJ,13311573243,20111101222249,116.347397,40.003071,428925862,147472325,12,0,0,0,50#
104807,$JYJ,13311573243,20111101222416,116.346931,40.003181,428924147,147472729,23,356,1,1,50#
67227,$JYJ,13331093485,20111101222245,116.345818,40.009224,428920057,147495003,15,266,0,0,50#
45216,$JYJ,13301214806,20111101222653,116.346420,40.000549,428922282,147463014,36,176,0,0,50#
43414,$JYJ,13311426459,20111101222647,116.341583,40.006325,428904410,147484264,0,242,0,0,50#
10884,$JYJ,13331035494,20111101222529,116.345993,40.009666,428920695,147496616,2,152,0,0,50#
110739,$JYJ,13331154834,20111101222936,116.346031,40.007687,428920858,147489312,2,190,1,1,50#
79700,$JYJ,13331188524,20111101222820,116.349579,40.009670,428933952,147496665,4,324,0,0,50#
11470,$JYJ,13311403098,20111101223027,116.342651,40.001457,428908359,147466355,0,10,0,0,50#
39543,$JYJ,13301164945,20111101223638,116.341980,40.008427,428905863,147492039,12,358,0,0,50#
56529,$JYJ,13311495305,20111101223725,116.344513,40.009254,428915211,147495089,4,272,0,0,50#
57012,$JYJ,13311570487,20111101223723,116.343063,40.009377,428909879,147495554,0,320,0,0,50#
105242,$JYJ,13311570487,20111101223921,116.343063,40.009346,428909886,147495421,4,66,1,1,50#
11307,$JYJ,13331154966,20111101223531,116.346130,40.002533,428921214,147470318,0,0,0,0,50#
107926,$JYJ,13381235483,20111101223926,116.347000,40.000229,428924436,147461849,2,188,0,0,50#
143,$JYJ,13301164945,20111101223959,116.346169,40.005333,428921330,147480651,15,162,1,1,50#
70288,$JYJ,13311403600,20111101224255,116.340172,40.006340,428899203,147484339,25,88,1,1,50#
72293,$JYJ,13311495133,20111101224756,116.348549,40.009773,428930123,147497032,0,38,0,0,50#
80536,$JYJ,13321174589,20111101224815,116.346336,40.002815,428921959,147471379,0,180,0,0,50#
119353,$JYJ,13331184977,20111101224948,116.346130,40.003948,428921191,147475559,0,192,0,0,50#
18711,$JYJ,13331038674,20111101225045,116.346581,40.008823,428922869,147493513,2,108,0,0,50#
86519,$JYJ,13311488223,20111101225841,116.340523,40.006352,428900474,147484353,19,266,1,1,50#
70799,$JYJ,13301214168,20111101230256,116.341614,40.006348,428904517,147484373,0,72,1,1,50#
39562,$JYJ,13311431363,20111101230137,116.341980,40.006313,428905895,147484227,0,102,0,0,50#
69651,$JYJ,13311488101,20111101230252,116.343269,40.003132,428910655,147472517,8,24,0,0,50#
20025,$JYJ,13331093469,20111101230053,116.343498,40.003715,428911490,147474657,2,292,0,0,50#
109720,$JYJ,13331154859,20111101230434,116.340752,40.006916,428901334,147486436,0,202,0,0,50#
34637,$JYJ,13331194022,20111101230125,116.346817,40.002560,428923737,147470448,0,0,0,0,50#
12194,$JYJ,13331194671,20111101230031,116.346764,40.000194,428923526,147461700,8,18,0,0,50#
7662,$JYJ,13381068864,20111101230019,116.346519,40.009556,428922655,147496230,0,20,0,0,50#
35553,$JYJ,13301214289,20111101230628,116.345863,40.009888,428920217,147497449,17,174,1,1,50#
46236,$JYJ,13311488218,20111101230657,116.346062,40.007416,428920948,147488344,0,0,1,1,50#
67026,$JYJ,13321164544,20111101230745,116.344315,40.009453,428914480,147495831,2,274,0,0,50#
107678,$JYJ,13331154850,20111101231427,116.342926,40.006367,428909347,147484452,8,278,0,0,50#
49323,$JYJ,13370126463,20111101231203,116.340515,40.006504,428900475,147484936,0,290,0,0,50#
98131,$JYJ,13311431276,20111101231906,116.342102,40.006401,428906312,147484551,34,84,1,1,50#
110887,$JYJ,13311489649,20111101231935,116.346085,40.009033,428921019,147494296,38,176,0,0,50#
75540,$JYJ,13311489662,20111101231812,116.346726,40.008118,428923404,147490934,12,70,0,0,50#
53060,$JYJ,13311565104,20111101231712,116.346451,40.005932,428922383,147482847,0,356,0,0,50#
78420,$JYJ,13311572354,20111101232315,116.346001,40.009934,428920721,147497600,26,0,0,0,50#
46054,$JYJ,13321164382,20111101232158,116.346550,40.004654,428922765,147478146,0,8,0,0,50#
52681,$JYJ,13311431276,20111101233210,116.346298,40.006912,428921847,147486484,32,356,1,1,50#
38011,$JYJ,13311488204,20111101233138,116.343872,40.006371,428912873,147484470,10,272,0,0,50#
12578,$JYJ,13331154750,20111101233024,116.345985,40.009521,428920683,147496077,2,182,1,1,50#
95330,$JYJ,13311403285,20111101233901,116.346153,40.002937,428921273,147471808,10,182,1,1,50#
42468,$JYJ,13331154762,20111101234147,116.346184,40.006123,428921408,147483550,10,282,0,0,50#
85490,$JYJ,13301214600,20111101234839,116.342819,40.001381,428908979,147466054,6,316,0,0,50#
534,$JYJ,13321164571,20111101234500,116.346634,40.002838,428923081,147471449,2,346,0,0,50#
430,$JYJ,13381069740,20111101234500,116.345985,40.009167,428920690,147494801,2,44,0,0,50#
64708,$JYJ,13301254268,20111101235245,116.342880,40.003319,428909213,147473196,0,4,0,0,50#
83233,$JYJ,13321164571,20111101235332,116.346664,40.003017,428923183,147472105,13,346,1,1,50#
