55575,$JYJ,13311486289,20111101000242,116.353119,39.841373,428946947,146876251,2,112,0,0,50#
87920,$JYJ,13311492071,20111101001927,116.357864,39.849598,428964472,146906603,0,290,0,0,50#
36576,$JYJ,13381068345,20111101001657,116.358734,39.842205,428967673,146879361,0,186,0,0,50#
70520,$JYJ,13381068345,20111101001839,116.358902,39.844318,428968318,146887126,13,358,1,1,50#
76904,$JYJ,13321174886,20111101002848,116.351952,39.844570,428942625,146888012,41,266,0,0,50#
69448,$JYJ,13311022064,20111101003329,116.359619,39.844471,428970968,146887702,32,92,0,0,50#
16263,$JYJ,13321164420,20111101003549,116.357666,39.849297,428963755,146905501,2,282,0,0,50#
35800,$JYJ,13311495393,20111101004146,116.350685,39.841927,428937976,146878272,0,262,0,0,50#
54172,$JYJ,13311495300,20111101005743,116.358231,39.844654,428965837,146888383,2,272,0,0,50#
87048,$JYJ,13381100074,20111101005926,116.353447,39.848743,428948170,146903437,13,178,1,1,50#
61398,$JYJ,13311453222,20111101010301,116.354500,39.844486,428952046,146887717,0,98,0,0,50#
51883,$JYJ,13311490917,20111101011743,116.352135,39.841991,428943294,146878537,0,260,0,0,50#
41808,$JYJ,13301204996,20111101012207,116.352150,39.844578,428943380,146888058,12,80,1,1,50#
49247,$JYJ,13381077421,20111101012231,116.359634,39.849407,428971012,146905889,0,82,0,0,50#
34692,$JYJ,13301156043,20111101013653,116.359596,39.841186,428970887,146875612,4,272,0,0,50#
53993,$JYJ,13301156043,20111101013755,116.358902,39.844338,428968315,146887209,21,0,1,1,50#
21686,$JYJ,13381077421,20111101013606,116.358719,39.847778,428967621,146899882,13,180,1,1,50#
15416,$JYJ,13301254389,20111101015547,116.352936,39.840530,428946271,146873156,2,182,0,0,50#
44491,$JYJ,13311488241,20111101022233,116.352753,39.844501,428945613,146887794,2,280,1,1,50#
75084,$JYJ,13321164481,20111101022419,116.357620,39.845005,428963581,146889651,25,66,1,1,50#
31099,$JYJ,13321164520,20111101022143,116.353348,39.848309,428947790,146901814,4,180,0,0,50#
41633,$JYJ,13311486289,20111101022720,116.353081,39.843048,428946790,146882439,4,208,0,0,50#
20553,$JYJ,13321164481,20111101022607,116.358704,39.849232,428967584,146905259,0,0,0,0,50#
6787,$JYJ,13301214610,20111101030021,116.357735,39.849270,428963994,146905371,0,84,0,0,50#
56674,$JYJ,13311431188,20111101031825,116.355286,39.846775,428954946,146896191,0,176,0,0,50#
3703,$JYJ,13331184821,20111101035008,116.353348,39.848228,428947776,146901526,2,182,0,0,50#
32222,$JYJ,13311431188,20111101035701,116.352768,39.841175,428945628,146875525,2,58,1,1,50#
41502,$JYJ,13311487260,20111101042241,116.358566,39.844582,428967066,146888093,19,270,1,1,50#
17402,$JYJ,13301272873,20111101045601,116.357964,39.844471,428964840,146887705,13,74,1,1,50#
7753,$JYJ,13331187020,20111101050516,116.352127,39.848186,428943302,146901352,0,0,0,0,50#
65599,$JYJ,13311487279,20111101052344,116.351265,39.845562,428940079,146891692,12,82,1,1,50#
49551,$JYJ,13311403569,20111101053244,116.353287,39.847931,428947566,146900433,15,180,1,1,50#
16107,$JYJ,13311453400,20111101054053,116.358940,39.844494,428968446,146887799,15,98,0,0,50#
14035,$JYJ,13331154743,20111101055044,116.359352,39.847748,428969984,146899788,0,0,0,0,50#
70711,$JYJ,13301214560,20111101055839,116.354218,39.844673,428951010,146888405,34,268,1,1,50#
16829,$JYJ,13311489551,20111101055549,116.357452,39.844582,428962936,146888098,19,264,1,1,50#
14360,$JYJ,13331156483,20111101055545,116.358887,39.846844,428968236,146896447,15,356,1,1,50#
21901,$JYJ,13381068804,20111101055602,116.353134,39.845318,428947004,146890790,0,192,0,0,50#
32910,$JYJ,13331194378,20111101060641,116.353180,39.845447,428947155,146891261,12,354,1,1,50#
25123,$JYJ,13301254020,20111101061114,116.358864,39.844997,428968166,146889642,28,344,1,1,50#
7700,$JYJ,13311495311,20111101062516,116.353432,39.846962,428948102,146896865,15,0,1,1,50#
38760,$JYJ,13301164963,20111101063153,116.353531,39.848778,428948476,146903539,0,0,0,0,50#
95220,$JYJ,13301164963,20111101063439,116.353348,39.847294,428947782,146898065,21,358,1,1,50#
56709,$JYJ,13370122493,20111101063245,116.356201,39.844524,428958353,146887885,26,84,1,1,50#
96508,$JYJ,13311403717,20111101063941,116.353035,39.842308,428946653,146879679,34,2,0,0,50#
86514,$JYJ,13321174664,20111101063911,116.353584,39.843220,428948676,146883062,26,0,1,1,50#
63619,$JYJ,13311403717,20111101064301,116.358749,39.844883,428967748,146889226,23,0,1,1,50#
73244,$JYJ,13370189215,20111101064326,116.356934,39.844524,428961019,146887880,15,78,1,1,50#
21684,$JYJ,13311488194,20111101065558,116.356216,39.840687,428958407,146873723,13,182,1,1,50#
79654,$JYJ,13331154816,20111101065849,116.358704,39.844315,428967581,146887141,15,172,1,1,50#
79986,$JYJ,13301156246,20111101070348,116.351067,39.844566,428939375,146887995,15,262,1,1,50#
86570,$JYJ,13301214265,20111101071403,116.355187,39.844620,428954583,146888241,30,270,1,1,50#
27848,$JYJ,13301214560,20111101071116,116.353218,39.845364,428947326,146890961,19,186,1,1,50#
37333,$JYJ,13331154779,20111101071146,116.353149,39.844330,428947050,146887136,17,0,1,1,50#
92672,$JYJ,13311403096,20111101071920,116.353516,39.844540,428948402,146887935,17,80,1,1,50#
72291,$JYJ,13331188848,20111101071822,116.358917,39.844845,428968345,146889094,4,354,1,1,50#
34522,$JYJ,13311480766,20111101072140,116.352913,39.842190,428946191,146879261,19,2,1,1,50#
6446,$JYJ,13311487129,20111101072019,116.358902,39.842342,428968316,146879865,2,104,0,0,50#
67323,$JYJ,13301156246,20111101072813,116.353317,39.845028,428947701,146889711,26,0,1,1,50#
29804,$JYJ,13311470450,20111101072625,116.356010,39.844421,428957635,146887500,10,82,1,1,50#
53780,$JYJ,13331093403,20111101072733,116.358864,39.849632,428968163,146906736,15,24,1,1,50#
39707,$JYJ,13331187106,20111101072650,116.353500,39.842705,428948351,146881173,12,168,1,1,50#
80102,$JYJ,13311431504,20111101073356,116.359047,39.840179,428968830,146871893,12,10,1,1,50#
86455,$JYJ,13321174735,20111101073414,116.351051,39.844555,428939324,146887980,17,84,1,1,50#
24227,$JYJ,13321199454,20111101073108,116.356751,39.844475,428960378,146887692,25,90,1,1,50#
67969,$JYJ,13311431504,20111101073356,116.359047,39.840179,428968819,146871886,12,10,1,1,50#
39818,$JYJ,13331194706,20111101073652,116.358932,39.844608,428968428,146888226,10,292,1,1,50#
53761,$JYJ,13311191456,20111101074738,116.352966,39.844269,428946375,146886918,4,318,1,1,50#
82978,$JYJ,13311565854,20111101074859,116.353065,39.845154,428946729,146890195,0,182,0,0,50#
50287,$JYJ,13331185244,20111101074728,116.353050,39.846455,428946675,146894975,17,272,1,1,50#
60955,$JYJ,13331194478,20111101074752,116.352982,39.844570,428946435,146888043,2,262,0,0,50#
100509,$JYJ,13381232408,20111101074946,116.352898,39.840370,428946112,146872543,21,0,1,1,50#
72079,$JYJ,13301157141,20111101075828,116.350281,39.844589,428936474,146888095,30,272,1,1,50#
38996,$JYJ,13311431126,20111101075648,116.354401,39.849033,428951682,146904510,0,80,0,0,50#
10797,$JYJ,13331187130,20111101075527,116.356003,39.844605,428957599,146888194,0,286,1,1,50#
7853,$JYJ,13311431126,20111101080022,116.353447,39.844978,428948165,146889536,12,174,1,1,50#
81669,$JYJ,13321174841,20111101080350,116.353203,39.842999,428947268,146882241,2,130,1,1,50#
28855,$JYJ,13331194110,20111101080119,116.353264,39.844109,428947501,146886323,0,196,0,0,50#
40442,$JYJ,13311403098,20111101080652,116.358849,39.842255,428968098,146879542,8,0,1,1,50#
51358,$JYJ,13321183439,20111101080751,116.355797,39.849445,428956836,146906031,0,304,0,0,50#
55918,$JYJ,13331188504,20111101080806,116.353119,39.843224,428946956,146883058,15,354,1,1,50#
2778,$JYJ,13331194124,20111101080508,116.359047,39.846554,428968840,146895385,21,178,1,1,50#
22871,$JYJ,13301164042,20111101081118,116.353050,39.843147,428946698,146882804,15,0,1,1,50#
34375,$JYJ,13311022684,20111101081151,116.353035,39.841942,428946656,146878359,4,2,1,1,50#
9464,$JYJ,13331063414,20111101081030,116.353119,39.844967,428946928,146889490,0,8,0,0,50#
64726,$JYJ,13370122414,20111101081330,116.353386,39.848137,428947955,146901181,0,190,1,1,50#
75670,$JYJ,13311495038,20111101081938,116.350883,39.844536,428938684,146887887,10,86,1,1,50#
37625,$JYJ,13321174844,20111101081718,116.352219,39.844803,428943632,146888872,0,278,0,0,50#
50027,$JYJ,13321174844,20111101081807,116.350113,39.844780,428935849,146888783,25,284,1,1,50#
5750,$JYJ,13311487257,20111101082020,116.359047,39.843204,428968821,146883045,21,2,1,1,50#
53221,$JYJ,13331194892,20111101082309,116.353516,39.844559,428948417,146888010,2,148,0,0,50#
7450,$JYJ,13311431033,20111101082526,116.352799,39.841133,428945745,146875362,0,178,0,0,50#
74206,$JYJ,13311431311,20111101083357,116.353035,39.843082,428946640,146882533,0,136,1,1,50#
63513,$JYJ,13331154842,20111101083320,116.358780,39.846806,428967849,146896322,17,356,1,1,50#
67072,$JYJ,13381069142,20111101083333,116.358513,39.842464,428966857,146880300,26,152,1,1,50#
581,$JYJ,13381100364,20111101082958,116.350670,39.844780,428937913,146888793,0,94,1,1,50#
32851,$JYJ,13301254332,20111101083645,116.357498,39.849213,428963146,146905164,19,232,0,0,50#
82816,$JYJ,13301254332,20111101083925,116.353485,39.848980,428948300,146904284,23,346,1,1,50#
45688,$JYJ,13370122489,20111101083724,116.358780,39.848412,428967859,146902230,15,180,1,1,50#
85373,$JYJ,13381100364,20111101083935,116.352386,39.844814,428944247,146888936,45,272,0,0,50#
63494,$JYJ,13311489556,20111101084330,116.355797,39.844479,428956829,146887702,15,80,1,1,50#
19925,$JYJ,13381069794,20111101084101,116.351799,39.844620,428942065,146888217,36,272,0,0,50#
73410,$JYJ,13311403120,20111101084927,116.352234,39.844292,428943689,146886987,8,176,1,1,50#
63010,$JYJ,13311426242,20111101084852,116.357033,39.844521,428961404,146887864,32,88,1,1,50#
28252,$JYJ,13311492093,20111101084643,116.358818,39.841518,428967978,146876818,34,182,1,1,50#
75868,$JYJ,13311570984,20111101084934,116.352882,39.840130,428946084,146871653,19,356,1,1,50#
37319,$JYJ,13370122451,20111101084726,116.350937,39.844582,428938881,146888052,17,94,1,1,50#
46053,$JYJ,13381069794,20111101084756,116.353249,39.847237,428947406,146897875,32,2,1,1,50#
72943,$JYJ,13311426452,20111101085403,116.353050,39.845524,428946712,146891565,0,190,0,0,50#
13723,$JYJ,13311487138,20111101085043,116.356697,39.844574,428960183,146888086,21,90,1,1,50#
33808,$JYJ,13331156442,20111101085153,116.352852,39.841065,428945959,146875107,13,188,1,1,50#
77919,$JYJ,13331194795,20111101085419,116.353119,39.843895,428946938,146885550,28,0,1,1,50#
25861,$JYJ,13311426452,20111101085626,116.353287,39.849243,428947563,146905250,36,356,1,1,50#
79521,$JYJ,13381096774,20111101090441,116.356399,39.844509,428959046,146887822,21,82,1,1,50#
49508,$JYJ,13301204945,20111101090752,116.355987,39.847671,428957547,146899501,0,0,0,0,50#
80831,$JYJ,13311403185,20111101090935,116.358650,39.848537,428967390,146902692,0,188,0,0,50#
43596,$JYJ,13311486495,20111101090729,116.352837,39.844612,428945917,146888189,8,258,1,1,50#
24260,$JYJ,13321164438,20111101090623,116.353470,39.845291,428948225,146890701,6,18,0,0,50#
53354,$JYJ,13331185845,20111101090751,116.358734,39.840919,428967681,146874614,34,186,0,0,50#
59801,$JYJ,13301156747,20111101091305,116.358803,39.842590,428967921,146880778,26,356,1,1,50#
7240,$JYJ,13301204945,20111101091021,116.353455,39.849232,428948171,146905222,0,0,0,0,50#
8409,$JYJ,13301204945,20111101091025,116.353455,39.849232,428948190,146905227,0,0,0,0,50#
30215,$JYJ,13311480734,20111101091129,116.353180,39.843052,428947153,146882440,13,344,1,1,50#
44103,$JYJ,13301156074,20111101091717,116.353020,39.845177,428946585,146890270,0,160,1,1,50#
7908,$JYJ,13301214600,20111101091521,116.358864,39.849274,428968175,146905395,10,12,1,1,50#
61688,$JYJ,13321180414,20111101091817,116.353065,39.843273,428946744,146883267,30,2,1,1,50#
17838,$JYJ,13301164953,20111101092104,116.353615,39.844593,428948790,146888106,0,266,0,0,50#
72129,$JYJ,13301164953,20111101092354,116.352997,39.843071,428946514,146882521,0,198,1,1,50#
12028,$JYJ,13311492135,20111101092037,116.359932,39.844372,428972122,146887351,0,76,0,0,50#
71112,$JYJ,13301104109,20111101092856,116.355034,39.844501,428954015,146887776,19,88,1,1,50#
78943,$JYJ,13321164328,20111101092922,116.359253,39.849457,428969608,146906072,12,264,1,1,50#
66781,$JYJ,13381083451,20111101092846,116.353050,39.843269,428946704,146883248,19,356,1,1,50#
69067,$JYJ,13381153621,20111101092853,116.357819,39.844585,428964318,146888122,10,268,1,1,50#
13901,$JYJ,13301214507,20111101093540,116.358864,39.842358,428968170,146879921,26,358,1,1,50#
10616,$JYJ,13311563409,20111101093536,116.357902,39.849239,428964598,146905279,12,64,1,1,50#
50317,$JYJ,13301156246,20111101094238,116.358917,39.849461,428968386,146906084,17,44,1,1,50#
680,$JYJ,13311403359,20111101093957,116.351082,39.844521,428939443,146887827,26,88,1,1,50#
24944,$JYJ,13311426231,20111101094121,116.356697,39.844532,428960143,146887918,15,262,1,1,50#
44394,$JYJ,13321164607,20111101094223,116.353386,39.847977,428947932,146900602,17,184,1,1,50#
89592,$JYJ,13331187841,20111101094435,116.353050,39.843952,428946696,146885762,30,180,1,1,50#
15397,$JYJ,13311191479,20111101094545,116.353600,39.844456,428948734,146887626,8,74,1,1,50#
46740,$JYJ,13301104069,20111101095223,116.353363,39.848156,428947845,146901242,0,6,1,1,50#
40669,$JYJ,13301184082,20111101095200,116.358780,39.846699,428967846,146895925,12,176,1,1,50#
18962,$JYJ,13311566248,20111101095556,116.355820,39.848648,428956945,146903100,8,178,0,0,50#
81085,$JYJ,13311566248,20111101095909,116.353348,39.847874,428947799,146900224,23,180,1,1,50#
81059,$JYJ,13301204945,20111101100957,116.357902,39.844551,428964629,146887988,0,0,1,1,50#
15644,$JYJ,13301277570,20111101100549,116.357597,39.848232,428963486,146901551,0,348,0,0,50#
43457,$JYJ,13301277570,20111101100735,116.357597,39.849060,428963476,146904611,10,100,1,1,50#
63445,$JYJ,13311431359,20111101101352,116.359230,39.849457,428969533,146906102,26,90,1,1,50#
52716,$JYJ,13311431449,20111101101319,116.358734,39.846123,428967673,146893783,19,178,1,1,50#
4138,$JYJ,13321180421,20111101101513,116.359787,39.842304,428971569,146879726,4,266,0,0,50#
32585,$JYJ,13331194331,20111101101641,116.354950,39.844544,428953695,146887941,10,262,1,1,50#
82434,$JYJ,13311426181,20111101102423,116.353447,39.848270,428948182,146901675,15,352,1,1,50#
42634,$JYJ,13311426242,20111101102216,116.359596,39.849426,428970886,146905987,12,268,1,1,50#
83319,$JYJ,13311431401,20111101102421,116.359398,39.844425,428970122,146887553,8,86,1,1,50#
3557,$JYJ,13311431426,20111101102012,116.358734,39.840542,428967698,146873228,25,178,1,1,50#
65475,$JYJ,13321164325,20111101102326,116.353119,39.845337,428946931,146890876,0,200,0,0,50#
59625,$JYJ,13301184085,20111101102801,116.356651,39.844486,428959991,146887749,19,124,1,1,50#
62099,$JYJ,13311191455,20111101102811,116.356720,39.849407,428960251,146905878,4,178,0,0,50#
29629,$JYJ,13311489635,20111101102633,116.353332,39.848286,428947748,146901732,13,190,0,0,50#
20317,$JYJ,13331154823,20111101102601,116.353218,39.846821,428947297,146896336,10,350,1,1,50#
30585,$JYJ,13381083490,20111101102636,116.358002,39.844517,428964999,146887851,2,96,1,1,50#
60872,$JYJ,13301125422,20111101103313,116.355766,39.849072,428956708,146904631,0,292,0,0,50#
86334,$JYJ,13311403153,20111101103435,116.353470,39.848835,428948230,146903756,12,220,0,0,50#
74320,$JYJ,13311486263,20111101103859,116.356232,39.844425,428958465,146887518,4,84,1,1,50#
61430,$JYJ,13311403659,20111101104310,116.352966,39.840172,428946365,146871832,23,352,0,0,50#
87679,$JYJ,13311486305,20111101104937,116.357048,39.844570,428961440,146888051,30,270,0,0,50#
16396,$JYJ,13301214286,20111101110048,116.358681,39.842171,428967478,146879236,0,192,1,1,50#
84793,$JYJ,13311191412,20111101110420,116.353447,39.847435,428948170,146898607,2,204,0,0,50#
81605,$JYJ,13331187072,20111101110410,116.352799,39.844627,428945770,146888229,0,262,1,1,50#
44551,$JYJ,13311191412,20111101110726,116.353416,39.848072,428948057,146900934,0,16,1,1,50#
90085,$JYJ,13311026465,20111101111446,116.352234,39.844711,428943668,146888563,13,270,1,1,50#
92414,$JYJ,13311488171,20111101111449,116.358734,39.844860,428967689,146889127,0,176,0,0,50#
62553,$JYJ,13331111428,20111101111318,116.353386,39.848228,428947945,146901522,0,194,0,0,50#
53818,$JYJ,13331194885,20111101111250,116.353386,39.849991,428947937,146908027,10,354,0,0,50#
58247,$JYJ,13311426349,20111101111817,116.352989,39.840054,428946445,146871386,0,0,0,0,50#
58843,$JYJ,13311426349,20111101111821,116.352989,39.840054,428946488,146871388,0,0,0,0,50#
15487,$JYJ,13311488171,20111101111545,116.357552,39.844555,428963310,146887994,12,268,1,1,50#
43598,$JYJ,13311578044,20111101111713,116.358681,39.846603,428967475,146895562,0,198,0,0,50#
41125,$JYJ,13331111428,20111101111706,116.357536,39.844501,428963275,146887804,8,82,1,1,50#
610,$JYJ,13331194615,20111101111502,116.355118,39.844467,428954351,146887664,15,78,1,1,50#
47144,$JYJ,13381153621,20111101111727,116.350281,39.842751,428936466,146881322,0,124,0,0,50#
87143,$JYJ,13311426349,20111101112934,116.352989,39.840054,428946471,146871377,0,0,0,0,50#
14776,$JYJ,13311480725,20111101112546,116.358902,39.849739,428968300,146907113,28,0,1,1,50#
18531,$JYJ,13331050140,20111101113054,116.356720,39.844559,428960257,146888014,36,88,0,0,50#
28702,$JYJ,13381235445,20111101113119,116.353119,39.843315,428946953,146883417,0,352,1,1,50#
34320,$JYJ,13301254280,20111101113639,116.356583,39.849571,428959753,146906483,4,200,0,0,50#
70914,$JYJ,13311403499,20111101113828,116.357849,39.849441,428964409,146906022,0,300,0,0,50#
17083,$JYJ,13301184101,20111101114051,116.359184,39.849400,428969373,146905873,0,266,0,0,50#
36029,$JYJ,13311426094,20111101114145,116.354767,39.844582,428953055,146888101,13,90,1,1,50#
28095,$JYJ,13311403157,20111101114624,116.353317,39.846752,428947675,146896087,6,336,1,1,50#
36231,$JYJ,13311426070,20111101114648,116.353302,39.845638,428947619,146891979,12,348,1,1,50#
47032,$JYJ,13311431567,20111101114722,116.359070,39.844448,428968907,146887613,10,88,1,1,50#
33709,$JYJ,13311426040,20111101115138,116.353531,39.842396,428948464,146880028,0,122,0,0,50#
24882,$JYJ,13301214224,20111101120115,116.358864,39.842350,428968158,146879873,0,38,0,0,50#
25717,$JYJ,13301214224,20111101120121,116.358864,39.842350,428968175,146879870,0,38,1,1,50#
82743,$JYJ,13321174871,20111101120434,116.358765,39.846802,428967814,146896290,17,356,1,1,50#
1087,$JYJ,13311426040,20111101120501,116.353218,39.845623,428947323,146891916,21,0,1,1,50#
62582,$JYJ,13381153621,20111101120846,116.353264,39.845337,428947493,146890847,13,358,1,1,50#
33071,$JYJ,13311403709,20111101121159,116.353332,39.844994,428947742,146889600,0,128,0,0,50#
37236,$JYJ,13311426270,20111101121708,116.353317,39.844536,428947668,146887918,21,74,1,1,50#
4100,$JYJ,13331187091,20111101121511,116.358719,39.840275,428967639,146872236,12,6,0,0,50#
31470,$JYJ,13331188704,20111101121707,116.358749,39.840817,428967739,146874224,0,302,0,0,50#
28261,$JYJ,13301214091,20111101122144,116.353302,39.848049,428947644,146900873,8,182,0,0,50#
57762,$JYJ,13331154829,20111101122341,116.353119,39.848469,428946939,146902395,2,4,1,1,50#
20843,$JYJ,13381100074,20111101122118,116.355583,39.846767,428956069,146896166,0,0,0,0,50#
21743,$JYJ,13381100074,20111101122122,116.355583,39.846767,428956031,146896143,0,0,0,0,50#
7734,$JYJ,13331192024,20111101122529,116.353104,39.843273,428946902,146883269,12,12,1,1,50#
2826,$JYJ,13301277639,20111101123008,116.353867,39.844669,428949690,146888413,0,262,0,0,50#
59777,$JYJ,13311495219,20111101123417,116.354118,39.849136,428950640,146904868,6,272,0,0,50#
25215,$JYJ,13381235424,20111101123145,116.353104,39.845032,428946897,146889731,10,326,1,1,50#
46766,$JYJ,13311426281,20111101123746,116.350502,39.846458,428937283,146894970,0,0,0,0,50#
48067,$JYJ,13311426281,20111101123750,116.350502,39.846458,428937262,146894980,0,0,0,0,50#
63821,$JYJ,13311495249,20111101124337,116.352799,39.840446,428945782,146872831,2,170,0,0,50#
48730,$JYJ,13301214104,20111101124740,116.358917,39.846817,428968381,146896360,15,356,1,1,50#
71293,$JYJ,13301251411,20111101124851,116.358864,39.844906,428968147,146889301,21,0,1,1,50#
47396,$JYJ,13311426026,20111101125240,116.353432,39.848476,428948114,146902447,34,182,1,1,50#
80582,$JYJ,13311567142,20111101125426,116.353203,39.845493,428947237,146891432,0,196,0,0,50#
43792,$JYJ,13331185244,20111101125228,116.353447,39.849129,428948163,146904849,23,352,1,1,50#
23018,$JYJ,13311403642,20111101125617,116.353798,39.844452,428949466,146887613,21,82,1,1,50#
80079,$JYJ,13311426281,20111101125920,116.350502,39.846458,428937268,146894963,0,0,0,0,50#
89732,$JYJ,13381153611,20111101125959,116.352814,39.844769,428945838,146888766,4,268,0,0,50#
21154,$JYJ,13311426281,20111101130108,116.353523,39.848412,428948462,146902189,25,0,1,1,50#
58460,$JYJ,13311021064,20111101130810,116.352989,39.840256,428946487,146872136,0,0,0,0,50#
59851,$JYJ,13311021064,20111101130814,116.352989,39.840256,428946451,146872144,0,0,0,0,50#
70051,$JYJ,13311162443,20111101130847,116.358887,39.849804,428968272,146907350,30,340,1,1,50#
69390,$JYJ,13311489638,20111101131335,116.358818,39.846706,428968003,146895944,17,0,1,1,50#
37340,$JYJ,13331186438,20111101131151,116.352364,39.846256,428944138,146894249,10,296,0,0,50#
57249,$JYJ,13381102314,20111101131252,116.353264,39.844429,428947491,146887514,8,40,1,1,50#
3007,$JYJ,13301214280,20111101131511,116.353249,39.847485,428947408,146898773,0,178,0,0,50#
22044,$JYJ,13301214280,20111101131618,116.353180,39.848194,428947194,146901396,15,344,1,1,50#
35598,$JYJ,13311021064,20111101131709,116.352989,39.840256,428946485,146872113,0,0,0,0,50#
47596,$JYJ,13311487269,20111101131748,116.355835,39.844616,428956975,146888234,4,270,0,0,50#
43282,$JYJ,13311488123,20111101131732,116.359001,39.844879,428968680,146889212,25,358,1,1,50#
65205,$JYJ,13311488184,20111101131842,116.359802,39.849365,428971614,146905750,17,92,1,1,50#
70717,$JYJ,13331186438,20111101131900,116.358833,39.849697,428968073,146906977,32,348,1,1,50#
33134,$JYJ,13311021064,20111101132644,116.353226,39.845333,428947332,146890835,17,0,1,1,50#
66913,$JYJ,13311563747,20111101132827,116.352364,39.844944,428944153,146889418,15,270,1,1,50#
27783,$JYJ,13301214139,20111101133123,116.350532,39.844463,428937382,146887633,15,278,1,1,50#
74197,$JYJ,13311492275,20111101133341,116.351166,39.844410,428939728,146887434,8,86,1,1,50#
68682,$JYJ,13381100074,20111101133318,116.355583,39.846767,428956032,146896142,0,0,0,0,50#
45312,$JYJ,13381100074,20111101133727,116.357948,39.849415,428964770,146905922,15,102,1,1,50#
74248,$JYJ,13311470467,20111101134853,116.358765,39.846611,428967795,146895585,15,180,0,0,50#
60385,$JYJ,13311492214,20111101134803,116.352997,39.843548,428946516,146884263,19,358,1,1,50#
40489,$JYJ,13331184984,20111101134703,116.359901,39.841263,428971978,146875891,21,298,0,0,50#
53823,$JYJ,13331184984,20111101134744,116.359154,39.841251,428969234,146875826,17,280,1,1,50#
41911,$JYJ,13381069149,20111101134708,116.353119,39.841316,428946936,146876027,12,42,1,1,50#
5225,$JYJ,13301157643,20111101135013,116.353165,39.843361,428947121,146883582,25,356,1,1,50#
39307,$JYJ,13301184139,20111101135206,116.358833,39.840519,428968042,146873137,15,174,1,1,50#
54432,$JYJ,13311470467,20111101135253,116.352181,39.844791,428943472,146888857,0,272,1,1,50#
42000,$JYJ,13311495138,20111101135215,116.358917,39.845447,428968355,146891288,0,12,0,0,50#
29929,$JYJ,13301272050,20111101135642,116.357666,39.849354,428963736,146905692,25,254,0,0,50#
49147,$JYJ,13301272050,20111101135747,116.356697,39.849159,428960160,146904961,12,54,1,1,50#
17026,$JYJ,13301157432,20111101140051,116.358070,39.844624,428965247,146888277,17,264,1,1,50#
89054,$JYJ,13311488141,20111101140439,116.358704,39.849472,428967588,146906149,8,192,1,1,50#
90847,$JYJ,13321164318,20111101140446,116.357330,39.844673,428962508,146888443,28,84,1,1,50#
36301,$JYJ,13331159452,20111101140154,116.354469,39.844883,428951934,146889180,23,86,1,1,50#
48918,$JYJ,13311426351,20111101140745,116.355286,39.842342,428954960,146879846,17,258,0,0,50#
7202,$JYJ,13311486301,20111101140521,116.356049,39.842968,428957775,146882145,4,180,0,0,50#
40334,$JYJ,13311486301,20111101140715,116.358803,39.842651,428967938,146880985,34,354,1,1,50#
77126,$JYJ,13331154807,20111101140935,116.358833,39.847012,428968051,146897076,30,0,1,1,50#
22876,$JYJ,13321164318,20111101141109,116.352280,39.841969,428943856,146878454,17,78,1,1,50#
62912,$JYJ,13331159452,20111101141318,116.353020,39.843201,428946590,146882971,34,0,1,1,50#
46025,$JYJ,13321180064,20111101141736,116.353149,39.845512,428947071,146891518,0,190,0,0,50#
58066,$JYJ,13311489413,20111101142252,116.357803,39.844490,428964257,146887761,0,126,0,0,50#
66130,$JYJ,13301214159,20111101142816,116.358749,39.847820,428967755,146900035,0,0,0,0,50#
97640,$JYJ,13311191480,20111101142925,116.358070,39.844257,428965220,146886894,6,88,1,1,50#
104482,$JYJ,13331194845,20111101142944,116.358818,39.843739,428967979,146884994,0,214,0,0,50#
76323,$JYJ,13311453274,20111101143312,116.355850,39.844341,428957052,146887199,28,276,1,1,50#
49211,$JYJ,13331194845,20111101143203,116.358887,39.840828,428968247,146874282,15,178,1,1,50#
24171,$JYJ,13321164446,20111101143600,116.353363,39.848156,428947840,146901267,12,182,1,1,50#
24465,$JYJ,13381068724,20111101143601,116.358551,39.846657,428966997,146895773,0,166,0,0,50#
9043,$JYJ,13381068964,20111101143517,116.358734,39.849686,428967710,146906925,0,224,1,1,50#
43746,$JYJ,13311489690,20111101144149,116.358917,39.843094,428968370,146882625,17,170,0,0,50#
69493,$JYJ,13311489690,20111101144251,116.358963,39.842739,428968532,146881318,13,358,1,1,50#
5842,$JYJ,13331154833,20111101144016,116.358864,39.844082,428968184,146886257,21,358,2,0,50#
28762,$JYJ,13370122450,20111101144111,116.350502,39.844353,428937286,146887208,6,88,1,1,50#
8327,$JYJ,13381068724,20111101144016,116.353218,39.844860,428947328,146889091,0,358,1,1,50#
91690,$JYJ,13301214051,20111101144847,116.352768,39.842045,428945645,146878705,0,82,3,0,50#
32507,$JYJ,13311492149,20111101144621,116.358650,39.845078,428967388,146889945,0,188,1,1,50#
70113,$JYJ,13321199406,20111101144759,116.353332,39.849235,428947730,146905230,6,174,0,0,50#
98608,$JYJ,13301214112,20111101145909,116.358666,39.847309,428967419,146898164,0,186,0,0,50#
33110,$JYJ,13311487195,20111101145622,116.359230,39.846767,428969510,146896181,0,270,0,0,50#
116660,$JYJ,13311577743,20111101145950,116.352913,39.841236,428946202,146875748,0,198,0,0,50#
44807,$JYJ,13301128403,20111101150148,116.355965,39.842461,428957457,146880288,2,184,0,0,50#
62841,$JYJ,13311426156,20111101150241,116.350830,39.844471,428938479,146887648,23,88,1,1,50#
49178,$JYJ,13311431208,20111101150204,116.352203,39.844509,428943580,146887818,4,94,1,1,50#
94,$JYJ,13311486346,20111101145957,116.350334,39.844437,428936678,146887541,23,88,1,1,50#
106081,$JYJ,13311577743,20111101150434,116.353065,39.844265,428946740,146886897,13,24,1,1,50#
24293,$JYJ,13301164914,20111101151102,116.355904,39.844532,428957239,146887916,0,94,0,0,50#
17332,$JYJ,13311453499,20111101151044,116.352852,39.840645,428945959,146873560,8,184,1,1,50#
31676,$JYJ,13311566403,20111101151121,116.358917,39.845970,428968347,146893245,0,10,0,0,50#
59807,$JYJ,13331194959,20111101151249,116.357285,39.844555,428962347,146887999,21,92,0,0,50#
82842,$JYJ,13311492215,20111101151828,116.353386,39.844879,428947919,146889167,10,358,1,1,50#
98368,$JYJ,13311487182,20111101152419,116.350632,39.844605,428937752,146888134,13,276,0,0,50#
48249,$JYJ,13301157743,20111101152705,116.358864,39.844852,428968162,146889122,0,164,0,0,50#
113589,$JYJ,13301157743,20111101152946,116.359703,39.849880,428971286,146907664,38,54,1,1,50#
31269,$JYJ,13311431592,20111101152620,116.353249,39.847096,428947432,146897348,0,222,0,0,50#
9445,$JYJ,13311453466,20111101152524,116.358932,39.842239,428968412,146879461,6,20,1,1,50#
41188,$JYJ,13331194072,20111101152637,116.352715,39.841171,428945463,146875513,8,192,0,0,50#
20137,$JYJ,13381100664,20111101152551,116.356766,39.849228,428960414,146905241,0,286,0,0,50#
65052,$JYJ,13311486291,20111101153300,116.358719,39.846744,428967627,146896097,0,186,0,0,50#
112072,$JYJ,13311431158,20111101153950,116.358849,39.844719,428968109,146888610,10,176,0,0,50#
107522,$JYJ,13301157412,20111101154431,116.355797,39.845348,428956833,146890904,0,286,0,0,50#
66277,$JYJ,13331184786,20111101154249,116.358772,39.848816,428967824,146903706,30,178,1,1,50#
70818,$JYJ,13331187020,20111101154300,116.352127,39.848183,428943307,146901335,0,0,0,0,50#
72700,$JYJ,13331187020,20111101154304,116.352127,39.848183,428943296,146901357,0,0,0,0,50#
100743,$JYJ,13381083409,20111101154907,116.353035,39.843117,428946647,146882674,0,200,0,0,50#
117040,$JYJ,13301156940,20111101155451,116.352799,39.840488,428945778,146872990,0,206,0,0,50#
23751,$JYJ,13301214675,20111101155101,116.356934,39.841961,428961021,146878421,0,278,0,0,50#
105340,$JYJ,13381083409,20111101155423,116.358635,39.844505,428967334,146887836,15,86,1,1,50#
110554,$JYJ,13301156854,20111101155939,116.353966,39.844791,428950087,146888857,23,268,1,1,50#
79118,$JYJ,13311453377,20111101155822,116.352974,39.840111,428946403,146871598,0,0,0,0,50#
80763,$JYJ,13311453377,20111101155826,116.352974,39.840111,428946416,146871608,0,0,0,0,50#
119124,$JYJ,13311453377,20111101155959,116.352974,39.840111,428946394,146871604,0,0,0,0,50#
47379,$JYJ,13311403779,20111101160157,116.353348,39.848560,428947790,146902759,6,190,0,0,50#
114696,$JYJ,13311426171,20111101160450,116.359230,39.844482,428969538,146887761,23,90,0,0,50#
25167,$JYJ,13311426217,20111101160103,116.352913,39.844631,428946198,146888274,4,274,0,0,50#
19230,$JYJ,13311431472,20111101160049,116.355148,39.846829,428954454,146896388,0,316,0,0,50#
61368,$JYJ,13311453377,20111101160237,116.358872,39.840668,428968173,146873675,10,2,1,1,50#
83521,$JYJ,13321199354,20111101160327,116.358932,39.847290,428968417,146898092,0,0,0,0,50#
99232,$JYJ,13311426171,20111101160909,116.353287,39.846958,428947581,146896829,47,358,0,0,50#
69818,$JYJ,13311486418,20111101161402,116.358818,39.842827,428967986,146881650,30,182,0,0,50#
110695,$JYJ,13311426471,20111101161947,116.358719,39.842853,428967622,146881750,4,8,0,0,50#
65957,$JYJ,13311470433,20111101161755,116.354446,39.846973,428951873,146896888,0,220,0,0,50#
64942,$JYJ,13311403049,20111101162243,116.356018,39.848179,428957653,146901369,0,164,0,0,50#
97606,$JYJ,13311431400,20111101162412,116.356133,39.841633,428958095,146877237,0,180,0,0,50#
42282,$JYJ,13311470395,20111101162149,116.356384,39.849205,428959024,146905131,10,82,0,0,50#
66990,$JYJ,13370122446,20111101162250,116.353203,39.845138,428947259,146890120,17,4,0,0,50#
92120,$JYJ,13331187020,20111101162856,116.352127,39.848183,428943294,146901335,0,0,0,0,50#
85150,$JYJ,13370126489,20111101162837,116.357216,39.844463,428962071,146887653,25,88,1,1,50#
39637,$JYJ,13381096549,20111101162644,116.358932,39.848431,428968441,146902316,47,178,0,0,50#
32332,$JYJ,13311563421,20111101163127,116.358749,39.846001,428967743,146893325,23,178,1,1,50#
24631,$JYJ,13311426435,20111101163621,116.352837,39.840683,428945883,146873714,0,174,0,0,50#
84860,$JYJ,13301277623,20111101164334,116.358200,39.844471,428965726,146887695,17,264,1,1,50#
11472,$JYJ,13311426360,20111101164032,116.357948,39.844532,428964792,146887938,39,88,0,0,50#
84591,$JYJ,13331184971,20111101164336,116.356049,39.842983,428957777,146882188,0,184,0,0,50#
82134,$JYJ,13331187020,20111101164330,116.352333,39.844597,428944043,146888122,23,268,1,1,50#
35717,$JYJ,13301208543,20111101164631,116.353233,39.843124,428947360,146882711,13,198,0,0,50#
79247,$JYJ,13301254225,20111101164821,116.352799,39.844471,428945766,146887676,13,84,1,1,50#
39349,$JYJ,13311486422,20111101164640,116.354668,39.844330,428952664,146887141,23,86,1,1,50#
17278,$JYJ,13301156748,20111101165045,116.352966,39.840431,428946366,146872785,10,356,1,1,50#
12136,$JYJ,13301209674,20111101165034,116.353348,39.847343,428947801,146898274,13,358,1,1,50#
77313,$JYJ,13301254359,20111101165313,116.356552,39.848846,428959651,146903835,21,90,0,0,50#
55967,$JYJ,13331194430,20111101165224,116.356003,39.841648,428957584,146877282,0,226,0,0,50#
27537,$JYJ,13311495072,20111101165608,116.353783,39.844471,428949380,146887685,23,88,1,1,50#
90115,$JYJ,13311486422,20111101170408,116.354881,39.844544,428953476,146887955,8,278,0,0,50#
63280,$JYJ,13321164487,20111101170304,116.357986,39.844425,428964925,146887523,0,152,0,0,50#
28159,$JYJ,13301214024,20111101170608,116.359032,39.849483,428968784,146906190,10,358,1,1,50#
27338,$JYJ,13311470486,20111101170607,116.351196,39.844463,428939830,146887642,0,230,1,1,50#
88790,$JYJ,13311489608,20111101170844,116.358902,39.846394,428968308,146894775,17,358,1,1,50#
60129,$JYJ,13331154846,20111101170733,116.356201,39.847900,428958317,146900323,0,154,1,1,50#
7094,$JYJ,13301184093,20111101171015,116.355820,39.848583,428956938,146902857,13,262,0,0,50#
115472,$JYJ,13301214514,20111101171448,116.353218,39.844223,428947308,146886739,0,334,0,0,50#
53141,$JYJ,13311403046,20111101171211,116.358032,39.844593,428965088,146888134,0,344,0,0,50#
119674,$JYJ,13311495111,20111101171458,116.351517,39.845791,428941036,146892508,2,216,0,0,50#
103617,$JYJ,13381101984,20111101171414,116.353081,39.842937,428946821,146882007,0,174,0,0,50#
46124,$JYJ,13311495111,20111101171657,116.352799,39.845268,428945778,146890592,10,76,1,1,50#
100248,$JYJ,13331154909,20111101171912,116.353180,39.845825,428947159,146892665,0,190,0,0,50#
9283,$JYJ,13331159448,20111101171520,116.359253,39.844482,428969608,146887750,0,90,0,0,50#
49949,$JYJ,13331159456,20111101171703,116.358864,39.841320,428968168,146876072,23,0,1,1,50#
29815,$JYJ,13381101984,20111101171615,116.350319,39.844559,428936610,146887971,25,272,1,1,50#
57320,$JYJ,13301254020,20111101172218,116.358986,39.844528,428968619,146887917,21,270,1,1,50#
97176,$JYJ,13311403071,20111101172357,116.351616,39.844521,428941375,146887845,4,254,0,0,50#
102750,$JYJ,13311426442,20111101172409,116.358833,39.843525,428968074,146884201,0,2,0,0,50#
62689,$JYJ,13381233401,20111101172231,116.353020,39.843063,428946598,146882481,0,192,0,0,50#
87959,$JYJ,13321174741,20111101172836,116.353249,39.848904,428947408,146904005,0,182,0,0,50#
45218,$JYJ,13370129376,20111101173153,116.354347,39.844452,428951489,146887612,4,62,1,1,50#
35391,$JYJ,13331186409,20111101173626,116.353249,39.844940,428947425,146889390,13,2,1,1,50#
83024,$JYJ,13301125432,20111101174322,116.353699,39.844505,428949075,146887812,6,90,1,1,50#
91036,$JYJ,13331194658,20111101174345,116.350883,39.841999,428938675,146878536,23,92,1,1,50#
71965,$JYJ,13311487227,20111101174800,116.356369,39.849010,428958944,146904413,19,88,0,0,50#
86717,$JYJ,13311489489,20111101174839,116.356903,39.842312,428960917,146879716,0,334,0,0,50#
71935,$JYJ,13370122440,20111101174758,116.352135,39.844635,428943291,146888281,6,276,0,0,50#
9232,$JYJ,13311487227,20111101175020,116.358963,39.849583,428968519,146906547,4,6,1,1,50#
3531,$JYJ,13311570483,20111101175007,116.358719,39.842075,428967648,146878884,0,192,0,0,50#
91724,$JYJ,13331159482,20111101175346,116.353287,39.845451,428947562,146891292,8,176,0,0,50#
7688,$JYJ,13331194341,20111101175015,116.358780,39.843605,428967864,146884504,4,172,0,0,50#
67941,$JYJ,13301254129,20111101175751,116.356499,39.849190,428959446,146905071,0,270,0,0,50#
69494,$JYJ,13311453282,20111101175752,116.358749,39.843471,428967750,146884011,4,200,0,0,50#
12713,$JYJ,13311486473,20111101175534,116.355568,39.844677,428955995,146888444,0,272,0,0,50#
18896,$JYJ,13381083411,20111101175548,116.353210,39.846863,428947265,146896491,12,192,0,0,50#
78621,$JYJ,13301204905,20111101180314,116.351135,39.844944,428939605,146889394,0,88,0,0,50#
10162,$JYJ,13311403642,20111101180026,116.352875,39.841282,428946055,146875925,4,182,0,0,50#
28914,$JYJ,13311403642,20111101180113,116.352882,39.841106,428946070,146875253,19,174,1,1,50#
39915,$JYJ,13311480679,20111101180141,116.352493,39.844647,428944617,146888321,28,270,1,1,50#
40293,$JYJ,13311489317,20111101180137,116.351181,39.844475,428939808,146887661,0,84,1,1,50#
44278,$JYJ,13311492119,20111101180146,116.358818,39.841198,428967988,146875647,28,180,0,0,50#
4893,$JYJ,13311426270,20111101180514,116.353203,39.845154,428947244,146890174,13,354,0,0,50#
35084,$JYJ,13311492119,20111101180626,116.358864,39.844528,428968151,146887930,2,344,1,1,50#
118958,$JYJ,13311492182,20111101180959,116.352119,39.844665,428943253,146888369,6,282,0,0,50#
94995,$JYJ,13331194785,20111101180854,116.358719,39.846977,428967612,146896940,25,180,0,0,50#
119500,$JYJ,13331194785,20111101180955,116.358719,39.846722,428967650,146896014,13,172,1,1,50#
105000,$JYJ,13311431208,20111101181422,116.353554,39.848583,428948567,146902848,0,180,0,0,50#
67599,$JYJ,13311431580,20111101181247,116.358864,39.847046,428968165,146897192,15,358,1,1,50#
71947,$JYJ,13301156748,20111101181805,116.355400,39.844616,428955371,146888228,41,270,0,0,50#
106335,$JYJ,13301156748,20111101181925,116.353149,39.845455,428947063,146891283,13,2,1,1,50#
52480,$JYJ,13301209674,20111101181710,116.353035,39.843227,428946657,146883081,25,334,1,1,50#
46657,$JYJ,13311492259,20111101181657,116.352669,39.844597,428945276,146888143,30,266,0,0,50#
85725,$JYJ,13321164516,20111101181833,116.358666,39.843281,428967418,146883330,0,188,0,0,50#
9272,$JYJ,13311403737,20111101182023,116.358666,39.843727,428967415,146884951,0,194,0,0,50#
28689,$JYJ,13311403737,20111101182109,116.358635,39.843712,428967336,146884894,0,194,1,1,50#
35754,$JYJ,13311426086,20111101182128,116.353249,39.847221,428947413,146897801,4,200,0,0,50#
51962,$JYJ,13311486380,20111101182211,116.359131,39.849320,428969154,146905593,10,86,1,1,50#
13480,$JYJ,13311492259,20111101182032,116.353233,39.845558,428947367,146891669,21,356,1,1,50#
78540,$JYJ,13311025843,20111101182801,116.358849,39.849754,428968122,146907166,10,358,1,1,50#
187,$JYJ,13331194785,20111101182502,116.358666,39.842842,428967422,146881682,10,184,0,0,50#
68937,$JYJ,13331194785,20111101182749,116.358803,39.844742,428967931,146888705,13,346,1,1,50#
20483,$JYJ,13311426270,20111101183054,116.357918,39.844616,428964655,146888230,0,286,0,0,50#
79422,$JYJ,13331063482,20111101183816,116.353836,39.848835,428949577,146903771,0,74,0,0,50#
23372,$JYJ,13331154763,20111101183559,116.352867,39.841171,428946033,146875507,2,14,0,0,50#
86282,$JYJ,13331188942,20111101183836,116.358650,39.843529,428967397,146884214,8,182,0,0,50#
3866,$JYJ,13301204876,20111101184011,116.358849,39.846516,428968105,146895246,30,358,0,0,50#
3301,$JYJ,13311492259,20111101184006,116.353104,39.845161,428946883,146890207,13,176,1,1,50#
51136,$JYJ,13331188942,20111101184206,116.359352,39.849339,428969977,146905641,6,80,1,1,50#
101578,$JYJ,13331194899,20111101184413,116.352768,39.840561,428945669,146873260,6,194,0,0,50#
25085,$JYJ,13381083406,20111101184106,116.357369,39.849483,428962652,146906188,19,296,0,0,50#
72783,$JYJ,13321189848,20111101184800,116.353401,39.848461,428947998,146902367,13,168,0,0,50#
13780,$JYJ,13331156468,20111101184530,116.356918,39.844536,428960992,146887938,0,120,1,1,50#
15268,$JYJ,13301204927,20111101185037,116.350632,39.844513,428937772,146887797,15,90,0,0,50#
38050,$JYJ,13301204927,20111101185134,116.351151,39.844463,428939684,146887635,4,90,1,1,50#
62820,$JYJ,13311488202,20111101185238,116.353355,39.847858,428947837,146900173,32,182,1,1,50#
101286,$JYJ,13311426115,20111101185910,116.359116,39.842400,428969081,146880071,28,4,0,0,50#
22690,$JYJ,13311492105,20111101185557,116.350914,39.844391,428938817,146887366,2,110,1,1,50#
22027,$JYJ,13331037114,20111101185555,116.358963,39.848034,428968555,146900837,51,180,0,0,50#
71398,$JYJ,13311021674,20111101190259,116.353531,39.848908,428948474,146904043,0,296,0,0,50#
104728,$JYJ,13331156462,20111101190424,116.354553,39.845211,428952229,146890399,6,236,0,0,50#
110618,$JYJ,13311431057,20111101190938,116.358047,39.844475,428965134,146887710,0,94,0,0,50#
54933,$JYJ,13321164496,20111101190715,116.350830,39.844364,428938496,146887248,8,92,1,1,50#
50168,$JYJ,13311431057,20111101191209,116.355682,39.844593,428956403,146888146,12,268,1,1,50#
105185,$JYJ,13381093034,20111101191423,116.353386,39.848385,428947944,146902087,21,186,0,0,50#
48274,$JYJ,13311211643,20111101191658,116.359230,39.849468,428969523,146906122,2,298,1,1,50#
91311,$JYJ,13311489468,20111101192350,116.358833,39.843525,428968034,146884221,0,162,0,0,50#
27793,$JYJ,13331154751,20111101192111,116.353684,39.840756,428949039,146873991,12,86,0,0,50#
96952,$JYJ,13331154751,20111101192403,116.352974,39.841392,428946409,146876330,15,358,1,1,50#
67625,$JYJ,13331187128,20111101192252,116.352837,39.840221,428945920,146872013,0,200,0,0,50#
18285,$JYJ,13370126413,20111101192043,116.350487,39.844532,428937220,146887860,0,286,0,0,50#
46120,$JYJ,13381102624,20111101192157,116.358734,39.840321,428967697,146872404,0,178,0,0,50#
31869,$JYJ,13301156748,20111101192619,116.353218,39.845486,428947316,146891419,8,356,1,1,50#
25933,$JYJ,13301214447,20111101192604,116.353249,39.845219,428947441,146890431,2,196,0,0,50#
10122,$JYJ,13311453448,20111101192523,116.359230,39.844494,428969511,146887778,13,86,0,0,50#
57715,$JYJ,13311486426,20111101192724,116.353416,39.848381,428948058,146902084,0,198,0,0,50#
59230,$JYJ,13331194184,20111101192725,116.358734,39.844833,428967706,146889026,0,178,0,0,50#
45951,$JYJ,13370126413,20111101192656,116.358749,39.843674,428967741,146884770,23,178,1,1,50#
83659,$JYJ,13381101594,20111101192826,116.353264,39.849697,428947506,146906951,0,180,0,0,50#
108868,$JYJ,13301164954,20111101193431,116.357048,39.849678,428961460,146906895,4,166,0,0,50#
48272,$JYJ,13301214286,20111101193204,116.358719,39.847920,428967634,146900415,0,184,1,1,50#
109321,$JYJ,13321164894,20111101193436,116.353348,39.849945,428947813,146907867,0,358,0,0,50#
67780,$JYJ,13331185104,20111101193246,116.353134,39.844891,428947024,146889210,0,172,0,0,50#
107208,$JYJ,13301277560,20111101194427,116.358681,39.840740,428967494,146873951,0,182,0,0,50#
17986,$JYJ,13311426425,20111101194044,116.358650,39.844673,428967378,146888435,19,178,0,0,50#
90576,$JYJ,13311426425,20111101194346,116.358849,39.844898,428968131,146889286,13,358,1,1,50#
24728,$JYJ,13311453221,20111101194103,116.351799,39.844654,428942092,146888330,30,266,1,1,50#
104544,$JYJ,13311453237,20111101194420,116.355049,39.848923,428954074,146904076,0,254,0,0,50#
5448,$JYJ,13381077437,20111101194012,116.351669,39.844517,428941604,146887832,21,86,1,1,50#
103142,$JYJ,13311486235,20111101194919,116.350182,39.844467,428936110,146887626,0,108,0,0,50#
93685,$JYJ,13331194141,20111101194851,116.358070,39.849373,428965255,146905754,0,290,0,0,50#
16468,$JYJ,13311403721,20111101195039,116.354881,39.848934,428953467,146904134,0,220,0,0,50#
6601,$JYJ,13331194141,20111101195015,116.358635,39.849464,428967331,146906104,10,56,1,1,50#
13349,$JYJ,13311403721,20111101195530,116.353149,39.845238,428947048,146890492,6,176,1,1,50#
68206,$JYJ,13331187068,20111101195831,116.353180,39.846306,428947160,146894446,0,0,0,0,50#
69938,$JYJ,13331187068,20111101195835,116.353180,39.846306,428947158,146894416,0,0,0,0,50#
62474,$JYJ,13301204845,20111101200241,116.358597,39.844631,428967174,146888278,0,0,0,0,50#
19676,$JYJ,13311431073,20111101200049,116.353416,39.848301,428948054,146901793,0,0,0,0,50#
79669,$JYJ,13311492070,20111101200321,116.356033,39.847935,428957722,146900449,10,0,0,0,50#
58161,$JYJ,13311495253,20111101200226,116.350647,39.841106,428937825,146875257,0,270,0,0,50#
104801,$JYJ,13321164848,20111101200423,116.358948,39.846992,428968473,146897007,0,354,0,0,50#
13428,$JYJ,13331187068,20111101200034,116.353180,39.846306,428947176,146894419,0,0,0,0,50#
103896,$JYJ,13331187068,20111101200424,116.350883,39.844692,428938681,146888475,15,266,1,1,50#
98857,$JYJ,13381235434,20111101200408,116.355865,39.843376,428957088,146883636,6,184,0,0,50#
4840,$JYJ,13301214749,20111101200510,116.356766,39.844620,428960423,146888226,23,84,1,1,50#
62606,$JYJ,13311492070,20111101200738,116.350067,39.844681,428935674,146888434,15,270,1,1,50#
60218,$JYJ,13311495253,20111101200737,116.359200,39.849625,428969420,146906719,21,90,1,1,50#
76026,$JYJ,13321164361,20111101200812,116.350617,39.844673,428937701,146888406,0,288,0,0,50#
97096,$JYJ,13321174707,20111101200902,116.352715,39.844181,428945459,146886601,0,138,1,1,50#
42480,$JYJ,13381063104,20111101200651,116.353554,39.848152,428948551,146901239,2,176,0,0,50#
91466,$JYJ,13381063104,20111101200854,116.353035,39.845417,428946655,146891140,25,194,1,1,50#
64495,$JYJ,13311495300,20111101201243,116.353386,39.848503,428947915,146902534,15,184,0,0,50#
10456,$JYJ,13331154902,20111101201028,116.358734,39.849426,428967687,146905966,8,20,1,1,50#
106416,$JYJ,13301272171,20111101201923,116.353516,39.848415,428948434,146902227,13,4,1,1,50#
120586,$JYJ,13331154823,20111101201958,116.355850,39.844349,428957042,146887227,4,122,0,0,50#
76008,$JYJ,13331194707,20111101201807,116.353401,39.848408,428947999,146902199,0,198,0,0,50#
74774,$JYJ,13301208423,20111101202308,116.356918,39.849018,428960978,146904461,2,242,0,0,50#
32396,$JYJ,13311021554,20111101202622,116.353394,39.848175,428947978,146901330,15,182,1,1,50#
97285,$JYJ,13321164503,20111101202902,116.356651,39.849060,428960000,146904623,0,0,0,0,50#
74335,$JYJ,13321174603,20111101202806,116.353416,39.848568,428948055,146902780,2,186,0,0,50#
86912,$JYJ,13301272048,20111101203334,116.350586,39.844730,428937595,146888613,12,94,1,1,50#
117467,$JYJ,13311486449,20111101203456,116.354752,39.849030,428953002,146904477,0,276,0,0,50#
10005,$JYJ,13311581455,20111101203028,116.358917,39.843761,428968380,146885095,23,358,0,0,50#
6516,$JYJ,13321164439,20111101203015,116.350868,39.844605,428938633,146888153,0,300,0,0,50#
2617,$JYJ,13321174603,20111101203005,116.353218,39.844566,428947321,146888020,0,102,1,1,50#
9144,$JYJ,13301184032,20111101203521,116.352867,39.841244,428946002,146875782,4,174,0,0,50#
16601,$JYJ,13311431318,20111101204040,116.357147,39.849114,428961821,146904809,0,272,0,0,50#
4807,$JYJ,13311480659,20111101204006,116.351402,39.844414,428940590,146887440,10,210,1,1,50#
32830,$JYJ,13331154719,20111101204136,116.354416,39.844707,428951721,146888541,12,246,1,1,50#
111772,$JYJ,13331154719,20111101204456,116.350632,39.843357,428937749,146883557,0,162,0,0,50#
71667,$JYJ,13331156489,20111101204803,116.358681,39.843552,428967511,146884301,0,0,0,0,50#
113480,$JYJ,13331194346,20111101204941,116.353065,39.846066,428946747,146893550,25,182,1,1,50#
56419,$JYJ,13311403503,20111101205226,116.353363,39.848064,428947835,146900914,15,184,0,0,50#
23272,$JYJ,13331061014,20111101205053,116.358833,39.842163,428968043,146879198,0,334,1,1,50#
18738,$JYJ,13331154719,20111101205045,116.353332,39.845180,428947745,146890274,8,0,1,1,50#
25586,$JYJ,13331159452,20111101205105,116.358849,39.847240,428968093,146897916,0,2,0,0,50#
89575,$JYJ,13311453391,20111101205846,116.357170,39.849216,428961931,146905200,2,336,0,0,50#
53865,$JYJ,13311470472,20111101205719,116.358910,39.842850,428968326,146881739,13,0,0,0,50#
72819,$JYJ,13301127442,20111101210800,116.353500,39.848789,428948364,146903594,30,350,1,1,50#
34533,$JYJ,13311470338,20111101210629,116.353409,39.848583,428948014,146902839,13,180,1,1,50#
5578,$JYJ,13321164521,20111101210511,116.354820,39.844608,428953239,146888201,10,86,1,1,50#
9844,$JYJ,13311488216,20111101211023,116.356064,39.843002,428957836,146882262,0,82,0,0,50#
77570,$JYJ,13311488216,20111101211310,116.356133,39.844238,428958091,146886824,6,354,1,1,50#
40069,$JYJ,13370129540,20111101211638,116.353119,39.843212,428946959,146883030,0,8,0,0,50#
17828,$JYJ,13311403042,20111101212043,116.353401,39.848522,428948001,146902615,21,356,1,1,50#
104842,$JYJ,13331194386,20111101212411,116.352547,39.844585,428944839,146888090,19,268,1,1,50#
91464,$JYJ,13381093084,20111101212344,116.357735,39.849235,428963988,146905250,21,248,1,1,50#
76015,$JYJ,13381232476,20111101212301,116.353218,39.845242,428947316,146890513,2,272,0,0,50#
100142,$JYJ,13381232476,20111101212400,116.353249,39.845242,428947416,146890499,0,270,1,1,50#
97562,$JYJ,13311403503,20111101213359,116.358917,39.845459,428968369,146891352,13,358,0,0,50#
23232,$JYJ,13311453394,20111101213101,116.351059,39.844597,428939319,146888121,0,258,0,0,50#
113905,$JYJ,13301277639,20111101213942,116.358780,39.848930,428967846,146904131,4,356,1,1,50#
103744,$JYJ,13311495199,20111101213921,116.357902,39.844463,428964633,146887659,4,110,0,0,50#
34881,$JYJ,13321164565,20111101213627,116.352814,39.841385,428945815,146876300,23,184,0,0,50#
59909,$JYJ,13321164565,20111101213729,116.352837,39.841297,428945905,146875982,25,352,1,1,50#
22024,$JYJ,13321174728,20111101213558,116.353401,39.848289,428947973,146901734,19,190,0,0,50#
28163,$JYJ,13331194973,20111101213614,116.358887,39.842293,428968233,146879660,15,0,0,0,50#
45351,$JYJ,13331194973,20111101213657,116.358765,39.843273,428967788,146883301,10,358,1,1,50#
75238,$JYJ,13311403041,20111101214308,116.353416,39.848549,428948034,146902716,0,186,0,0,50#
117957,$JYJ,13311453269,20111101214457,116.358749,39.840717,428967740,146873875,13,178,1,1,50#
61965,$JYJ,13311495199,20111101214235,116.352768,39.844566,428945633,146888014,13,262,1,1,50#
20266,$JYJ,13301204830,20111101214550,116.356880,39.849056,428960831,146904604,10,296,0,0,50#
89413,$JYJ,13311495394,20111101214839,116.353569,39.845470,428948627,146891344,10,18,1,1,50#
41445,$JYJ,13301174932,20111101215146,116.357986,39.844566,428964914,146888050,4,274,0,0,50#
72611,$JYJ,13301174932,20111101215301,116.355965,39.844601,428957464,146888174,10,262,1,1,50#
64470,$JYJ,13311431426,20111101215237,116.359787,39.849403,428971573,146905899,28,92,0,0,50#
50565,$JYJ,13331194908,20111101215205,116.358803,39.845234,428967932,146890503,13,174,1,1,50#
26941,$JYJ,13331194957,20111101215104,116.358864,39.843388,428968165,146883702,19,358,1,1,50#
14393,$JYJ,13331194903,20111101215534,116.353516,39.844398,428948424,146887417,17,90,1,1,50#
17992,$JYJ,13381083441,20111101215548,116.353348,39.848724,428947791,146903337,4,178,0,0,50#
23832,$JYJ,13381102304,20111101220101,116.353020,39.843273,428946596,146883258,25,182,0,0,50#
79087,$JYJ,13301127452,20111101220818,116.354668,39.844452,428952675,146887623,0,106,0,0,50#
113392,$JYJ,13311492176,20111101220936,116.353600,39.844582,428948724,146888082,21,268,1,1,50#
59057,$JYJ,13311581455,20111101220724,116.353485,39.848206,428948322,146901425,15,4,1,1,50#
27912,$JYJ,13321199484,20111101220609,116.357185,39.849339,428961991,146905633,0,300,0,0,50#
37595,$JYJ,13321164597,20111101221133,116.357666,39.849140,428963753,146904897,4,40,0,0,50#
103010,$JYJ,13311487222,20111101221910,116.358833,39.847000,428968065,146897030,2,174,0,0,50#
121631,$JYJ,13311487222,20111101221956,116.358818,39.846928,428968004,146896765,15,176,1,1,50#
105561,$JYJ,13311488160,20111101221922,116.354599,39.844574,428952419,146888061,28,270,1,1,50#
30995,$JYJ,13331194247,20111101221615,116.352837,39.840546,428945908,146873192,0,188,0,0,50#
25229,$JYJ,13381063194,20111101221600,116.352600,39.844463,428945018,146887650,8,102,1,1,50#
39392,$JYJ,13301155340,20111101222133,116.353249,39.846500,428947435,146895159,23,182,1,1,50#
66779,$JYJ,13301272972,20111101222242,116.357117,39.849052,428961718,146904585,2,176,0,0,50#
6057,$JYJ,13381093084,20111101222013,116.354797,39.844544,428953149,146887949,8,314,0,0,50#
103678,$JYJ,13301214615,20111101222922,116.353714,39.844421,428949152,146887505,0,98,0,0,50#
72819,$JYJ,13311486276,20111101222800,116.359917,39.848793,428972057,146903648,0,136,0,0,50#
97884,$JYJ,13311495228,20111101222904,116.352814,39.843327,428945816,146883458,0,182,0,0,50#
117124,$JYJ,13381083475,20111101222951,116.359085,39.844467,428968964,146887693,0,102,0,0,50#
47543,$JYJ,13301214615,20111101223157,116.358864,39.846970,428968153,146896909,17,358,1,1,50#
101561,$JYJ,13301214615,20111101223411,116.352280,39.844707,428943844,146888543,34,268,0,0,50#
1287,$JYJ,13301272172,20111101223006,116.358849,39.849697,428968106,146906977,26,350,1,1,50#
84775,$JYJ,13311403717,20111101223331,116.351250,39.844601,428940056,146888131,32,86,1,1,50#
10944,$JYJ,13311431361,20111101223025,116.353554,39.849403,428948561,146905842,0,268,0,0,50#
75312,$JYJ,13381068794,20111101223308,116.358681,39.847794,428967496,146899952,15,318,1,1,50#
52498,$JYJ,13301208408,20111101223710,116.354668,39.848877,428952670,146903933,0,270,0,0,50#
73792,$JYJ,13311489313,20111101223808,116.358803,39.844727,428967954,146888640,0,176,0,0,50#
4167,$JYJ,13331154832,20111101223513,116.356232,39.849239,428958455,146905278,0,158,0,0,50#
120386,$JYJ,13301157141,20111101224451,116.352951,39.842098,428946316,146878931,26,0,1,1,50#
77537,$JYJ,13321190141,20111101224309,116.357147,39.849182,428961817,146905070,4,106,0,0,50#
107496,$JYJ,13381063243,20111101224419,116.353386,39.848442,428947916,146902313,0,182,0,0,50#
88865,$JYJ,13301214126,20111101224839,116.358849,39.843925,428968118,146885680,0,12,1,1,50#
11695,$JYJ,13311492117,20111101224530,116.351379,39.844513,428940530,146887811,0,0,1,1,50#
99151,$JYJ,13331184989,20111101224904,116.350273,39.845573,428936435,146891726,0,0,0,0,50#
100504,$JYJ,13331194019,20111101224904,116.353165,39.844551,428947133,146887949,23,88,1,1,50#
28795,$JYJ,13381063243,20111101224613,116.350449,39.844647,428937094,146888309,15,266,1,1,50#
62009,$JYJ,13301251487,20111101225232,116.351349,39.844048,428940427,146886112,17,88,1,1,50#
2824,$JYJ,13311431243,20111101225006,116.355949,39.844612,428957397,146888220,8,262,0,0,50#
43007,$JYJ,13311486352,20111101225146,116.353432,39.848293,428948101,146901772,0,146,0,0,50#
60017,$JYJ,13311495272,20111101225228,116.356049,39.844826,428957757,146889003,0,282,0,0,50#
21877,$JYJ,13311495300,20111101225054,116.353348,39.847752,428947812,146899755,0,168,0,0,50#
37508,$JYJ,13331194550,20111101225132,116.351135,39.844692,428939641,146888473,15,266,1,1,50#
11909,$JYJ,13311453315,20111101225533,116.352547,39.844784,428944839,146888809,38,270,0,0,50#
84712,$JYJ,13311453315,20111101225833,116.351097,39.844872,428939492,146889144,15,268,1,1,50#
95182,$JYJ,13301208408,20111101230358,116.352364,39.844734,428944163,146888620,0,260,0,0,50#
21730,$JYJ,13301208408,20111101231054,116.356133,39.844605,428958062,146888192,8,86,1,1,50#
32941,$JYJ,13311489628,20111101231121,116.352348,39.842575,428944110,146880673,0,76,0,0,50#
68570,$JYJ,13311470479,20111101231755,116.358749,39.846840,428967764,146896449,0,156,0,0,50#
92440,$JYJ,13311470479,20111101231855,116.358765,39.846787,428967806,146896246,15,176,1,1,50#
117277,$JYJ,13311480787,20111101232455,116.352882,39.840679,428946058,146873700,39,180,0,0,50#
110630,$JYJ,13331063494,20111101232939,116.358887,39.846958,428968259,146896866,15,356,1,1,50#
115237,$JYJ,13331093423,20111101232953,116.356537,39.849064,428959553,146904636,0,0,0,0,50#
111902,$JYJ,13331188544,20111101232942,116.353897,39.848961,428949811,146904221,0,236,0,0,50#
57989,$JYJ,13331188544,20111101233224,116.359283,39.849472,428969699,146906145,21,92,1,1,50#
43142,$JYJ,13311426186,20111101233651,116.353203,39.845295,428947253,146890710,4,356,0,0,50#
64515,$JYJ,13331194786,20111101233747,116.358833,39.845142,428968050,146890174,25,0,1,1,50#
116668,$JYJ,13381153613,20111101233959,116.352982,39.841545,428946426,146876869,28,182,0,0,50#
41233,$JYJ,13311487240,20111101234147,116.354713,39.848968,428952829,146904265,0,12,0,0,50#
52708,$JYJ,13301204839,20111101234716,116.358803,39.845120,428967940,146890105,25,358,1,1,50#
52581,$JYJ,13321164296,20111101234715,116.354584,39.849487,428952355,146906154,25,266,0,0,50#
91357,$JYJ,13311453369,20111101235356,116.358032,39.849377,428965096,146905768,26,258,0,0,50#
91153,$JYJ,13321180410,20111101235356,116.356148,39.848926,428958158,146904109,17,82,0,0,50#
93360,$JYJ,13331093421,20111101235401,116.353401,39.848396,428948013,146902143,21,184,0,0,50#
38922,$JYJ,13331093421,20111101235642,116.356705,39.844501,428960187,146887786,25,88,1,1,50#
