57913,$JYJ,13370126440,20111101000800,116.350235,39.924892,428936335,147184137,0,0,1,1,50#
16076,$JYJ,13311470417,20111101002051,116.350082,39.929478,428935783,147201028,0,0,0,0,50#
93708,$JYJ,13331194935,20111101002940,116.358513,39.927788,428966921,147194854,0,168,0,0,50#
19601,$JYJ,13311020741,20111101003054,116.353737,39.920330,428949257,147167328,10,114,1,1,50#
403,$JYJ,13311470431,20111101002956,116.353287,39.927216,428947587,147192724,0,2,0,0,50#
51975,$JYJ,13311492085,20111101003730,116.352768,39.922951,428945707,147176985,0,30,1,1,50#
46442,$JYJ,13331154800,20111101003715,116.359154,39.929184,428969274,147200001,13,176,0,0,50#
48265,$JYJ,13301128448,20111101004719,116.354553,39.920021,428952287,147166193,0,100,0,0,50#
23236,$JYJ,13381102864,20111101005606,116.350632,39.923191,428937781,147177877,6,186,0,0,50#
76896,$JYJ,13301204839,20111101011859,116.351135,39.920097,428939639,147166472,10,256,1,1,50#
22012,$JYJ,13381102254,20111101012105,116.359703,39.924782,428971311,147183776,0,210,0,0,50#
30019,$JYJ,13321199340,20111101014137,116.358406,39.927792,428966528,147194878,13,180,0,0,50#
82586,$JYJ,13331093426,20111101014935,116.350349,39.920521,428936768,147168009,34,352,1,1,50#
86067,$JYJ,13381083475,20111101015948,116.353600,39.929138,428948769,147199820,2,118,0,0,50#
6163,$JYJ,13301184138,20111101023517,116.358330,39.928841,428966214,147198747,15,2,0,0,50#
13881,$JYJ,13301184138,20111101023544,116.358437,39.929676,428966633,147201809,15,358,1,1,50#
10944,$JYJ,13311162439,20111101030039,116.353264,39.920399,428947536,147167599,2,156,1,1,50#
73712,$JYJ,13311576481,20111101042943,116.353966,39.922352,428950130,147174800,23,74,0,0,50#
24302,$JYJ,13301214539,20111101044626,116.354103,39.922337,428950613,147174719,25,88,0,0,50#
25323,$JYJ,13321164432,20111101045629,116.351997,39.921284,428942822,147170830,4,152,0,0,50#
2431,$JYJ,13381102284,20111101045505,116.358116,39.922501,428965452,147175360,26,18,1,1,50#
37933,$JYJ,13311495136,20111101050213,116.359749,39.924835,428971492,147183979,4,206,0,0,50#
69218,$JYJ,13311495286,20111101052402,116.353363,39.926918,428947872,147191617,10,256,1,1,50#
4067,$JYJ,13311495399,20111101054010,116.355370,39.922371,428955309,147174869,0,90,0,0,50#
52518,$JYJ,13311487152,20111101061237,116.350014,39.927177,428935501,147192545,26,358,1,1,50#
78138,$JYJ,13311492156,20111101061354,116.355698,39.922390,428956517,147174951,6,92,0,0,50#
10186,$JYJ,13301155149,20111101062031,116.356415,39.922470,428959162,147175224,15,260,1,1,50#
30695,$JYJ,13311470410,20111101062132,116.353699,39.922367,428949141,147174835,25,86,0,0,50#
23919,$JYJ,13331194937,20111101062609,116.350380,39.921677,428936859,147172260,49,4,0,0,50#
19982,$JYJ,13381101804,20111101062558,116.350464,39.921192,428937171,147170504,32,340,0,0,50#
77462,$JYJ,13381232465,20111101062851,116.356087,39.922554,428957936,147175550,13,264,1,1,50#
93075,$JYJ,13331194921,20111101063432,116.350082,39.923252,428935774,147178090,28,356,1,1,50#
27386,$JYJ,13311480731,20111101064118,116.352066,39.920296,428943095,147167199,21,190,0,0,50#
45273,$JYJ,13301272039,20111101065309,116.358948,39.923248,428968532,147178108,28,210,0,0,50#
18580,$JYJ,13311495254,20111101065131,116.350037,39.922352,428935618,147174771,32,266,1,1,50#
43690,$JYJ,13311022114,20111101065703,116.350266,39.920505,428936451,147167946,32,354,0,0,50#
24814,$JYJ,13311453307,20111101065608,116.352203,39.921173,428943582,147170425,45,176,0,0,50#
103209,$JYJ,13311026465,20111101070458,116.359535,39.924057,428970684,147181113,39,18,0,0,50#
88879,$JYJ,13311453451,20111101070414,116.355736,39.922466,428956636,147175233,21,268,1,1,50#
56353,$JYJ,13321164843,20111101070243,116.350113,39.920403,428935894,147167569,19,176,0,0,50#
8506,$JYJ,13331154935,20111101070521,116.359100,39.923305,428969085,147178323,54,198,0,0,50#
28923,$JYJ,13331187121,20111101070624,116.356499,39.920151,428959466,147166687,2,270,0,0,50#
101462,$JYJ,13370122499,20111101070952,116.359451,39.923553,428970355,147179246,12,332,0,0,50#
21394,$JYJ,13301214287,20111101071055,116.359901,39.925129,428972034,147185051,0,188,0,0,50#
35763,$JYJ,13311495218,20111101071138,116.359032,39.923523,428968818,147179140,0,204,0,0,50#
52555,$JYJ,13381102349,20111101071226,116.353500,39.922474,428948405,147175235,6,260,1,1,50#
17625,$JYJ,13301156114,20111101071547,116.359734,39.924835,428971397,147183990,0,198,0,0,50#
49572,$JYJ,13311487151,20111101071721,116.355545,39.920040,428955954,147166269,6,94,0,0,50#
11965,$JYJ,13311495017,20111101071536,116.355766,39.922466,428956777,147175215,15,260,1,1,50#
100568,$JYJ,13311570479,20111101071944,116.356453,39.925251,428959286,147185475,0,194,0,0,50#
42543,$JYJ,13311453485,20111101072205,116.356323,39.920193,428958829,147166853,0,0,0,0,50#
100017,$JYJ,13321180409,20111101072450,116.353317,39.920933,428947695,147169555,0,158,0,0,50#
65382,$JYJ,13301208420,20111101072811,116.355133,39.921467,428954436,147171533,0,90,0,0,50#
83676,$JYJ,13301156463,20111101073406,116.353531,39.922401,428948511,147174974,0,72,0,0,50#
75969,$JYJ,13301214449,20111101073339,116.354614,39.922428,428952525,147175075,15,80,1,1,50#
96977,$JYJ,13301214524,20111101073416,116.358932,39.922470,428968455,147175237,30,266,0,0,50#
93196,$JYJ,13311486207,20111101073432,116.353584,39.922447,428948706,147175151,0,282,1,1,50#
91318,$JYJ,13381069754,20111101073428,116.353104,39.927734,428946933,147194613,25,178,0,0,50#
60231,$JYJ,13301214157,20111101073749,116.350334,39.922188,428936686,147174150,21,0,1,1,50#
41566,$JYJ,13311492172,20111101073656,116.351997,39.921268,428942852,147170790,26,158,0,0,50#
86061,$JYJ,13301204826,20111101074409,116.350136,39.926971,428935965,147191810,26,20,0,0,50#
50751,$JYJ,13311453442,20111101074223,116.351753,39.920170,428941926,147166739,0,106,0,0,50#
1794,$JYJ,13321164451,20111101074001,116.354950,39.928402,428953767,147197088,0,308,1,1,50#
14342,$JYJ,13381069754,20111101074041,116.352699,39.926994,428945454,147191883,2,288,1,1,50#
63843,$JYJ,13311021749,20111101074801,116.350067,39.926399,428935706,147189669,17,356,0,0,50#
37493,$JYJ,13321199849,20111101074645,116.358200,39.921162,428965772,147170418,2,214,0,0,50#
44475,$JYJ,13331187124,20111101074705,116.350113,39.927185,428935872,147192570,0,350,1,1,50#
31489,$JYJ,13381066684,20111101074629,116.356598,39.922718,428959852,147176170,19,268,1,1,50#
6807,$JYJ,13301214079,20111101075014,116.350502,39.926781,428937330,147191078,4,94,0,0,50#
31058,$JYJ,13301214725,20111101075125,116.350220,39.924267,428936295,147181823,21,356,1,1,50#
33189,$JYJ,13301214725,20111101075136,116.350235,39.924667,428936353,147183293,0,6,0,0,50#
9991,$JYJ,13311162433,20111101075024,116.351532,39.921936,428941142,147173237,19,188,0,0,50#
45809,$JYJ,13311426179,20111101075705,116.357414,39.921337,428962866,147171083,4,96,0,0,50#
69431,$JYJ,13331093402,20111101075817,116.359833,39.922463,428971789,147175224,2,78,0,0,50#
66648,$JYJ,13370129510,20111101075808,116.350166,39.924854,428936080,147183990,21,350,1,1,50#
96683,$JYJ,13311431033,20111101080429,116.357986,39.922596,428964947,147175695,0,258,1,1,50#
78547,$JYJ,13311431073,20111101080337,116.352051,39.920311,428943047,147167260,0,176,0,0,50#
101722,$JYJ,13311431553,20111101080442,116.358368,39.920025,428966366,147166228,25,358,1,1,50#
70670,$JYJ,13311453442,20111101080320,116.353516,39.922428,428948450,147175060,32,266,0,0,50#
95672,$JYJ,13311453442,20111101080431,116.350769,39.922901,428938295,147176806,15,354,1,1,50#
71292,$JYJ,13301209496,20111101080904,116.358254,39.922562,428965955,147175573,13,268,1,1,50#
35825,$JYJ,13301214890,20111101080650,116.355698,39.922478,428956514,147175258,19,268,0,0,50#
51785,$JYJ,13311431344,20111101080752,116.350647,39.922314,428937855,147174621,19,220,1,1,50#
60005,$JYJ,13321164557,20111101080825,116.353622,39.920280,428948823,147167153,12,356,1,1,50#
48756,$JYJ,13381077412,20111101080742,116.350319,39.921352,428936641,147171083,17,352,1,1,50#
54924,$JYJ,13301184116,20111101081300,116.351570,39.920208,428941257,147166877,0,136,2,0,50#
15323,$JYJ,13331111470,20111101081053,116.358620,39.920044,428967305,147166316,0,352,0,0,50#
26701,$JYJ,13331188848,20111101081124,116.358536,39.921227,428966994,147170653,8,354,1,1,50#
49959,$JYJ,13311426397,20111101081804,116.353752,39.920952,428949318,147169628,38,12,0,0,50#
59693,$JYJ,13311426397,20111101081841,116.354050,39.921467,428950429,147171532,19,12,1,1,50#
58722,$JYJ,13311470449,20111101081841,116.358620,39.920025,428967312,147166236,17,356,1,1,50#
19777,$JYJ,13311572254,20111101081605,116.359467,39.922504,428970436,147175369,13,268,1,1,50#
35010,$JYJ,13311191463,20111101082201,116.351883,39.921371,428942424,147171144,19,190,0,0,50#
31010,$JYJ,13311300984,20111101082146,116.358498,39.920197,428966830,147166855,32,356,1,1,50#
70971,$JYJ,13311403073,20111101082410,116.359833,39.922554,428971769,147175556,2,342,0,0,50#
76604,$JYJ,13311453395,20111101082431,116.352020,39.921612,428942906,147172039,30,176,0,0,50#
28663,$JYJ,13331194015,20111101082139,116.354515,39.921948,428952152,147173309,25,86,1,1,50#
74583,$JYJ,13331194896,20111101082421,116.350151,39.927753,428936037,147194670,30,354,1,1,50#
55680,$JYJ,13301254196,20111101082759,116.351349,39.922478,428940453,147175229,15,266,1,1,50#
72612,$JYJ,13311023814,20111101082850,116.352035,39.927532,428942977,147193881,12,8,0,0,50#
69607,$JYJ,13311403073,20111101082842,116.356514,39.922451,428959532,147175163,10,264,1,1,50#
90752,$JYJ,13311453377,20111101082949,116.350159,39.926884,428936051,147191456,0,0,0,0,50#
83568,$JYJ,13311495221,20111101082927,116.351952,39.921543,428942679,147171788,4,192,0,0,50#
15188,$JYJ,13311576704,20111101082548,116.353554,39.920147,428948607,147166659,0,186,0,0,50#
40411,$JYJ,13381095645,20111101082714,116.355453,39.922371,428955612,147174851,0,82,0,0,50#
81967,$JYJ,13301104013,20111101083425,116.353714,39.920155,428949198,147166702,34,2,1,1,50#
38667,$JYJ,13311021054,20111101083200,116.358566,39.921001,428967082,147169850,23,354,1,1,50#
56657,$JYJ,13311571479,20111101083256,116.351219,39.921185,428939981,147170461,2,28,0,0,50#
43088,$JYJ,13331184977,20111101083217,116.353363,39.927353,428947895,147193215,13,12,1,1,50#
57630,$JYJ,13301214261,20111101083810,116.350845,39.921391,428938589,147171225,25,356,1,1,50#
72114,$JYJ,13311426411,20111101083851,116.358231,39.921005,428965844,147169835,17,206,0,0,50#
4124,$JYJ,13311470471,20111101083506,116.355614,39.922482,428956183,147175272,2,268,1,1,50#
13377,$JYJ,13321164819,20111101083542,116.358284,39.920910,428966042,147169499,13,344,1,1,50#
9799,$JYJ,13321183421,20111101083529,116.350349,39.920670,428936747,147168569,41,354,1,1,50#
42533,$JYJ,13301157674,20111101084220,116.356720,39.922523,428960264,147175432,23,270,0,0,50#
61471,$JYJ,13301157674,20111101084322,116.355667,39.922497,428956401,147175338,15,260,1,1,50#
43068,$JYJ,13301214085,20111101084222,116.358269,39.920727,428966009,147168817,2,204,0,0,50#
47890,$JYJ,13311426411,20111101084235,116.350151,39.926952,428936042,147191713,15,340,1,1,50#
58822,$JYJ,13311453443,20111101084312,116.352501,39.922443,428944711,147175102,30,264,1,1,50#
22308,$JYJ,13321164489,20111101084108,116.350113,39.926945,428935871,147191705,0,8,0,0,50#
76681,$JYJ,13331093454,20111101084420,116.358254,39.920780,428965947,147169008,2,294,0,0,50#
54304,$JYJ,13331194061,20111101084302,116.351883,39.927521,428942420,147193815,4,4,0,0,50#
78018,$JYJ,13331194061,20111101084429,116.350433,39.929340,428937056,147200539,13,332,1,1,50#
25605,$JYJ,13311489328,20111101084650,116.353104,39.929142,428946936,147199802,10,164,1,1,50#
49230,$JYJ,13311492137,20111101084811,116.350182,39.924942,428936147,147184304,39,0,0,0,50#
6072,$JYJ,13311495137,20111101084524,116.358368,39.921223,428966380,147170640,43,182,0,0,50#
5135,$JYJ,13311576704,20111101084518,116.357201,39.922550,428962062,147175548,6,264,1,1,50#
6668,$JYJ,13331156447,20111101084522,116.350014,39.929531,428935508,147201215,2,2,0,0,50#
82235,$JYJ,13311492126,20111101085432,116.352051,39.920799,428943016,147169056,28,190,0,0,50#
75915,$JYJ,13331185749,20111101085413,116.350769,39.921104,428938296,147170175,0,330,0,0,50#
63726,$JYJ,13331194331,20111101085333,116.351547,39.922283,428941191,147174512,2,112,0,0,50#
84749,$JYJ,13331194331,20111101085444,116.351814,39.922245,428942182,147174385,17,78,1,1,50#
6399,$JYJ,13331194479,20111101085022,116.353134,39.927360,428947027,147193258,0,118,1,1,50#
84051,$JYJ,13381083413,20111101085439,116.350067,39.928562,428935707,147197653,49,358,1,1,50#
67152,$JYJ,13301125499,20111101085841,116.359497,39.922428,428970555,147175102,0,88,0,0,50#
78928,$JYJ,13311426411,20111101085932,116.350197,39.921940,428936171,147173241,6,328,1,1,50#
55879,$JYJ,13311431101,20111101085803,116.350220,39.921287,428936269,147170844,25,354,1,1,50#
63202,$JYJ,13311490914,20111101085824,116.355637,39.922501,428956301,147175363,8,270,0,0,50#
50920,$JYJ,13311492113,20111101085748,116.357552,39.920239,428963335,147167013,19,86,0,0,50#
17523,$JYJ,13321199745,20111101085555,116.355431,39.922482,428955541,147175291,0,274,0,0,50#
48715,$JYJ,13321199745,20111101085739,116.351570,39.922356,428941264,147174778,26,264,1,1,50#
11363,$JYJ,13331185749,20111101085532,116.351913,39.920704,428942537,147168699,10,172,1,1,50#
19640,$JYJ,13301128417,20111101090101,116.350601,39.922401,428937692,147174950,12,236,1,1,50#
57793,$JYJ,13301150400,20111101090324,116.350113,39.926441,428935899,147189844,38,356,0,0,50#
64267,$JYJ,13301156944,20111101090347,116.356636,39.922390,428959993,147174953,23,100,0,0,50#
64584,$JYJ,13301214101,20111101090351,116.357170,39.922394,428961929,147174960,19,98,0,0,50#
33276,$JYJ,13311486504,20111101090149,116.358986,39.922749,428968653,147176268,19,18,1,1,50#
3533,$JYJ,13311495155,20111101090007,116.353851,39.922073,428949688,147173754,0,218,1,1,50#
71741,$JYJ,13311495155,20111101090413,116.353836,39.922073,428949642,147173758,0,218,0,0,50#
73881,$JYJ,13301150400,20111101090908,116.350220,39.926853,428936261,147191355,13,332,1,1,50#
57127,$JYJ,13331154861,20111101090812,116.353386,39.922165,428947951,147174086,0,78,0,0,50#
87773,$JYJ,13331154861,20111101090954,116.355530,39.922298,428955884,147174610,10,98,1,1,50#
45821,$JYJ,13331194061,20111101090740,116.357986,39.920715,428964980,147168793,21,344,1,1,50#
72213,$JYJ,13331194316,20111101090909,116.358513,39.922058,428966901,147173721,25,196,0,0,50#
30316,$JYJ,13381069194,20111101090639,116.353386,39.920960,428947978,147169640,4,206,0,0,50#
72361,$JYJ,13311026475,20111101091345,116.350151,39.927197,428936028,147192630,12,354,1,1,50#
63688,$JYJ,13311486501,20111101091316,116.353882,39.922073,428949795,147173766,0,0,0,0,50#
53524,$JYJ,13311492143,20111101091246,116.352097,39.920746,428943221,147168862,6,170,0,0,50#
4259,$JYJ,13331194316,20111101091013,116.358299,39.921207,428966106,147170604,25,170,1,1,50#
4194,$JYJ,13381066664,20111101091013,116.357597,39.922356,428963542,147174836,0,94,0,0,50#
45296,$JYJ,13381066664,20111101091221,116.358467,39.922024,428966728,147173590,6,196,1,1,50#
4218,$JYJ,13381232454,20111101091006,116.350769,39.923252,428938297,147178092,0,354,0,0,50#
44749,$JYJ,13381232461,20111101091210,116.353600,39.921433,428948767,147171412,0,198,0,0,50#
25244,$JYJ,13301155347,20111101091617,116.358414,39.921738,428966552,147172551,41,192,0,0,50#
88662,$JYJ,13301214292,20111101091944,116.353630,39.920937,428948892,147169577,32,192,1,1,50#
85235,$JYJ,13311470370,20111101091929,116.355248,39.922482,428954836,147175262,0,264,1,1,50#
19703,$JYJ,13311486501,20111101091604,116.353882,39.922073,428949807,147173769,0,0,0,0,50#
90722,$JYJ,13331194255,20111101091950,116.353249,39.927013,428947455,147191975,0,154,0,0,50#
90863,$JYJ,13331194994,20111101091949,116.353210,39.920040,428947301,147166264,12,248,1,1,50#
68624,$JYJ,13301214851,20111101092342,116.352051,39.920570,428943036,147168222,0,176,0,0,50#
41480,$JYJ,13311026498,20111101092202,116.350082,39.927155,428935763,147192476,15,358,1,1,50#
58654,$JYJ,13311470331,20111101092310,116.351913,39.922199,428942530,147174228,15,84,1,1,50#
84431,$JYJ,13311492150,20111101092438,116.350166,39.927174,428936075,147192543,23,356,1,1,50#
85692,$JYJ,13331159489,20111101092442,116.352165,39.920105,428943455,147166491,12,190,0,0,50#
18584,$JYJ,13331187197,20111101092108,116.358749,39.922249,428967776,147174439,17,286,1,1,50#
19436,$JYJ,13301155466,20111101092600,116.355080,39.922398,428954246,147174950,12,90,0,0,50#
17817,$JYJ,13301214790,20111101092558,116.351829,39.922398,428942205,147174942,15,266,1,1,50#
60468,$JYJ,13301272857,20111101092827,116.350212,39.923302,428936252,147178282,25,358,0,0,50#
59011,$JYJ,13311486481,20111101092823,116.352089,39.920265,428943162,147167083,28,176,0,0,50#
13349,$JYJ,13311403039,20111101093038,116.352417,39.922432,428944372,147175066,21,266,1,1,50#
50386,$JYJ,13331194188,20111101093239,116.350800,39.921322,428938405,147170986,0,24,0,0,50#
19866,$JYJ,13301104126,20111101093600,116.353020,39.929325,428946606,147200474,0,216,0,0,50#
32029,$JYJ,13301104126,20111101093645,116.353134,39.929256,428947043,147200221,0,90,1,1,50#
34489,$JYJ,13311431349,20111101093659,116.351982,39.920280,428942764,147167146,0,4,0,0,50#
35648,$JYJ,13321164336,20111101093700,116.359802,39.922565,428971664,147175617,15,244,1,1,50#
17649,$JYJ,13331194680,20111101093559,116.350197,39.926914,428936194,147191571,4,86,0,0,50#
37118,$JYJ,13301156242,20111101094157,116.352035,39.920761,428942971,147168899,8,178,0,0,50#
75880,$JYJ,13311453408,20111101094357,116.350098,39.926380,428935823,147189621,0,112,0,0,50#
15073,$JYJ,13311480677,20111101094044,116.358170,39.922539,428965646,147175497,19,264,1,1,50#
29194,$JYJ,13311489393,20111101094137,116.352035,39.920124,428942979,147166578,2,272,0,0,50#
5225,$JYJ,13370126489,20111101094002,116.353119,39.922352,428946962,147174786,21,88,0,0,50#
16715,$JYJ,13311453408,20111101094551,116.350006,39.926315,428935486,147189359,0,70,0,0,50#
54926,$JYJ,13321183436,20111101094746,116.351753,39.920143,428941947,147166631,0,136,0,0,50#
95711,$JYJ,13301155144,20111101095447,116.355034,39.929562,428954066,147201357,0,56,0,0,50#
7119,$JYJ,13311403314,20111101095018,116.350098,39.927200,428935830,147192639,17,358,1,1,50#
49235,$JYJ,13311489637,20111101095226,116.358086,39.922539,428965307,147175512,13,264,1,1,50#
18787,$JYJ,13301214186,20111101095559,116.356323,39.920456,428958808,147167823,0,0,0,0,50#
14549,$JYJ,13311480677,20111101095542,116.357902,39.922413,428964670,147175052,6,86,0,0,50#
80969,$JYJ,13311486523,20111101095909,116.358513,39.921242,428966902,147170715,15,4,1,1,50#
64152,$JYJ,13301104097,20111101100333,116.358299,39.921558,428966124,147171874,8,178,0,0,50#
37797,$JYJ,13301151546,20111101100157,116.355553,39.922356,428955994,147174813,0,106,0,0,50#
54927,$JYJ,13301151546,20111101100251,116.355553,39.922356,428955953,147174806,0,106,1,1,50#
54501,$JYJ,13301214583,20111101100257,116.353706,39.922111,428949168,147173909,0,0,0,0,50#
51142,$JYJ,13311403130,20111101100241,116.353516,39.920048,428948452,147166301,0,262,0,0,50#
54093,$JYJ,13311490934,20111101100251,116.352051,39.921112,428943038,147170205,41,182,0,0,50#
22190,$JYJ,13311495294,20111101100104,116.351898,39.921883,428942479,147173049,17,174,1,1,50#
9354,$JYJ,13331194936,20111101100013,116.350182,39.925114,428936123,147184947,26,348,1,1,50#
62880,$JYJ,13301214186,20111101100850,116.353958,39.921425,428950103,147171367,0,0,0,0,50#
63976,$JYJ,13301214186,20111101100855,116.353958,39.921425,428950070,147171355,0,0,0,0,50#
58311,$JYJ,13311300904,20111101100831,116.355782,39.922436,428956825,147175117,26,268,1,1,50#
77933,$JYJ,13311403130,20111101100948,116.353737,39.922192,428949259,147174181,0,106,1,1,50#
32880,$JYJ,13321199842,20111101100654,116.353104,39.928768,428946918,147198425,15,182,0,0,50#
71431,$JYJ,13381096524,20111101100919,116.351982,39.921433,428942762,147171402,0,202,0,0,50#
72256,$JYJ,13381096524,20111101100928,116.351997,39.921410,428942846,147171286,10,182,1,1,50#
60695,$JYJ,13301128419,20111101101345,116.358467,39.921955,428966745,147173352,17,192,1,1,50#
39226,$JYJ,13301174996,20111101101230,116.352051,39.921913,428943047,147173163,0,194,0,0,50#
73369,$JYJ,13311431474,20111101101423,116.359535,39.924431,428970691,147182484,17,192,1,1,50#
34625,$JYJ,13321164346,20111101101208,116.359451,39.921467,428970392,147171555,6,268,1,1,50#
70711,$JYJ,13331194067,20111101101419,116.354797,39.922264,428953173,147174484,19,88,0,0,50#
37127,$JYJ,13331194868,20111101101226,116.351105,39.922398,428939553,147174936,0,0,1,1,50#
36446,$JYJ,13301214186,20111101101645,116.353958,39.921425,428950083,147171358,0,0,0,0,50#
39151,$JYJ,13311489525,20111101102205,116.357735,39.920250,428964050,147167078,26,86,0,0,50#
89429,$JYJ,13311495161,20111101102443,116.354103,39.922325,428950633,147174699,2,90,1,1,50#
48319,$JYJ,13311495392,20111101102229,116.352066,39.920368,428943110,147167470,41,178,0,0,50#
81888,$JYJ,13331194643,20111101102420,116.352203,39.920128,428943615,147166588,8,280,0,0,50#
15463,$JYJ,13311480778,20111101102544,116.355820,39.922382,428956952,147174913,25,92,1,1,50#
85584,$JYJ,13311565547,20111101102920,116.351547,39.924480,428941172,147182604,25,4,1,1,50#
58969,$JYJ,13321180394,20111101102803,116.356117,39.922482,428958076,147175295,0,258,1,1,50#
4117,$JYJ,13381101614,20111101102509,116.353165,39.922344,428947134,147174746,17,86,0,0,50#
86768,$JYJ,13301128417,20111101103436,116.351967,39.927006,428942730,147191921,0,72,0,0,50#
63801,$JYJ,13311486206,20111101103321,116.351051,39.922466,428939357,147175202,8,262,1,1,50#
57816,$JYJ,13311487171,20111101103304,116.354935,39.924000,428953696,147180878,0,276,0,0,50#
70502,$JYJ,13311487171,20111101103346,116.355484,39.922825,428955699,147176544,13,264,1,1,50#
53823,$JYJ,13311586094,20111101103250,116.358131,39.925865,428965497,147187772,15,184,0,0,50#
15043,$JYJ,13331063416,20111101103051,116.358581,39.920326,428967175,147167340,13,2,0,0,50#
55988,$JYJ,13331063416,20111101103302,116.356651,39.922482,428960037,147175268,13,266,1,1,50#
4250,$JYJ,13301204832,20111101103509,116.355553,39.922508,428955972,147175386,0,282,1,1,50#
56346,$JYJ,13301209484,20111101103801,116.356300,39.922508,428958714,147175388,4,266,1,1,50#
2068,$JYJ,13301214499,20111101103503,116.350113,39.927330,428935870,147193104,25,354,1,1,50#
31140,$JYJ,13311486523,20111101103637,116.358963,39.922661,428968549,147175959,0,44,0,0,50#
90192,$JYJ,13381235403,20111101103947,116.353935,39.921791,428950004,147172712,8,178,1,1,50#
11578,$JYJ,13301157432,20111101104037,116.351784,39.920261,428942050,147167084,0,342,0,0,50#
25652,$JYJ,13311426222,20111101104123,116.350952,39.922161,428938979,147174054,2,44,0,0,50#
30262,$JYJ,13311488150,20111101104137,116.350250,39.924587,428936400,147182995,0,354,0,0,50#
27951,$JYJ,13370122418,20111101104126,116.352837,39.922680,428945956,147176007,23,94,0,0,50#
49419,$JYJ,13301272060,20111101104732,116.353332,39.920105,428947783,147166505,0,122,1,1,50#
83175,$JYJ,13311403260,20111101104916,116.353836,39.920273,428949641,147167130,38,278,0,0,50#
89068,$JYJ,13311426168,20111101104938,116.358666,39.922783,428967470,147176393,0,200,0,0,50#
21601,$JYJ,13311453490,20111101104604,116.359352,39.924038,428969993,147181039,12,206,0,0,50#
38156,$JYJ,13331111493,20111101104657,116.359337,39.922543,428969957,147175522,19,268,1,1,50#
86577,$JYJ,13331154961,20111101104929,116.351433,39.920712,428940767,147168736,2,270,0,0,50#
25224,$JYJ,13331156403,20111101104616,116.350914,39.923092,428938818,147177506,0,352,0,0,50#
79819,$JYJ,13331184816,20111101104909,116.358315,39.921604,428966158,147172054,2,180,1,1,50#
34228,$JYJ,13331187024,20111101104645,116.352264,39.922073,428943840,147173746,2,256,0,0,50#
19159,$JYJ,13331194148,20111101104557,116.352066,39.920704,428943113,147168715,15,186,0,0,50#
65533,$JYJ,13331194148,20111101104824,116.353302,39.920040,428947642,147166276,32,178,1,1,50#
59897,$JYJ,13331194407,20111101104807,116.350983,39.922218,428939107,147174283,2,96,0,0,50#
77116,$JYJ,13331194960,20111101104859,116.356697,39.927998,428960185,147195619,34,180,0,0,50#
91967,$JYJ,13301127470,20111101105442,116.356163,39.922485,428958234,147175286,21,268,1,1,50#
33434,$JYJ,13311191488,20111101105139,116.353447,39.926926,428948212,147191661,4,32,0,0,50#
43544,$JYJ,13311487287,20111101105210,116.356133,39.922485,428958111,147175286,10,256,1,1,50#
18403,$JYJ,13321199408,20111101105051,116.350098,39.925293,428935810,147185617,43,168,0,0,50#
18946,$JYJ,13331194960,20111101105051,116.356583,39.929409,428959780,147200804,58,298,1,1,50#
62760,$JYJ,13381101204,20111101105307,116.358116,39.922512,428965421,147175417,17,266,1,1,50#
72819,$JYJ,13311426395,20111101105855,116.356651,39.922432,428960034,147175115,25,88,0,0,50#
1509,$JYJ,13370126461,20111101105501,116.357735,39.922478,428964028,147175268,0,82,0,0,50#
27592,$JYJ,13301272060,20111101110122,116.353836,39.922165,428949626,147174105,0,144,1,1,50#
45319,$JYJ,13311403240,20111101110220,116.350098,39.927067,428935847,147192141,0,356,0,0,50#
53158,$JYJ,13311426124,20111101110242,116.355553,39.922482,428955973,147175263,17,222,1,1,50#
66636,$JYJ,13311490909,20111101110310,116.353653,39.920074,428948968,147166385,0,196,0,0,50#
80297,$JYJ,13321191494,20111101110401,116.352318,39.922184,428944021,147174163,4,94,0,0,50#
55444,$JYJ,13311492194,20111101110800,116.350014,39.929493,428935527,147201105,0,0,1,1,50#
26196,$JYJ,13321199471,20111101111129,116.351799,39.920651,428942117,147168488,30,284,0,0,50#
6591,$JYJ,13331154963,20111101111013,116.353218,39.929737,428947366,147202019,15,344,1,1,50#
57547,$JYJ,13331184843,20111101111303,116.351303,39.922035,428940291,147173610,4,78,0,0,50#
77998,$JYJ,13331184843,20111101111405,116.351769,39.922180,428941990,147174155,25,86,1,1,50#
89492,$JYJ,13331194283,20111101111437,116.353470,39.920494,428948288,147167924,2,184,1,1,50#
37839,$JYJ,13311403259,20111101111657,116.357483,39.922413,428963114,147175019,0,20,0,0,50#
31641,$JYJ,13311470443,20111101111639,116.350159,39.927074,428936062,147192185,0,54,0,0,50#
15557,$JYJ,13311480654,20111101111543,116.352234,39.920231,428943709,147166942,13,182,0,0,50#
84993,$JYJ,13301136194,20111101112440,116.356232,39.922485,428958502,147175295,0,314,1,1,50#
46870,$JYJ,13301204829,20111101112239,116.355034,39.922394,428954051,147174956,25,84,0,0,50#
54507,$JYJ,13311486538,20111101112302,116.354103,39.921555,428950597,147171853,4,196,1,1,50#
52239,$JYJ,13301126146,20111101112737,116.351997,39.920197,428942848,147166842,0,192,0,0,50#
13337,$JYJ,13301157284,20111101112543,116.357269,39.922432,428962328,147175107,0,92,2,0,50#
85877,$JYJ,13311026467,20111101112925,116.358315,39.922504,428966189,147175383,17,270,0,0,50#
52118,$JYJ,13311453480,20111101113236,116.359802,39.922440,428971662,147175136,15,88,0,0,50#
73057,$JYJ,13301126146,20111101113834,116.352150,39.920216,428943413,147166887,17,338,1,1,50#
2091,$JYJ,13370122422,20111101113506,116.359970,39.922417,428972267,147175065,0,94,0,0,50#
63173,$JYJ,13381068146,20111101113806,116.358581,39.920929,428967162,147169557,23,354,1,1,50#
47659,$JYJ,13301214292,20111101114221,116.354614,39.920197,428952519,147166847,25,278,0,0,50#
58655,$JYJ,13301174994,20111101114759,116.354187,39.922363,428950950,147174821,0,108,0,0,50#
76050,$JYJ,13301254118,20111101114845,116.352051,39.921574,428943019,147171898,0,188,2,0,50#
52648,$JYJ,13311191422,20111101114737,116.358284,39.921539,428966061,147171818,0,346,1,1,50#
93248,$JYJ,13331194930,20111101114928,116.350266,39.924980,428936454,147184446,0,354,1,1,50#
86719,$JYJ,13381095594,20111101114915,116.359283,39.922684,428969749,147176046,6,340,0,0,50#
54253,$JYJ,13301174964,20111101115239,116.350334,39.923950,428936705,147180647,15,336,1,1,50#
65225,$JYJ,13311495022,20111101115310,116.353233,39.928867,428947427,147198805,28,172,0,0,50#
6069,$JYJ,13301208457,20111101115513,116.353798,39.920452,428949484,147167770,25,2,1,1,50#
14376,$JYJ,13311021649,20111101115538,116.353470,39.922417,428948269,147175033,39,268,0,0,50#
83157,$JYJ,13311426339,20111101115906,116.350151,39.929989,428936036,147202934,0,8,0,0,50#
29204,$JYJ,13311453205,20111101115625,116.358581,39.922478,428967151,147175273,25,90,0,0,50#
25696,$JYJ,13311453374,20111101115618,116.358650,39.920094,428967406,147166479,25,344,1,1,50#
18395,$JYJ,13311487294,20111101115557,116.350266,39.928700,428936425,147198169,2,26,0,0,50#
77360,$JYJ,13331184923,20111101115850,116.358330,39.920158,428966235,147166719,6,166,1,1,50#
6868,$JYJ,13301214209,20111101120020,116.358902,39.923073,428968344,147177460,2,192,0,0,50#
73169,$JYJ,13301214617,20111101120356,116.350136,39.927166,428935958,147192525,10,346,1,1,50#
30191,$JYJ,13311470350,20111101120125,116.352814,39.922798,428945866,147176429,32,72,0,0,50#
46817,$JYJ,13321174770,20111101120222,116.355232,39.922749,428954788,147176270,2,98,0,0,50#
57632,$JYJ,13321174770,20111101120302,116.355248,39.922756,428954861,147176281,0,102,1,1,50#
60230,$JYJ,13301155143,20111101120834,116.352081,39.922428,428943130,147175067,6,288,0,0,50#
70935,$JYJ,13301214701,20111101120914,116.350113,39.927521,428935867,147193816,32,354,1,1,50#
50861,$JYJ,13331194459,20111101120755,116.359917,39.925095,428972100,147184941,34,200,0,0,50#
65787,$JYJ,13331194459,20111101120853,116.359619,39.924568,428971012,147183000,13,186,1,1,50#
2633,$JYJ,13311426031,20111101121004,116.358170,39.926434,428965630,147189875,2,180,0,0,50#
64344,$JYJ,13311470488,20111101121354,116.358620,39.929810,428967288,147202296,0,52,1,1,50#
74900,$JYJ,13311495217,20111101121438,116.352280,39.922573,428943884,147175593,10,252,1,1,50#
28545,$JYJ,13370126488,20111101121135,116.355835,39.922535,428957034,147175490,0,262,0,0,50#
24859,$JYJ,13311495014,20111101121638,116.359497,39.923733,428970533,147179896,38,20,0,0,50#
25822,$JYJ,13321199475,20111101121638,116.359535,39.922363,428970667,147174860,15,96,0,0,50#
57858,$JYJ,13381066984,20111101121844,116.352348,39.922443,428944157,147175113,13,272,1,1,50#
44829,$JYJ,13301155457,20111101122246,116.350082,39.925625,428935768,147186814,38,358,0,0,50#
20942,$JYJ,13311470343,20111101122630,116.350731,39.923359,428938150,147178468,0,340,1,1,50#
55436,$JYJ,13301156194,20111101123352,116.353516,39.920387,428948442,147167532,0,116,1,1,50#
43703,$JYJ,13311492160,20111101123309,116.356033,39.922951,428957762,147177019,17,86,0,0,50#
42770,$JYJ,13331050341,20111101123302,116.352333,39.920277,428944071,147167112,0,358,0,0,50#
33025,$JYJ,13381101224,20111101123221,116.353737,39.920170,428949258,147166729,0,78,1,1,50#
83489,$JYJ,13311489431,20111101123949,116.355301,39.922432,428955024,147175084,13,92,0,0,50#
82201,$JYJ,13311495383,20111101123945,116.356003,39.920856,428957615,147169291,13,276,1,1,50#
37306,$JYJ,13301208457,20111101124204,116.356033,39.922447,428957730,147175165,25,86,0,0,50#
63073,$JYJ,13381077415,20111101124335,116.356316,39.928867,428958792,147198812,4,268,0,0,50#
39690,$JYJ,13301272006,20111101124709,116.355370,39.922340,428955277,147174757,17,86,0,0,50#
71245,$JYJ,13301272006,20111101124849,116.358315,39.921589,428966157,147172000,15,186,1,1,50#
76515,$JYJ,13311492160,20111101124909,116.350784,39.927841,428938372,147195008,8,0,0,0,50#
12668,$JYJ,13311583421,20111101124538,116.351517,39.922428,428941065,147175041,26,268,1,1,50#
18989,$JYJ,13331156429,20111101124556,116.351547,39.920006,428941172,147166108,0,326,1,1,50#
84519,$JYJ,13381096894,20111101124933,116.353432,39.928081,428948154,147195918,25,178,0,0,50#
80372,$JYJ,13381100124,20111101124919,116.352150,39.921978,428943392,147173399,25,180,0,0,50#
42998,$JYJ,13301214763,20111101125229,116.353065,39.929581,428946805,147201438,6,146,0,0,50#
75207,$JYJ,13311486474,20111101125413,116.353172,39.927296,428947204,147192994,8,4,0,0,50#
48107,$JYJ,13311495232,20111101125246,116.359001,39.922798,428968697,147176477,4,16,0,0,50#
55841,$JYJ,13321174603,20111101125308,116.358498,39.920910,428966829,147169494,6,164,0,0,50#
37177,$JYJ,13301150654,20111101125702,116.353836,39.921314,428949634,147170962,4,196,1,1,50#
9364,$JYJ,13311486474,20111101125532,116.353218,39.929733,428947348,147201979,13,358,1,1,50#
59898,$JYJ,13311495232,20111101125822,116.358383,39.920849,428966406,147169276,34,170,1,1,50#
51115,$JYJ,13321164517,20111101125750,116.358330,39.920200,428966208,147166873,25,170,1,1,50#
57156,$JYJ,13321164518,20111101125809,116.352303,39.922440,428943973,147175102,10,270,0,0,50#
61774,$JYJ,13331187122,20111101125824,116.357933,39.922577,428964761,147175633,30,268,1,1,50#
57336,$JYJ,13331194228,20111101125804,116.351570,39.921333,428941281,147171035,4,236,1,1,50#
63061,$JYJ,13301214529,20111101130343,116.350517,39.927448,428937388,147193555,15,264,1,1,50#
73610,$JYJ,13311453401,20111101130427,116.357399,39.922363,428962792,147174866,0,94,0,0,50#
30387,$JYJ,13311492148,20111101130140,116.352631,39.922413,428945189,147175001,21,266,1,1,50#
43561,$JYJ,13321199546,20111101130221,116.358681,39.922569,428967510,147175610,26,268,1,1,50#
73118,$JYJ,13311403724,20111101130853,116.359848,39.922501,428971858,147175373,15,264,1,1,50#
57674,$JYJ,13311453320,20111101130804,116.354286,39.922470,428951313,147175238,12,268,1,1,50#
49085,$JYJ,13331156466,20111101130741,116.350464,39.920052,428937169,147166272,15,348,1,1,50#
55274,$JYJ,13381100834,20111101130757,116.350586,39.921043,428937631,147169929,0,256,0,0,50#
84368,$JYJ,13301157493,20111101131426,116.351585,39.928993,428941341,147199247,0,314,0,0,50#
82695,$JYJ,13301209451,20111101131416,116.353584,39.920021,428948713,147166204,0,258,0,0,50#
78220,$JYJ,13311191453,20111101131358,116.352165,39.921791,428943466,147172695,23,212,1,1,50#
50826,$JYJ,13311403517,20111101131230,116.357681,39.922577,428963832,147175632,0,270,0,0,50#
39233,$JYJ,13311426012,20111101131155,116.353867,39.921875,428949745,147173045,0,0,0,0,50#
37077,$JYJ,13311453293,20111101131153,116.353561,39.922451,428948596,147175167,19,268,1,1,50#
57167,$JYJ,13311566724,20111101131251,116.358620,39.922470,428967318,147175239,25,88,0,0,50#
40503,$JYJ,13370122494,20111101131159,116.353783,39.921295,428949430,147170897,36,180,0,0,50#
48022,$JYJ,13301156694,20111101131745,116.350113,39.926933,428935873,147191658,0,16,0,0,50#
53399,$JYJ,13311431324,20111101131806,116.358368,39.920879,428966367,147169372,39,180,1,1,50#
43908,$JYJ,13311492064,20111101131733,116.350586,39.928440,428937635,147197220,0,358,0,0,50#
49383,$JYJ,13331187132,20111101131754,116.350281,39.922707,428936491,147176058,6,354,0,0,50#
88290,$JYJ,13381077412,20111101131948,116.357498,39.922523,428963154,147175431,23,266,1,1,50#
49611,$JYJ,13311403517,20111101132232,116.356270,39.922512,428958611,147175402,0,114,1,1,50#
27120,$JYJ,13311426416,20111101132125,116.352379,39.920193,428944267,147166807,0,0,0,0,50#
70518,$JYJ,13311495286,20111101132338,116.358513,39.922062,428966908,147173755,38,196,0,0,50#
13054,$JYJ,13331194928,20111101132039,116.351868,39.921734,428942345,147172483,21,170,0,0,50#
36183,$JYJ,13311453255,20111101132650,116.358581,39.922562,428967143,147175590,8,270,0,0,50#
74295,$JYJ,13311489360,20111101132853,116.352219,39.921047,428943679,147169956,13,158,0,0,50#
40896,$JYJ,13311489635,20111101132659,116.353020,39.929138,428946629,147199804,6,190,0,0,50#
52893,$JYJ,13301184138,20111101133237,116.356049,39.922527,428957812,147175455,0,260,0,0,50#
73890,$JYJ,13301184138,20111101133345,116.356049,39.922516,428957818,147175400,6,262,1,1,50#
45863,$JYJ,13321164340,20111101133221,116.353050,39.926945,428946753,147191700,0,138,0,0,50#
20159,$JYJ,13301214164,20111101133606,116.350388,39.929913,428936903,147202625,6,322,1,1,50#
80136,$JYJ,13331185244,20111101133924,116.350769,39.927063,428938306,147192136,21,86,0,0,50#
1909,$JYJ,13311470339,20111101134006,116.350685,39.927612,428938015,147194173,0,204,0,0,50#
58846,$JYJ,13321180104,20111101134259,116.350395,39.920528,428936921,147168031,21,354,1,1,50#
41073,$JYJ,13370122439,20111101134204,116.358467,39.921047,428966733,147170008,2,156,0,0,50#
33189,$JYJ,13301254390,20111101134639,116.353554,39.920631,428948604,147168449,8,158,1,1,50#
16878,$JYJ,13311480717,20111101134547,116.353851,39.922390,428949683,147174918,13,300,0,0,50#
86187,$JYJ,13370122472,20111101134932,116.353149,39.928902,428947113,147198938,21,180,0,0,50#
67378,$JYJ,13381096174,20111101134829,116.356468,39.922455,428959336,147175186,13,256,1,1,50#
12806,$JYJ,13301254388,20111101135037,116.359749,39.922562,428971465,147175590,6,266,1,1,50#
54487,$JYJ,13311487107,20111101135258,116.359818,39.922550,428971730,147175548,25,268,1,1,50#
35526,$JYJ,13311492064,20111101135152,116.358581,39.920441,428967139,147167773,0,340,1,1,50#
54579,$JYJ,13321199349,20111101135257,116.359848,39.924835,428971829,147183983,51,200,0,0,50#
67709,$JYJ,13301214880,20111101135841,116.353531,39.920074,428948514,147166394,6,0,1,1,50#
8220,$JYJ,13311026493,20111101135524,116.355530,39.922504,428955892,147175374,12,270,1,1,50#
59540,$JYJ,13311403223,20111101135815,116.359863,39.925182,428971891,147185268,13,196,1,1,50#
72658,$JYJ,13331154742,20111101135858,116.355514,39.922470,428955839,147175219,10,270,1,1,50#
36675,$JYJ,13311403360,20111101140153,116.356399,39.922504,428959107,147175356,8,270,0,0,50#
78811,$JYJ,13311470427,20111101140411,116.353401,39.920105,428948018,147166509,12,114,1,1,50#
77418,$JYJ,13311492340,20111101140402,116.350082,39.928913,428935754,147198946,4,8,0,0,50#
81937,$JYJ,13311426287,20111101140952,116.353653,39.920078,428948940,147166388,0,170,0,0,50#
83052,$JYJ,13311487203,20111101140955,116.353584,39.922421,428948682,147175048,10,256,1,1,50#
3176,$JYJ,13331187074,20111101140507,116.351067,39.928974,428939398,147199172,6,290,0,0,50#
77012,$JYJ,13381153632,20111101140940,116.355133,39.922466,428954429,147175207,19,260,1,1,50#
65237,$JYJ,13301272693,20111101141329,116.350174,39.929695,428936128,147201850,12,268,1,1,50#
45098,$JYJ,13311426424,20111101141221,116.358330,39.920658,428966239,147168569,8,178,0,0,50#
59742,$JYJ,13311426424,20111101141308,116.358437,39.920208,428966621,147166919,15,198,1,1,50#
41679,$JYJ,13311487239,20111101141211,116.354202,39.922340,428950988,147174761,0,92,0,0,50#
11870,$JYJ,13321174618,20111101141041,116.353935,39.921913,428950017,147173183,0,0,0,0,50#
12922,$JYJ,13321174618,20111101141045,116.353935,39.921913,428949990,147173156,0,0,0,0,50#
28332,$JYJ,13321174618,20111101141134,116.353935,39.921913,428949995,147173157,0,0,0,0,50#
1239,$JYJ,13321199846,20111101141001,116.359818,39.924831,428971722,147183977,4,202,0,0,50#
20328,$JYJ,13331154870,20111101141104,116.350281,39.924954,428936495,147184361,26,352,1,1,50#
72158,$JYJ,13301104100,20111101141854,116.351097,39.922215,428939525,147174250,0,86,0,0,50#
38659,$JYJ,13311431461,20111101141710,116.359032,39.922710,428968802,147176153,4,30,0,0,50#
59799,$JYJ,13311431461,20111101141817,116.359070,39.922810,428968979,147176517,17,14,1,1,50#
47,$JYJ,13311489449,20111101141456,116.351196,39.922417,428939887,147175015,28,156,0,0,50#
28913,$JYJ,13321164898,20111101141631,116.350670,39.922527,428937937,147175429,10,200,1,1,50#
56233,$JYJ,13301209734,20111101142746,116.353332,39.922424,428947752,147175054,25,262,1,1,50#
10510,$JYJ,13311431042,20111101142530,116.358536,39.929596,428967012,147201528,0,346,1,1,50#
92762,$JYJ,13311426417,20111101143851,116.358620,39.922504,428967285,147175392,0,36,0,0,50#
109933,$JYJ,13311426417,20111101143931,116.358200,39.922573,428965770,147175643,13,264,1,1,50#
50026,$JYJ,13331154849,20111101143703,116.353630,39.922123,428948851,147173956,2,162,0,0,50#
116720,$JYJ,13331154849,20111101143950,116.352982,39.922390,428946487,147174939,34,266,1,1,50#
117431,$JYJ,13331194386,20111101143951,116.357986,39.922531,428964946,147175471,23,266,1,1,50#
69559,$JYJ,13381083480,20111101143753,116.359901,39.922535,428972033,147175509,19,262,1,1,50#
54736,$JYJ,13301104012,20111101144216,116.355248,39.922447,428954851,147175151,13,88,0,0,50#
77451,$JYJ,13301104012,20111101144310,116.355667,39.922432,428956391,147175107,15,86,1,1,50#
66547,$JYJ,13301164958,20111101144244,116.352966,39.929844,428946416,147202409,8,182,0,0,50#
100950,$JYJ,13311563432,20111101144411,116.353401,39.920334,428948047,147167340,2,230,0,0,50#
45943,$JYJ,13381153623,20111101144158,116.350281,39.924480,428936491,147182616,0,28,0,0,50#
23095,$JYJ,13311486448,20111101144601,116.358498,39.929813,428966871,147202313,0,354,1,1,50#
98547,$JYJ,13301156449,20111101145411,116.358353,39.920879,428966300,147169380,0,192,0,0,50#
106508,$JYJ,13301209484,20111101145426,116.355400,39.922497,428955428,147175344,8,270,1,1,50#
13017,$JYJ,13321164849,20111101145030,116.350502,39.922424,428937296,147175027,19,254,1,1,50#
70854,$JYJ,13321199743,20111101145257,116.355484,39.922359,428955728,147174819,4,42,1,1,50#
77554,$JYJ,13331184970,20111101145317,116.350166,39.929848,428936077,147202401,0,0,0,0,50#
79270,$JYJ,13331184970,20111101145321,116.350166,39.929848,428936086,147202406,0,0,0,0,50#
62307,$JYJ,13311403551,20111101145734,116.353470,39.922489,428948270,147175295,0,270,0,0,50#
109284,$JYJ,13311470326,20111101145935,116.350014,39.922409,428935502,147174988,28,270,0,0,50#
108139,$JYJ,13311566764,20111101145929,116.353317,39.927261,428947740,147192872,0,18,0,0,50#
9567,$JYJ,13331063420,20111101145520,116.355614,39.922176,428956189,147174141,0,96,0,0,50#
113126,$JYJ,13331063420,20111101145945,116.356049,39.922333,428957812,147174745,15,84,1,1,50#
58397,$JYJ,13331154916,20111101145726,116.355301,39.922394,428955032,147174947,4,100,0,0,50#
42088,$JYJ,13331184970,20111101145647,116.350166,39.929848,428936082,147202404,0,0,0,0,50#
118874,$JYJ,13331194110,20111101145950,116.353836,39.921490,428949630,147171599,21,6,0,0,50#
55261,$JYJ,13331194402,20111101145718,116.358170,39.922482,428965634,147175305,0,90,0,0,50#
118720,$JYJ,13331194864,20111101145953,116.350014,39.923924,428935520,147180573,17,352,1,1,50#
809,$JYJ,13301254283,20111101145957,116.352615,39.922424,428945127,147175062,4,258,1,1,50#
113634,$JYJ,13311489587,20111101150452,116.358566,39.922619,428967084,147175806,17,262,1,1,50#
6202,$JYJ,13311566764,20111101150013,116.353287,39.927258,428947596,147192857,6,350,1,1,50#
22564,$JYJ,13321199541,20111101150054,116.359467,39.924026,428970408,147180998,39,198,0,0,50#
79868,$JYJ,13331154916,20111101150323,116.351753,39.922390,428941941,147174931,17,266,1,1,50#
64666,$JYJ,13331194790,20111101150245,116.359085,39.922707,428969040,147176134,21,352,1,1,50#
9545,$JYJ,13370126435,20111101150018,116.353485,39.920189,428948328,147166796,6,190,0,0,50#
64828,$JYJ,13311486217,20111101150749,116.353165,39.927345,428947134,147193205,10,8,0,0,50#
93096,$JYJ,13301209495,20111101151420,116.356613,39.922531,428959896,147175468,19,266,1,1,50#
50790,$JYJ,13331188504,20111101151220,116.358383,39.920883,428966439,147169395,17,188,1,1,50#
92797,$JYJ,13381096884,20111101151416,116.353035,39.920032,428946677,147166241,12,264,1,1,50#
68666,$JYJ,13311403760,20111101151755,116.353783,39.922192,428949430,147174202,10,120,1,1,50#
90499,$JYJ,13311573384,20111101151846,116.353416,39.929039,428948093,147199452,0,104,0,0,50#
81553,$JYJ,13321164336,20111101151827,116.352531,39.922401,428944795,147174953,10,256,1,1,50#
18941,$JYJ,13321174888,20111101151546,116.350365,39.924492,428936828,147182670,0,196,0,0,50#
53233,$JYJ,13321180124,20111101151719,116.355850,39.922405,428957092,147174982,21,256,0,0,50#
75334,$JYJ,13301214454,20111101152316,116.356369,39.922546,428958989,147175520,17,274,1,1,50#
100572,$JYJ,13301254300,20111101152424,116.354446,39.926426,428951899,147189807,0,154,0,0,50#
80755,$JYJ,13311426102,20111101152335,116.353317,39.920002,428947716,147166124,0,150,1,1,50#
102889,$JYJ,13311470485,20111101152433,116.350479,39.924427,428937239,147182408,17,2,1,1,50#
76818,$JYJ,13331194196,20111101152324,116.350281,39.922832,428936513,147176536,15,352,1,1,50#
113120,$JYJ,13331194817,20111101152500,116.353134,39.927727,428947060,147194610,13,358,1,1,50#
65953,$JYJ,13301254300,20111101152746,116.353767,39.927036,428949394,147192051,10,324,1,1,50#
59268,$JYJ,13311486522,20111101152729,116.352165,39.920055,428943447,147166308,21,4,0,0,50#
87517,$JYJ,13311486522,20111101152836,116.352165,39.920147,428943445,147166640,0,2,1,1,50#
51389,$JYJ,13331194274,20111101153715,116.355248,39.922646,428954860,147175873,4,76,0,0,50#
90003,$JYJ,13331194274,20111101153858,116.355751,39.922421,428956699,147175037,17,86,1,1,50#
47405,$JYJ,13311487254,20111101154202,116.350182,39.927170,428936134,147192519,12,354,1,1,50#
43353,$JYJ,13311495113,20111101154152,116.352951,39.929226,428946382,147200117,4,132,0,0,50#
14527,$JYJ,13321174589,20111101154040,116.350182,39.925045,428936146,147184688,28,354,1,1,50#
94114,$JYJ,13321183430,20111101154357,116.358437,39.920242,428966620,147167041,2,180,0,0,50#
102022,$JYJ,13301127470,20111101154911,116.356163,39.922482,428958227,147175295,17,264,1,1,50#
80667,$JYJ,13311403760,20111101154816,116.353516,39.922390,428948457,147174915,0,106,0,0,50#
17963,$JYJ,13321164554,20111101154544,116.359436,39.923851,428970321,147180348,12,196,1,1,50#
21388,$JYJ,13331186411,20111101154551,116.353531,39.920013,428948509,147166150,32,242,1,1,50#
43868,$JYJ,13331194232,20111101154648,116.358513,39.922207,428966903,147174265,2,192,0,0,50#
94860,$JYJ,13331194232,20111101154853,116.358353,39.920536,428966308,147168104,15,172,1,1,50#
17331,$JYJ,13381235456,20111101154540,116.350563,39.926170,428937543,147188858,6,300,1,1,50#
24866,$JYJ,13311431466,20111101155101,116.358330,39.920734,428966218,147168866,0,206,0,0,50#
66460,$JYJ,13311431466,20111101155248,116.358284,39.920216,428966041,147166948,25,358,1,1,50#
64790,$JYJ,13311470363,20111101155240,116.353035,39.920078,428946661,147166388,21,84,0,0,50#
66006,$JYJ,13301272155,20111101155743,116.353798,39.921394,428949490,147171241,23,184,1,1,50#
36557,$JYJ,13311403768,20111101155636,116.352165,39.920364,428943471,147167435,0,114,0,0,50#
55209,$JYJ,13311403768,20111101155717,116.352150,39.920357,428943383,147167421,4,294,1,1,50#
76625,$JYJ,13311403777,20111101155811,116.350235,39.924431,428936333,147182429,4,6,1,1,50#
14774,$JYJ,13311426275,20111101155538,116.351814,39.922260,428942177,147174451,15,94,1,1,50#
35507,$JYJ,13311431216,20111101155627,116.353332,39.920048,428947755,147166274,21,268,1,1,50#
101733,$JYJ,13311431444,20111101155917,116.358482,39.920719,428966776,147168793,21,356,1,1,50#
78142,$JYJ,13311403096,20111101160316,116.359734,39.924675,428971397,147183389,10,194,1,1,50#
85240,$JYJ,13301125479,20111101160832,116.352135,39.927841,428943371,147195010,0,298,0,0,50#
20120,$JYJ,13301204839,20111101160548,116.358383,39.920525,428966445,147168064,15,170,1,1,50#
1516,$JYJ,13301214700,20111101160502,116.355400,39.922451,428955417,147175158,0,286,0,0,50#
11780,$JYJ,13301253440,20111101160530,116.353737,39.921455,428949272,147171468,17,204,1,1,50#
89368,$JYJ,13311431523,20111101160844,116.353668,39.922180,428949010,147174138,0,154,0,0,50#
14347,$JYJ,13321164574,20111101160534,116.353302,39.927101,428947684,147192281,4,354,1,1,50#
87442,$JYJ,13331185947,20111101160838,116.358200,39.922527,428965754,147175466,10,268,0,0,50#
60242,$JYJ,13381096264,20111101160729,116.353684,39.922470,428949076,147175229,8,264,1,1,50#
47433,$JYJ,13311431125,20111101161215,116.352699,39.922066,428945442,147173741,28,98,0,0,50#
65546,$JYJ,13311431125,20111101161343,116.352814,39.920425,428945834,147167670,2,300,1,1,50#
81843,$JYJ,13311492110,20111101161434,116.350685,39.927952,428937992,147195426,0,358,0,0,50#
49147,$JYJ,13331185947,20111101161225,116.350136,39.927040,428935988,147192036,0,356,1,1,50#
31355,$JYJ,13301125049,20111101161621,116.355736,39.922192,428956655,147174199,125,354,0,0,50#
60586,$JYJ,13301125049,20111101161736,116.355598,39.923130,428956131,147177681,21,110,1,1,50#
82047,$JYJ,13311495038,20111101161836,116.358368,39.921154,428966364,147170383,8,180,1,1,50#
7961,$JYJ,13311026467,20111101162017,116.353065,39.927628,428946779,147194244,4,176,0,0,50#
82099,$JYJ,13311403060,20111101162330,116.357582,39.922558,428963486,147175557,12,262,0,0,50#
100756,$JYJ,13311403060,20111101162418,116.357498,39.922558,428963169,147175568,4,260,1,1,50#
84585,$JYJ,13311426174,20111101162835,116.350250,39.924225,428936388,147181685,10,350,1,1,50#
4499,$JYJ,13381066684,20111101163013,116.353149,39.921276,428947077,147170821,2,132,0,0,50#
48968,$JYJ,13331159481,20111101163752,116.350586,39.922520,428937605,147175402,6,206,1,1,50#
10836,$JYJ,13311403006,20111101164025,116.350517,39.926819,428937359,147191227,2,106,0,0,50#
39796,$JYJ,13311403006,20111101164137,116.350197,39.926853,428936182,147191365,0,6,1,1,50#
105423,$JYJ,13311403506,20111101164431,116.358536,39.928879,428966988,147198861,8,188,0,0,50#
91404,$JYJ,13311431065,20111101164352,116.354149,39.921127,428950790,147170261,0,2,0,0,50#
25514,$JYJ,13311431185,20111101164103,116.356499,39.920925,428959451,147169543,0,356,0,0,50#
89076,$JYJ,13321164796,20111101164346,116.351769,39.922211,428941976,147174240,4,84,1,1,50#
83614,$JYJ,13301204827,20111101164838,116.356690,39.925571,428960182,147186669,6,264,0,0,50#
35113,$JYJ,13311453449,20111101164633,116.355248,39.928398,428954866,147197093,0,0,0,0,50#
22774,$JYJ,13311487294,20111101164551,116.355782,39.922565,428956804,147175598,10,268,1,1,50#
39106,$JYJ,13311492179,20111101164644,116.353653,39.920750,428948936,147168879,23,6,1,1,50#
64080,$JYJ,13381066604,20111101164745,116.350601,39.929497,428937692,147201114,0,340,1,1,50#
28230,$JYJ,13321164571,20111101165115,116.350647,39.928238,428937849,147196451,10,348,0,0,50#
56558,$JYJ,13321183418,20111101165225,116.353203,39.927731,428947308,147194622,45,180,0,0,50#
98816,$JYJ,13321183418,20111101165407,116.353104,39.929901,428946941,147202599,8,354,1,1,50#
86059,$JYJ,13370129332,20111101165343,116.350647,39.923382,428937860,147178550,10,334,1,1,50#
18863,$JYJ,13301204827,20111101165550,116.351814,39.922390,428942185,147174917,0,0,1,1,50#
4983,$JYJ,13311403252,20111101165509,116.355248,39.922390,428954825,147174946,15,264,1,1,50#
28591,$JYJ,13301174969,20111101170115,116.351120,39.922260,428939612,147174435,12,274,1,1,50#
26118,$JYJ,13311403252,20111101170104,116.358498,39.928776,428966872,147198510,12,8,0,0,50#
67559,$JYJ,13311563643,20111101170313,116.350113,39.926800,428935867,147191155,0,88,0,0,50#
46915,$JYJ,13301214486,20111101170700,116.352280,39.920261,428943896,147167066,0,184,0,0,50#
4765,$JYJ,13301272006,20111101170510,116.350220,39.928532,428936282,147197549,10,342,1,1,50#
88472,$JYJ,13301157343,20111101171341,116.351067,39.922199,428939422,147174194,0,66,0,0,50#
59801,$JYJ,13301155394,20111101171727,116.352631,39.922237,428945186,147174367,13,258,1,1,50#
23075,$JYJ,13311565984,20111101172059,116.356796,39.922497,428960573,147175344,0,268,2,0,50#
114039,$JYJ,13311403592,20111101172943,116.358566,39.920578,428967115,147168276,0,4,0,0,50#
89029,$JYJ,13311426443,20111101172839,116.358482,39.921944,428966815,147173303,34,194,1,1,50#
69117,$JYJ,13301254035,20111101173254,116.358704,39.922642,428967610,147175883,0,194,1,1,50#
95317,$JYJ,13331093419,20111101173356,116.351982,39.921478,428942789,147171541,8,28,1,1,50#
55072,$JYJ,13331194785,20111101173216,116.358498,39.929081,428966859,147199626,6,184,0,0,50#
22051,$JYJ,13381093064,20111101173055,116.352814,39.927113,428945868,147192334,6,268,0,0,50#
73876,$JYJ,13301204886,20111101173800,116.350815,39.927883,428938495,147195162,0,204,1,1,50#
69337,$JYJ,13301214082,20111101173755,116.352066,39.920898,428943099,147169414,0,178,0,0,50#
89924,$JYJ,13311403592,20111101173842,116.358368,39.920048,428966364,147166305,19,178,1,1,50#
45799,$JYJ,13331194039,20111101173653,116.359596,39.924480,428970893,147182667,8,198,1,1,50#
85967,$JYJ,13381068794,20111101173830,116.358452,39.927475,428966696,147193702,6,190,0,0,50#
101946,$JYJ,13301214223,20111101174409,116.356483,39.925831,428959432,147187642,2,268,0,0,50#
55313,$JYJ,13311492160,20111101174212,116.351769,39.921787,428941976,147172699,15,192,0,0,50#
106283,$JYJ,13311492331,20111101174418,116.350052,39.929516,428935639,147201165,0,16,3,0,50#
85041,$JYJ,13331194426,20111101174331,116.352882,39.927513,428946121,147193797,0,150,0,0,50#
16289,$JYJ,13331194785,20111101174038,116.354469,39.922432,428951956,147175102,6,266,1,1,50#
92715,$JYJ,13321164570,20111101174853,116.352928,39.929871,428946274,147202513,21,180,0,0,50#
85797,$JYJ,13311570487,20111101175331,116.350502,39.927769,428937309,147194745,0,114,0,0,50#
111303,$JYJ,13311570487,20111101175434,116.350502,39.927776,428937300,147194757,0,172,1,1,50#
28050,$JYJ,13331194134,20111101175108,116.358269,39.920620,428965997,147168415,8,10,0,0,50#
16264,$JYJ,13301214223,20111101175538,116.354668,39.922432,428952699,147175092,0,284,1,1,50#
41746,$JYJ,13311480658,20111101175641,116.353065,39.928822,428946798,147198636,0,186,0,0,50#
116037,$JYJ,13321164570,20111101175949,116.350311,39.929745,428936634,147202032,6,276,1,1,50#
62164,$JYJ,13381153618,20111101180232,116.357750,39.928902,428964079,147198945,2,318,0,0,50#
1188,$JYJ,13311403495,20111101180500,116.354034,39.921391,428950382,147171251,0,36,0,0,50#
32948,$JYJ,13311403495,20111101180621,116.353813,39.920990,428949552,147169770,0,198,1,1,50#
3895,$JYJ,13311453471,20111101180505,116.358482,39.922092,428966800,147173874,0,210,1,1,50#
106746,$JYJ,13331194238,20111101180924,116.353233,39.927452,428947401,147193581,0,40,0,0,50#
59455,$JYJ,13311492219,20111101181230,116.351753,39.922421,428941931,147175035,43,268,0,0,50#
80940,$JYJ,13311492219,20111101181320,116.350868,39.922417,428938681,147174992,23,260,1,1,50#
34712,$JYJ,13331111465,20111101181628,116.356483,39.922516,428959414,147175395,8,272,1,1,50#
103973,$JYJ,13301214840,20111101182916,116.358368,39.920467,428966349,147167871,4,162,0,0,50#
47982,$JYJ,13311495232,20111101182700,116.359085,39.929470,428969035,147201072,15,102,1,1,50#
103993,$JYJ,13381102294,20111101182916,116.359070,39.923786,428968950,147180101,26,204,0,0,50#
106052,$JYJ,13301214023,20111101183422,116.359169,39.927631,428969327,147194288,0,124,0,0,50#
106660,$JYJ,13381102294,20111101183421,116.353332,39.922447,428947782,147175130,17,262,1,1,50#
19667,$JYJ,13301214840,20111101183547,116.355118,39.922501,428954360,147175351,0,270,1,1,50#
111011,$JYJ,13311024024,20111101183938,116.359818,39.924869,428971721,147184097,19,198,1,1,50#
12389,$JYJ,13311488134,20111101183530,116.359436,39.924152,428970297,147181464,0,204,0,0,50#
110392,$JYJ,13311488134,20111101183931,116.353302,39.922489,428947668,147175302,4,270,1,1,50#
83513,$JYJ,13331063479,20111101183829,116.358536,39.920200,428966975,147166877,2,180,0,0,50#
106263,$JYJ,13301214233,20111101184424,116.356331,39.922527,428958846,147175439,0,270,0,0,50#
24752,$JYJ,13311486442,20111101184105,116.352470,39.922588,428944603,147175645,10,260,1,1,50#
77252,$JYJ,13311489657,20111101184310,116.353264,39.929119,428947524,147199734,0,178,0,0,50#
44780,$JYJ,13311495249,20111101184153,116.351555,39.922417,428941217,147175008,0,0,1,1,50#
53473,$JYJ,13311495384,20111101184209,116.350830,39.922127,428938547,147173955,8,114,0,0,50#
71455,$JYJ,13311495384,20111101184255,116.350853,39.922123,428938613,147173940,2,318,1,1,50#
60158,$JYJ,13301155347,20111101184727,116.359619,39.924137,428970983,147181407,36,20,0,0,50#
41036,$JYJ,13331191534,20111101184640,116.354134,39.920158,428950732,147166709,10,272,1,1,50#
18335,$JYJ,13301128448,20111101185044,116.350853,39.921326,428938616,147170973,0,24,0,0,50#
59745,$JYJ,13301128448,20111101185227,116.351303,39.922245,428940273,147174380,17,86,1,1,50#
77269,$JYJ,13301155462,20111101185310,116.350182,39.924408,428936141,147182360,6,356,1,1,50#
15968,$JYJ,13301214594,20111101185039,116.351013,39.921280,428939207,147170812,10,270,1,1,50#
42688,$JYJ,13311453324,20111101185143,116.350098,39.924904,428935838,147184167,13,346,1,1,50#
3633,$JYJ,13311570479,20111101185007,116.353050,39.929886,428946732,147202547,8,344,1,1,50#
93935,$JYJ,13331194785,20111101185350,116.356415,39.922546,428959166,147175536,0,276,0,0,50#
39496,$JYJ,13301208450,20111101190142,116.355202,39.922192,428954693,147174212,2,252,0,0,50#
111755,$JYJ,13301208450,20111101190438,116.355370,39.922184,428955292,147174192,0,102,1,1,50#
17295,$JYJ,13381066754,20111101190044,116.351151,39.927044,428939728,147192078,2,84,0,0,50#
27649,$JYJ,13301151416,20111101190609,116.359001,39.922928,428968729,147176954,23,16,1,1,50#
41691,$JYJ,13331194921,20111101190645,116.353600,39.920326,428948743,147167315,4,170,0,0,50#
1331,$JYJ,13370122471,20111101190459,116.352432,39.923653,428944442,147179587,0,10,0,0,50#
21836,$JYJ,13311487126,20111101191059,116.350189,39.920002,428936155,147166109,0,0,0,0,50#
24959,$JYJ,13311487126,20111101191107,116.350189,39.920002,428936145,147166115,0,0,1,1,50#
35880,$JYJ,13331194921,20111101191628,116.352234,39.920452,428943735,147167766,4,180,1,1,50#
90218,$JYJ,13381102034,20111101191842,116.358200,39.922558,428965730,147175586,13,264,1,1,50#
58310,$JYJ,13311489314,20111101192223,116.359215,39.923157,428969512,147177786,0,20,1,1,50#
90437,$JYJ,13331194308,20111101192347,116.355652,39.922482,428956346,147175272,23,266,1,1,50#
48391,$JYJ,13301156435,20111101192702,116.352768,39.922348,428945682,147174780,8,272,1,1,50#
23450,$JYJ,13311489664,20111101192601,116.357521,39.922546,428963259,147175538,0,0,1,1,50#
51958,$JYJ,13311492110,20111101192705,116.350151,39.927013,428936015,147191954,19,4,0,0,50#
10781,$JYJ,13321164910,20111101192529,116.358475,39.920223,428966777,147166983,0,0,0,0,50#
12599,$JYJ,13321164910,20111101192533,116.358475,39.920223,428966786,147166968,0,0,0,0,50#
99498,$JYJ,13321164910,20111101192909,116.358475,39.920223,428966758,147166968,0,0,0,0,50#
103914,$JYJ,13321164910,20111101192919,116.358475,39.920223,428966775,147166953,0,0,0,0,50#
56137,$JYJ,13301104096,20111101193220,116.359886,39.922401,428971960,147174997,0,82,0,0,50#
42737,$JYJ,13301272063,20111101193145,116.358437,39.921909,428966606,147173175,13,194,1,1,50#
96827,$JYJ,13311191483,20111101193404,116.358353,39.921452,428966317,147171505,19,174,1,1,50#
43337,$JYJ,13311403207,20111101193149,116.350281,39.920387,428936480,147167523,4,8,1,1,50#
107494,$JYJ,13331184914,20111101193428,116.357902,39.922432,428964665,147175096,0,88,0,0,50#
85974,$JYJ,13331194425,20111101193333,116.350433,39.922394,428937074,147174906,28,262,0,0,50#
48514,$JYJ,13381101954,20111101193205,116.351913,39.920574,428942511,147168223,0,166,1,1,50#
44913,$JYJ,13311453433,20111101193650,116.351883,39.922199,428942434,147174205,25,84,1,1,50#
42952,$JYJ,13321164910,20111101193649,116.358475,39.920223,428966771,147166975,0,0,0,0,50#
48216,$JYJ,13321164910,20111101193701,116.358185,39.920494,428965702,147167971,19,356,1,1,50#
29375,$JYJ,13381100504,20111101193613,116.358437,39.929905,428966640,147202660,0,238,0,0,50#
97515,$JYJ,13311492132,20111101194402,116.358513,39.920242,428966907,147167029,0,32,0,0,50#
108826,$JYJ,13311492132,20111101194429,116.358467,39.920322,428966718,147167334,2,336,1,1,50#
98871,$JYJ,13331194217,20111101194410,116.350037,39.928814,428935596,147198569,0,28,0,0,50#
19459,$JYJ,13311022864,20111101195046,116.350220,39.924969,428936291,147184418,17,358,0,0,50#
61048,$JYJ,13311022864,20111101195232,116.350052,39.926994,428935650,147191886,13,356,1,1,50#
62938,$JYJ,13311470409,20111101195241,116.353340,39.927319,428947799,147193105,4,346,0,0,50#
87838,$JYJ,13331194730,20111101195916,116.358452,39.922230,428966689,147174353,19,304,0,0,50#
66993,$JYJ,13301104106,20111101200249,116.351265,39.922295,428940138,147174546,0,104,0,0,50#
100879,$JYJ,13301156462,20111101200413,116.350266,39.923302,428936425,147178258,25,356,0,0,50#
69895,$JYJ,13311026479,20111101200253,116.355248,39.922558,428954831,147175552,0,276,1,1,50#
33902,$JYJ,13311495339,20111101200124,116.354370,39.922409,428951612,147174995,6,74,0,0,50#
76972,$JYJ,13381102534,20111101200812,116.357201,39.922409,428962043,147175005,4,80,0,0,50#
16917,$JYJ,13311489587,20111101201042,116.351082,39.922539,428939463,147175466,15,296,1,1,50#
78829,$JYJ,13331154817,20111101201315,116.358635,39.920753,428967370,147168918,12,338,0,0,50#
104128,$JYJ,13331154817,20111101201418,116.358498,39.920921,428966869,147169549,0,28,1,1,50#
43204,$JYJ,13301214433,20111101201645,116.351151,39.920219,428939718,147166893,0,62,1,1,50#
33550,$JYJ,13311486531,20111101201621,116.351952,39.922333,428942658,147174708,12,262,1,1,50#
41105,$JYJ,13321164907,20111101201644,116.353203,39.920456,428947297,147167797,0,264,1,1,50#
101987,$JYJ,13311486232,20111101202415,116.353821,39.921738,428949588,147172524,10,168,1,1,50#
119630,$JYJ,13311486597,20111101202459,116.353584,39.920013,428948687,147166161,6,264,1,1,50#
63083,$JYJ,13331194553,20111101202738,116.358513,39.929577,428966899,147201465,0,174,0,0,50#
66250,$JYJ,13381096549,20111101202741,116.358719,39.922516,428967680,147175431,30,198,1,1,50#
88809,$JYJ,13370129567,20111101203338,116.350617,39.927822,428937737,147194927,0,356,0,0,50#
65879,$JYJ,13331194962,20111101203741,116.357864,39.922550,428964512,147175548,0,272,0,0,50#
52712,$JYJ,13331194969,20111101203713,116.358368,39.921700,428966368,147172396,4,190,1,1,50#
67091,$JYJ,13370129567,20111101203744,116.350067,39.929851,428935694,147202406,12,346,1,1,50#
1217,$JYJ,13301214210,20111101204004,116.350388,39.920635,428936878,147168449,30,354,1,1,50#
27875,$JYJ,13331194962,20111101204125,116.355980,39.922428,428957539,147175077,28,86,1,1,50#
62789,$JYJ,13311020344,20111101204736,116.351982,39.920368,428942792,147167457,17,168,1,1,50#
96988,$JYJ,13311487110,20111101204906,116.356949,39.922619,428961136,147175799,13,274,0,0,50#
115166,$JYJ,13301214278,20111101205447,116.353386,39.921013,428947974,147169854,0,228,1,1,50#
99446,$JYJ,13331184793,20111101205312,116.351868,39.920937,428942367,147169561,0,140,1,1,50#
65178,$JYJ,13311020344,20111101205744,116.352165,39.920280,428943453,147167125,19,178,1,1,50#
3881,$JYJ,13331037104,20111101205509,116.355698,39.922516,428956514,147175394,13,270,1,1,50#
14634,$JYJ,13331184793,20111101205312,116.351868,39.920937,428942361,147169541,0,140,1,1,50#
104101,$JYJ,13301204883,20111101210415,116.355469,39.928577,428955680,147197759,4,118,0,0,50#
91231,$JYJ,13311426440,20111101211347,116.353096,39.929203,428946918,147200045,12,182,0,0,50#
12035,$JYJ,13331194272,20111101211029,116.354485,39.925297,428952019,147185662,0,140,0,0,50#
46906,$JYJ,13311403050,20111101211654,116.352654,39.929588,428945269,147201452,4,138,0,0,50#
80565,$JYJ,13311403050,20111101211815,116.353554,39.928761,428948584,147198425,23,190,1,1,50#
46194,$JYJ,13311470385,20111101211652,116.350418,39.922436,428937026,147175084,0,274,1,1,50#
98644,$JYJ,13311492106,20111101211858,116.350067,39.929584,428935732,147201430,2,6,0,0,50#
1924,$JYJ,13321199734,20111101211502,116.350319,39.923164,428936635,147177747,26,0,0,0,50#
25703,$JYJ,13321199734,20111101211601,116.350266,39.924206,428936464,147181596,23,350,1,1,50#
94196,$JYJ,13331194429,20111101211850,116.350311,39.920265,428936623,147167089,28,12,0,0,50#
116914,$JYJ,13301214709,20111101212446,116.350014,39.922520,428935502,147175397,38,178,1,1,50#
94703,$JYJ,13301254209,20111101212352,116.351364,39.921383,428940490,147171209,0,118,0,0,50#
56646,$JYJ,13311453432,20111101212219,116.350220,39.927223,428936261,147192719,4,348,1,1,50#
122685,$JYJ,13311486565,20111101212500,116.350166,39.927055,428936093,147192100,13,352,1,1,50#
91020,$JYJ,13301254209,20111101212841,116.358315,39.920532,428966157,147168089,6,268,1,1,50#
10674,$JYJ,13301209446,20111101213524,116.353416,39.920204,428948061,147166870,0,178,0,0,50#
91994,$JYJ,13301272735,20111101214349,116.353180,39.927612,428947195,147194188,52,176,0,0,50#
89014,$JYJ,13311403487,20111101214341,116.353485,39.927357,428948348,147193221,8,354,0,0,50#
91748,$JYJ,13311403600,20111101214353,116.356041,39.922359,428957770,147174816,19,94,0,0,50#
40102,$JYJ,13311403600,20111101214643,116.358345,39.920963,428966296,147169690,30,174,1,1,50#
28521,$JYJ,13381271940,20111101214610,116.352097,39.922226,428943226,147174327,0,76,1,1,50#
93393,$JYJ,13311489324,20111101215355,116.353363,39.927280,428947879,147192939,0,334,0,0,50#
81062,$JYJ,13331194167,20111101215322,116.352264,39.920178,428943820,147166748,21,86,1,1,50#
51328,$JYJ,13301214019,20111101215707,116.350166,39.925549,428936081,147186565,21,356,1,1,50#
36237,$JYJ,13301254162,20111101215630,116.350067,39.927048,428935727,147192079,34,352,1,1,50#
5415,$JYJ,13311489324,20111101215516,116.353203,39.929420,428947290,147200850,10,354,1,1,50#
32696,$JYJ,13301272735,20111101220126,116.350380,39.920601,428936868,147168327,26,354,1,1,50#
40536,$JYJ,13311470301,20111101220145,116.355553,39.922485,428955969,147175274,0,274,0,0,50#
73365,$JYJ,13370122488,20111101220258,116.350998,39.924274,428939159,147181843,2,354,0,0,50#
81835,$JYJ,13311480700,20111101220825,116.353851,39.920677,428949678,147168620,23,138,1,1,50#
14043,$JYJ,13301214193,20111101221034,116.353569,39.920219,428948646,147166927,0,0,1,1,50#
30965,$JYJ,13311191401,20111101221117,116.353035,39.927654,428946671,147194340,6,178,0,0,50#
55690,$JYJ,13321183423,20111101221222,116.356857,39.922379,428960788,147174891,13,88,1,1,50#
41915,$JYJ,13311453273,20111101222139,116.353065,39.929893,428946795,147202576,19,348,1,1,50#
112052,$JYJ,13321164382,20111101222438,116.352447,39.922283,428944516,147174527,10,256,1,1,50#
86606,$JYJ,13301214161,20111101223339,116.355751,39.922390,428956701,147174947,15,100,0,0,50#
92389,$JYJ,13311453433,20111101223350,116.359535,39.924305,428970694,147182005,32,198,1,1,50#
50594,$JYJ,13331194860,20111101223203,116.357147,39.922337,428961867,147174760,21,94,0,0,50#
112041,$JYJ,13301214619,20111101224431,116.357719,39.921543,428963965,147171833,0,262,0,0,50#
112804,$JYJ,13311403320,20111101224435,116.357086,39.922565,428961647,147175580,17,260,1,1,50#
51902,$JYJ,13311403523,20111101224211,116.353516,39.920280,428948444,147167160,6,72,1,1,50#
21576,$JYJ,13311453323,20111101224058,116.358513,39.921219,428966917,147170653,0,6,0,0,50#
99283,$JYJ,13331154725,20111101224401,116.353203,39.927692,428947276,147194466,30,168,0,0,50#
105489,$JYJ,13321174594,20111101224918,116.353226,39.920341,428947371,147167366,10,34,1,1,50#
46740,$JYJ,13331194038,20111101225656,116.352600,39.926586,428945063,147190374,26,94,1,1,50#
28396,$JYJ,13311191439,20111101230110,116.352814,39.928001,428945849,147195619,21,14,1,1,50#
114247,$JYJ,13321199445,20111101230448,116.353432,39.926968,428948147,147191785,0,358,0,0,50#
45914,$JYJ,13331188754,20111101230152,116.353264,39.927731,428947525,147194599,0,182,0,0,50#
40223,$JYJ,13311426452,20111101230643,116.358383,39.928650,428966449,147198020,0,182,0,0,50#
58430,$JYJ,13331154720,20111101230728,116.358437,39.920410,428966629,147167663,13,192,1,1,50#
87236,$JYJ,13331188754,20111101230837,116.353081,39.922493,428946838,147175300,34,268,1,1,50#
43459,$JYJ,13311453478,20111101231648,116.351120,39.922287,428939611,147174532,25,76,1,1,50#
37371,$JYJ,13311431582,20111101232132,116.350319,39.920086,428936625,147166404,21,358,1,1,50#
22481,$JYJ,13381101894,20111101232059,116.358650,39.921768,428967419,147172650,15,340,0,0,50#
45627,$JYJ,13381101894,20111101232156,116.358223,39.920418,428965822,147167696,10,174,1,1,50#
115076,$JYJ,13321164875,20111101232951,116.358467,39.929985,428966752,147202969,4,212,0,0,50#
77969,$JYJ,13331194084,20111101232814,116.350319,39.920776,428936621,147168959,23,356,1,1,50#
88957,$JYJ,13331194947,20111101232842,116.359169,39.922562,428969326,147175596,0,250,1,1,50#
91080,$JYJ,13301277709,20111101233347,116.351814,39.922268,428942157,147174461,17,84,1,1,50#
83302,$JYJ,13321174710,20111101233331,116.358833,39.922195,428968100,147174231,17,14,0,0,50#
48433,$JYJ,13331187194,20111101233158,116.352119,39.920914,428943279,147169484,0,176,1,1,50#
22179,$JYJ,13311453378,20111101233557,116.358101,39.925457,428965366,147186273,8,288,0,0,50#
48065,$JYJ,13301125445,20111101234204,116.353249,39.929459,428947465,147200999,21,168,0,0,50#
35902,$JYJ,13311486473,20111101234134,116.350517,39.927471,428937381,147193631,0,176,0,0,50#
99604,$JYJ,13301277709,20111101234915,116.350082,39.927158,428935787,147192499,19,354,1,1,50#
4649,$JYJ,13311453201,20111101234514,116.358581,39.920944,428967140,147169617,10,6,0,0,50#
21477,$JYJ,13311453435,20111101234559,116.357651,39.929482,428963740,147201102,2,174,0,0,50#
27098,$JYJ,13301214870,20111101235608,116.352486,39.920498,428944625,147167935,6,132,1,1,50#
