57496,$JYJ,13311495328,20111101000754,116.365868,39.887737,428994071,147047254,15,76,1,1,50#
39333,$JYJ,13331154896,20111101000701,116.362282,39.888012,428980830,147048235,0,0,0,0,50#
86309,$JYJ,13331154896,20111101000928,116.360802,39.888191,428975332,147048890,0,0,1,1,50#
54323,$JYJ,13331156419,20111101000744,116.364433,39.881859,428988759,147025568,12,88,1,1,50#
13443,$JYJ,13381068849,20111101000549,116.366303,39.887856,428995661,147047670,25,86,1,1,50#
89493,$JYJ,13311480652,20111101001429,116.361374,39.888267,428977450,147049163,0,0,0,0,50#
92255,$JYJ,13381102364,20111101001436,116.361580,39.887962,428978218,147048053,23,90,0,0,50#
39877,$JYJ,13381102364,20111101001705,116.361015,39.888061,428976140,147048415,21,268,1,1,50#
46137,$JYJ,13311453310,20111101002712,116.364716,39.888000,428989800,147048227,6,270,1,1,50#
88472,$JYJ,13381095154,20111101003427,116.363800,39.887993,428986399,147048165,19,262,1,1,50#
55537,$JYJ,13301174915,20111101004240,116.361069,39.883568,428976326,147031861,0,186,0,0,50#
34221,$JYJ,13311426463,20111101004140,116.364754,39.881443,428989935,147024041,0,150,0,0,50#
54449,$JYJ,13311453384,20111101005238,116.366119,39.888107,428994994,147048606,0,266,1,1,50#
39678,$JYJ,13311495326,20111101005158,116.364937,39.887959,428990610,147048040,0,102,1,1,50#
11288,$JYJ,13311480740,20111101005529,116.368034,39.888172,429002034,147048875,28,178,1,1,50#
713,$JYJ,13331187092,20111101005958,116.361053,39.882832,428976254,147029122,0,180,0,0,50#
55455,$JYJ,13301157431,20111101011245,116.361633,39.884277,428978423,147034453,0,194,0,0,50#
27425,$JYJ,13311453280,20111101012125,116.368469,39.881851,429003659,147025550,23,8,0,0,50#
77015,$JYJ,13331184992,20111101012359,116.361053,39.883423,428976256,147031310,0,204,0,0,50#
40706,$JYJ,13311492100,20111101012707,116.365280,39.887760,428991881,147047333,6,90,0,0,50#
28022,$JYJ,13331093410,20111101013130,116.368080,39.887402,429002238,147046022,4,188,1,1,50#
57946,$JYJ,13311403499,20111101013803,116.367867,39.887794,429001432,147047456,0,90,1,1,50#
61376,$JYJ,13311426477,20111101020824,116.361282,39.885658,428977115,147039541,17,10,1,1,50#
23504,$JYJ,13311453315,20111101020616,116.367752,39.881912,429001014,147025781,10,88,1,1,50#
9529,$JYJ,13311453359,20111101020527,116.365166,39.887779,428991444,147047401,8,92,1,1,50#
57607,$JYJ,13331154806,20111101021811,116.367584,39.888061,429000391,147048465,0,268,1,1,50#
63146,$JYJ,13311426420,20111101022835,116.360916,39.888256,428975773,147049136,28,268,1,1,50#
73117,$JYJ,13321174869,20111101022909,116.361870,39.885990,428979298,147040794,0,6,0,0,50#
49586,$JYJ,13321174869,20111101023247,116.360718,39.882439,428975030,147027676,12,164,1,1,50#
69501,$JYJ,13331194998,20111101023357,116.365066,39.885754,428991112,147039928,12,180,0,0,50#
27633,$JYJ,13311426349,20111101030132,116.361587,39.886425,428978226,147042386,0,0,0,0,50#
40189,$JYJ,13311487260,20111101030725,116.364113,39.881992,428987553,147026074,23,262,1,1,50#
30925,$JYJ,13331194848,20111101030650,116.361832,39.887642,428979130,147046885,15,356,1,1,50#
23158,$JYJ,13301214292,20111101031120,116.361618,39.886746,428978372,147043582,25,178,0,0,50#
69558,$JYJ,13301214292,20111101031407,116.361618,39.885922,428978376,147040518,13,0,1,1,50#
81709,$JYJ,13311470417,20111101031955,116.360908,39.888000,428975721,147048206,21,260,1,1,50#
60945,$JYJ,13301277586,20111101032841,116.362099,39.888802,428980143,147051145,0,26,0,0,50#
77475,$JYJ,13321164418,20111101040448,116.365051,39.885449,428991043,147038819,0,0,0,0,50#
73482,$JYJ,13311403136,20111101044932,116.361870,39.887230,428979299,147045339,13,4,1,1,50#
38691,$JYJ,13311495112,20111101050221,116.364265,39.888424,428988152,147049784,0,306,1,1,50#
79224,$JYJ,13301214161,20111101051938,116.361198,39.883987,428976791,147033391,2,8,0,0,50#
52030,$JYJ,13321164318,20111101053750,116.368652,39.882038,429004323,147026234,15,286,1,1,50#
4581,$JYJ,13301214199,20111101054012,116.365547,39.887810,428992874,147047515,21,88,1,1,50#
85022,$JYJ,13311492120,20111101054437,116.362068,39.887970,428980034,147048094,23,152,1,1,50#
88476,$JYJ,13311490918,20111101055934,116.365501,39.881763,428992708,147025222,13,96,1,1,50#
85276,$JYJ,13301251431,20111101060422,116.361565,39.887436,428978149,147046113,15,174,1,1,50#
16223,$JYJ,13331154928,20111101060547,116.361702,39.887016,428978649,147044566,2,122,0,0,50#
51774,$JYJ,13331154928,20111101060740,116.361786,39.887215,428978961,147045285,12,12,1,1,50#
48712,$JYJ,13381083419,20111101062723,116.368416,39.882160,429003447,147026688,4,354,1,1,50#
468,$JYJ,13301164944,20111101062956,116.362198,39.881844,428980494,147025495,0,90,1,1,50#
60746,$JYJ,13311486507,20111101063756,116.367935,39.888828,429001669,147051265,26,180,1,1,50#
88062,$JYJ,13311022284,20111101064413,116.364616,39.880390,428989441,147020164,13,2,1,1,50#
95541,$JYJ,13311426032,20111101064435,116.368652,39.888081,429004326,147048510,0,270,0,0,50#
247,$JYJ,13311431199,20111101063956,116.365631,39.888000,428993172,147048200,19,262,1,1,50#
38763,$JYJ,13370122426,20111101064150,116.366455,39.887775,428996238,147047404,0,0,0,0,50#
49859,$JYJ,13311489368,20111101064907,116.365082,39.887836,428991130,147047621,15,86,1,1,50#
19755,$JYJ,13301214264,20111101065137,116.361450,39.888100,428977755,147048551,4,268,1,1,50#
17379,$JYJ,13311576704,20111101065124,116.361534,39.886890,428978049,147044090,0,188,1,1,50#
99046,$JYJ,13321199294,20111101065944,116.368416,39.882568,429003469,147028216,19,354,1,1,50#
38809,$JYJ,13301156469,20111101070149,116.362351,39.882019,428981059,147026140,8,254,2,0,50#
56331,$JYJ,13311403569,20111101070238,116.367767,39.887752,429001051,147047306,15,102,0,0,50#
15688,$JYJ,13311470332,20111101070546,116.361176,39.884937,428976702,147036912,17,196,1,1,50#
14396,$JYJ,13311488200,20111101070540,116.366783,39.882023,428997446,147026169,21,264,1,1,50#
79176,$JYJ,13381068704,20111101071342,116.366470,39.888039,428996266,147048375,36,266,1,1,50#
88907,$JYJ,13301214214,20111101071914,116.367714,39.888157,429000884,147048794,4,232,1,1,50#
51887,$JYJ,13311563741,20111101071725,116.367416,39.888050,428999782,147048416,6,262,1,1,50#
27244,$JYJ,13331194003,20111101071619,116.369019,39.881908,429005697,147025778,28,84,1,1,50#
49883,$JYJ,13311486422,20111101072721,116.362450,39.887646,428981417,147046892,26,86,1,1,50#
98467,$JYJ,13311426351,20111101073448,116.361603,39.888378,428978324,147049592,12,276,1,1,50#
79356,$JYJ,13301204905,20111101074344,116.361450,39.888027,428977719,147048294,13,282,1,1,50#
12210,$JYJ,13311480702,20111101074032,116.364670,39.887825,428989617,147047573,6,82,1,1,50#
23520,$JYJ,13311487129,20111101074103,116.368149,39.889587,429002468,147054085,2,196,1,1,50#
5046,$JYJ,13311570485,20111101074010,116.366470,39.888100,428996267,147048570,15,274,1,1,50#
38138,$JYJ,13381271943,20111101074150,116.360397,39.883724,428973849,147032422,6,358,1,1,50#
17476,$JYJ,13311026476,20111101074549,116.360535,39.882000,428974336,147026076,19,270,0,0,50#
1704,$JYJ,13311488148,20111101074501,116.364731,39.881245,428989848,147023318,0,2,1,1,50#
59993,$JYJ,13321164476,20111101074752,116.367935,39.887596,429001664,147046750,2,160,0,0,50#
64142,$JYJ,13311426454,20111101075259,116.368050,39.889549,429002105,147053940,15,180,1,1,50#
47701,$JYJ,13311585854,20111101075210,116.361313,39.882053,428977234,147026260,0,278,0,0,50#
87783,$JYJ,13311492211,20111101075909,116.361534,39.888168,428978050,147048819,6,232,2,0,50#
51251,$JYJ,13311492260,20111101075729,116.367920,39.888973,429001613,147051811,23,178,1,1,50#
37337,$JYJ,13321180048,20111101075646,116.360214,39.882027,428973179,147026164,10,266,1,1,50#
90526,$JYJ,13321183423,20111101075922,116.367454,39.881802,428999908,147025377,12,82,1,1,50#
81828,$JYJ,13301125447,20111101080351,116.361984,39.888653,428979711,147050600,6,208,1,1,50#
40078,$JYJ,13321183460,20111101080152,116.368515,39.888439,429003839,147049832,17,346,1,1,50#
72491,$JYJ,13311565848,20111101080909,116.367783,39.886021,429001119,147040938,36,180,0,0,50#
74197,$JYJ,13311426304,20111101081358,116.361801,39.889435,428979025,147053489,21,0,0,0,50#
30498,$JYJ,13321183462,20111101081138,116.364487,39.880135,428988959,147019227,15,4,1,1,50#
34138,$JYJ,13381069504,20111101081151,116.361031,39.887997,428976197,147048184,0,270,1,1,50#
10342,$JYJ,13311492111,20111101081530,116.368347,39.884525,429003199,147035422,36,356,0,0,50#
33213,$JYJ,13331111449,20111101081658,116.366333,39.887943,428995763,147048014,34,266,1,1,50#
17688,$JYJ,13301252489,20111101082102,116.368500,39.887936,429003765,147047973,0,76,0,0,50#
65099,$JYJ,13331154951,20111101082351,116.366417,39.888035,428996064,147048362,21,268,1,1,50#
14887,$JYJ,13370126433,20111101082053,116.367966,39.886307,429001816,147041996,0,258,0,0,50#
44637,$JYJ,13301156246,20111101082724,116.367981,39.881210,429001833,147023190,23,168,1,1,50#
6701,$JYJ,13311403054,20111101082518,116.367996,39.884739,429001902,147036204,39,150,0,0,50#
60061,$JYJ,13311564460,20111101082814,116.366715,39.882076,428997189,147026391,10,272,1,1,50#
69269,$JYJ,13331184909,20111101082845,116.366715,39.888409,428997161,147049726,10,100,0,0,50#
36524,$JYJ,13331194067,20111101082705,116.362251,39.887836,428980703,147047601,10,142,1,1,50#
65179,$JYJ,13311487140,20111101083327,116.367935,39.886566,429001705,147042940,15,202,0,0,50#
92396,$JYJ,13381235412,20111101083458,116.361053,39.882858,428976256,147029226,0,176,1,1,50#
81030,$JYJ,13311403537,20111101083922,116.366402,39.888012,428996005,147048263,23,262,1,1,50#
5987,$JYJ,13311487140,20111101083517,116.367935,39.885204,429001666,147037920,12,144,1,1,50#
8821,$JYJ,13381235407,20111101083523,116.364548,39.882015,428989189,147026148,30,270,1,1,50#
80316,$JYJ,13301128448,20111101084432,116.365418,39.882072,428992372,147026354,0,266,0,0,50#
21724,$JYJ,13311470395,20111101084105,116.361198,39.888252,428976792,147049136,13,266,1,1,50#
26734,$JYJ,13301152499,20111101084650,116.367950,39.889053,429001746,147052109,0,194,0,0,50#
1914,$JYJ,13301204893,20111101084504,116.360100,39.886761,428972752,147043621,6,194,1,1,50#
41789,$JYJ,13311403717,20111101084746,116.366837,39.882061,428997614,147026321,12,282,1,1,50#
76793,$JYJ,13311431131,20111101084942,116.365517,39.880005,428992758,147018743,4,66,0,0,50#
73098,$JYJ,13311489333,20111101084926,116.361702,39.886963,428978654,147044364,0,354,1,1,50#
56715,$JYJ,13311492160,20111101084830,116.368133,39.889011,429002425,147051969,17,154,1,1,50#
57767,$JYJ,13301128448,20111101085314,116.361633,39.886078,428978408,147041095,12,180,1,1,50#
40952,$JYJ,13311431131,20111101085216,116.362351,39.881962,428981041,147025945,34,268,1,1,50#
76405,$JYJ,13311403185,20111101085920,116.360214,39.882004,428973182,147026094,0,262,1,1,50#
19801,$JYJ,13381083424,20111101085606,116.367241,39.888042,428999113,147048391,19,262,1,1,50#
21752,$JYJ,13370126497,20111101090114,116.360901,39.882088,428975715,147026408,6,46,0,0,50#
47680,$JYJ,13311487257,20111101090747,116.367935,39.888947,429001695,147051705,12,182,1,1,50#
80581,$JYJ,13331159452,20111101090932,116.361549,39.885597,428978101,147039344,0,196,0,0,50#
85362,$JYJ,13311488160,20111101091424,116.360985,39.884777,428976021,147036323,2,192,0,0,50#
85458,$JYJ,13311495223,20111101091425,116.364769,39.887661,428989977,147046974,2,114,0,0,50#
11424,$JYJ,13321199644,20111101091035,116.361786,39.882030,428978970,147026171,6,256,1,1,50#
51287,$JYJ,13331159452,20111101091237,116.367386,39.881878,428999659,147025639,17,86,1,1,50#
12610,$JYJ,13301214486,20111101091539,116.364983,39.887642,428990772,147046904,0,64,0,0,50#
27721,$JYJ,13301214486,20111101091624,116.364983,39.887642,428990775,147046891,0,64,1,1,50#
77667,$JYJ,13311426263,20111101091906,116.361183,39.888000,428976757,147048197,13,268,1,1,50#
43697,$JYJ,13311495161,20111101091721,116.366631,39.880009,428996850,147018770,0,90,0,0,50#
2163,$JYJ,13381101154,20111101092002,116.362434,39.888023,428981356,147048298,28,264,0,0,50#
31151,$JYJ,13301156554,20111101092638,116.367516,39.888065,429000153,147048453,19,258,1,1,50#
57519,$JYJ,13301214008,20111101092814,116.367935,39.888817,429001706,147051231,15,180,1,1,50#
78839,$JYJ,13301214008,20111101092922,116.361733,39.888050,428978798,147048384,6,248,0,0,50#
48024,$JYJ,13311431481,20111101092744,116.367935,39.889000,429001691,147051917,0,176,1,1,50#
63697,$JYJ,13321164783,20111101092833,116.367882,39.886288,429001505,147041927,19,236,1,1,50#
5051,$JYJ,13321199346,20111101092514,116.361519,39.886612,428978005,147043060,15,188,0,0,50#
27277,$JYJ,13331194177,20111101092628,116.364601,39.881310,428989378,147023559,10,342,1,1,50#
11132,$JYJ,13301155473,20111101093037,116.367867,39.886437,429001437,147042469,0,208,0,0,50#
27501,$JYJ,13301156294,20111101093123,116.368019,39.887333,429001976,147045758,15,174,1,1,50#
28436,$JYJ,13301157641,20111101093125,116.361702,39.887032,428978653,147044633,8,352,1,1,50#
85419,$JYJ,13311022264,20111101093435,116.366119,39.885281,428994974,147038204,0,0,0,0,50#
61185,$JYJ,13331156416,20111101093316,116.367928,39.887142,429001660,147045069,6,178,0,0,50#
49629,$JYJ,13301207483,20111101093746,116.361633,39.881836,428978394,147025466,0,92,0,0,50#
82403,$JYJ,13301207483,20111101093926,116.364601,39.881836,428989390,147025472,8,124,1,1,50#
23755,$JYJ,13301214109,20111101093611,116.368370,39.883438,429003298,147031418,25,356,1,1,50#
24886,$JYJ,13311403349,20111101093617,116.361717,39.886986,428978707,147044452,15,354,1,1,50#
21005,$JYJ,13311489592,20111101093609,116.367897,39.886391,429001526,147042278,0,184,0,0,50#
12537,$JYJ,13331156416,20111101093532,116.368492,39.885532,429003725,147039144,0,0,0,0,50#
68978,$JYJ,13331156416,20111101093850,116.368492,39.885532,429003723,147039145,0,0,0,0,50#
65381,$JYJ,13331194386,20111101093833,116.361198,39.888054,428976818,147048387,13,262,1,1,50#
72315,$JYJ,13301214797,20111101094343,116.361153,39.884556,428976632,147035486,15,6,1,1,50#
4047,$JYJ,13331156416,20111101094012,116.369278,39.887692,429006627,147047077,10,88,1,1,50#
18336,$JYJ,13331184832,20111101093932,116.364731,39.881409,428989861,147023921,19,174,0,0,50#
72565,$JYJ,13301214632,20111101094841,116.367920,39.888844,429001634,147051330,13,176,1,1,50#
70952,$JYJ,13311022284,20111101094836,116.361687,39.887032,428978630,147044613,12,352,1,1,50#
13374,$JYJ,13311403204,20111101095037,116.368019,39.880394,429001996,147020190,51,178,0,0,50#
29449,$JYJ,13311426220,20111101095127,116.361664,39.887020,428978532,147044563,23,174,1,1,50#
79871,$JYJ,13311570440,20111101095402,116.361000,39.882412,428976078,147027594,0,8,0,0,50#
43164,$JYJ,13331154845,20111101095208,116.367149,39.888069,428998779,147048460,15,266,1,1,50#
17615,$JYJ,13331194959,20111101095048,116.368050,39.887249,429002105,147045452,13,186,0,0,50#
11840,$JYJ,13301254303,20111101095537,116.367882,39.880577,429001496,147020844,26,178,0,0,50#
35220,$JYJ,13311492199,20111101095646,116.364647,39.888031,428989564,147048324,0,290,1,1,50#
47497,$JYJ,13321183407,20111101095725,116.364380,39.882893,428988549,147029363,0,84,0,0,50#
2887,$JYJ,13331194255,20111101095509,116.361336,39.881825,428977323,147025412,15,82,1,1,50#
16259,$JYJ,13331194255,20111101095551,116.363251,39.881821,428984366,147025430,2,84,0,0,50#
27228,$JYJ,13311426350,20111101100126,116.369202,39.889618,429006380,147054210,0,96,0,0,50#
49175,$JYJ,13311470471,20111101100233,116.364983,39.886715,428990788,147043477,2,342,0,0,50#
23938,$JYJ,13311486469,20111101100115,116.367935,39.889172,429001677,147052538,0,152,1,1,50#
39630,$JYJ,13311470319,20111101100722,116.361465,39.881779,428977800,147025249,8,90,0,0,50#
13468,$JYJ,13311480656,20111101101047,116.361298,39.887981,428977156,147048122,19,266,1,1,50#
73874,$JYJ,13311489433,20111101101428,116.368187,39.887047,429002609,147044702,0,358,0,0,50#
51364,$JYJ,13301184117,20111101101742,116.365364,39.887779,428992198,147047390,4,94,1,1,50#
27936,$JYJ,13311191427,20111101101630,116.361153,39.888287,428976645,147049254,12,286,1,1,50#
7985,$JYJ,13311403058,20111101101521,116.361420,39.885963,428977605,147040689,4,190,1,1,50#
7896,$JYJ,13321183452,20111101101525,116.367218,39.881943,428999032,147025898,0,22,0,0,50#
92403,$JYJ,13301214106,20111101102448,116.366569,39.887882,428996645,147047799,26,86,1,1,50#
43844,$JYJ,13311403543,20111101102220,116.360252,39.887959,428973331,147048024,17,264,1,1,50#
18699,$JYJ,13311431494,20111101102102,116.368515,39.889004,429003824,147051940,0,352,0,0,50#
43513,$JYJ,13311487151,20111101102222,116.361153,39.888035,428976656,147048302,17,262,1,1,50#
41985,$JYJ,13301125467,20111101102707,116.361565,39.885872,428978154,147040333,0,16,0,0,50#
67197,$JYJ,13301155424,20111101102824,116.365280,39.887752,428991900,147047313,15,86,1,1,50#
79268,$JYJ,13301204826,20111101102907,116.361633,39.888000,428978395,147048201,28,260,1,1,50#
81694,$JYJ,13321199745,20111101102909,116.361565,39.886845,428978171,147043916,0,170,0,0,50#
29922,$JYJ,13321174978,20111101103133,116.366333,39.888069,428995771,147048486,15,278,1,1,50#
89037,$JYJ,13381101734,20111101103446,116.361381,39.887875,428977483,147047742,26,90,0,0,50#
81272,$JYJ,13370122415,20111101103924,116.364868,39.887768,428990351,147047343,0,106,0,0,50#
13544,$JYJ,13301254358,20111101104038,116.368301,39.881458,429003020,147024104,32,0,0,0,50#
19490,$JYJ,13301214527,20111101104559,116.365967,39.888042,428994427,147048366,0,270,1,1,50#
44268,$JYJ,13301214527,20111101104721,116.361733,39.888550,428978790,147050235,6,356,0,0,50#
56830,$JYJ,13311162492,20111101104753,116.367416,39.888065,428999769,147048461,21,266,1,1,50#
38442,$JYJ,13311191457,20111101104702,116.360634,39.881886,428974730,147025653,0,96,0,0,50#
58016,$JYJ,13311492328,20111101104802,116.363716,39.888088,428986090,147048541,15,280,0,0,50#
77639,$JYJ,13331194977,20111101104906,116.368637,39.889904,429004258,147055241,34,354,1,1,50#
18325,$JYJ,13381102584,20111101104559,116.361687,39.887421,428978593,147046060,0,336,0,0,50#
5388,$JYJ,13301104110,20111101105013,116.364647,39.881035,428989546,147022518,0,82,0,0,50#
62589,$JYJ,13311486260,20111101105310,116.361733,39.881882,428978773,147025651,26,86,1,1,50#
66627,$JYJ,13311495153,20111101105326,116.361237,39.885334,428976943,147038356,4,128,1,1,50#
25525,$JYJ,13311583874,20111101105115,116.367920,39.888817,429001634,147051240,23,178,1,1,50#
76701,$JYJ,13321183496,20111101105356,116.368347,39.883556,429003200,147031859,15,0,1,1,50#
79211,$JYJ,13331184784,20111101105400,116.363098,39.888016,428983836,147048272,2,268,0,0,50#
38943,$JYJ,13331185845,20111101105158,116.364967,39.887398,428990734,147045997,0,0,0,0,50#
2484,$JYJ,13301214878,20111101105504,116.368019,39.887383,429001985,147045936,23,174,1,1,50#
9236,$JYJ,13321174859,20111101105527,116.367920,39.886372,429001633,147042225,0,190,0,0,50#
35816,$JYJ,13331184784,20111101105653,116.367699,39.887688,429000791,147047075,2,146,1,1,50#
62080,$JYJ,13301184085,20111101110310,116.367897,39.887226,429001545,147045378,0,190,0,0,50#
92613,$JYJ,13301184085,20111101110444,116.368065,39.884613,429002167,147035744,41,178,1,1,50#
87684,$JYJ,13301214141,20111101110429,116.361649,39.887237,428978480,147045376,0,112,0,0,50#
94580,$JYJ,13321164499,20111101110448,116.367767,39.889080,429001076,147052191,10,190,1,1,50#
71078,$JYJ,13301214115,20111101110849,116.362846,39.887951,428982889,147048024,45,270,1,1,50#
20427,$JYJ,13311191457,20111101110606,116.365265,39.888016,428991830,147048275,28,266,1,1,50#
39694,$JYJ,13311487297,20111101110711,116.366997,39.881969,428998213,147026003,0,284,1,1,50#
14048,$JYJ,13370129523,20111101110549,116.361183,39.883758,428976771,147032554,4,2,1,1,50#
72960,$JYJ,13301174964,20111101111349,116.368019,39.887157,429002006,147045115,30,178,0,0,50#
90433,$JYJ,13301214263,20111101111433,116.361649,39.886471,428978452,147042564,0,0,0,0,50#
4975,$JYJ,13311021749,20111101111012,116.361465,39.887573,428977790,147046625,0,228,0,0,50#
17823,$JYJ,13311426052,20111101111059,116.361168,39.884510,428976690,147035331,6,348,1,1,50#
86549,$JYJ,13331194128,20111101111435,116.366417,39.888058,428996088,147048433,17,248,1,1,50#
59161,$JYJ,13311470410,20111101111819,116.361649,39.886387,428978461,147042258,17,16,1,1,50#
51160,$JYJ,13311495011,20111101111747,116.363449,39.887878,428985101,147047745,34,88,0,0,50#
11741,$JYJ,13331063423,20111101111533,116.367065,39.887764,428998468,147047365,34,84,0,0,50#
51292,$JYJ,13311486473,20111101112255,116.365982,39.888016,428994490,147048261,10,264,1,1,50#
44818,$JYJ,13301184092,20111101112716,116.367920,39.888771,429001641,147051081,15,176,1,1,50#
79403,$JYJ,13301184101,20111101112905,116.361015,39.882408,428976129,147027589,30,174,1,1,50#
27169,$JYJ,13311300954,20111101112620,116.364952,39.887985,428990669,147048146,32,268,1,1,50#
7771,$JYJ,13311431567,20111101112520,116.368034,39.880158,429002050,147019307,6,182,1,1,50#
64106,$JYJ,13331194849,20111101112821,116.368080,39.882072,429002213,147026365,2,168,0,0,50#
8289,$JYJ,13311162403,20111101113021,116.367104,39.887669,428998613,147047010,26,96,0,0,50#
23965,$JYJ,13321199304,20111101113114,116.364670,39.887836,428989635,147047602,10,108,0,0,50#
40923,$JYJ,13321199304,20111101113159,116.364769,39.887821,428990004,147047535,0,92,1,1,50#
3856,$JYJ,13311453326,20111101113507,116.369148,39.889744,429006163,147054649,21,88,0,0,50#
96887,$JYJ,13311490921,20111101113950,116.364616,39.887722,428989425,147047197,0,92,0,0,50#
39450,$JYJ,13381093064,20111101113655,116.363220,39.887852,428984258,147047670,15,100,0,0,50#
77260,$JYJ,13311022284,20111101114350,116.363930,39.888012,428986899,147048249,23,268,0,0,50#
21669,$JYJ,13331063441,20111101114109,116.367035,39.888077,428998382,147048490,38,266,1,1,50#
83246,$JYJ,13331156471,20111101114408,116.367897,39.881809,429001522,147025405,0,272,0,0,50#
18959,$JYJ,13311022284,20111101114556,116.361870,39.888191,428979275,147048887,0,0,1,1,50#
67721,$JYJ,13311431584,20111101114822,116.367966,39.887291,429001806,147045627,30,182,0,0,50#
54327,$JYJ,13311495172,20111101114743,116.368080,39.889977,429002205,147055496,10,176,1,1,50#
17727,$JYJ,13311576704,20111101114557,116.367500,39.888016,429000071,147048293,15,262,1,1,50#
99999,$JYJ,13331194940,20111101114956,116.367630,39.888191,429000561,147048915,2,246,0,0,50#
79532,$JYJ,13311431159,20111101115356,116.368652,39.888031,429004311,147048333,0,264,1,1,50#
34409,$JYJ,13311486350,20111101115143,116.368248,39.888519,429002848,147050137,2,182,0,0,50#
48867,$JYJ,13311492078,20111101115223,116.361816,39.886726,428979101,147043502,17,0,1,1,50#
33199,$JYJ,13331191140,20111101115133,116.364883,39.888115,428990402,147048630,0,292,0,0,50#
27228,$JYJ,13370122441,20111101115619,116.360664,39.885197,428974830,147037839,6,104,1,1,50#
49837,$JYJ,13311426456,20111101120231,116.367767,39.888153,429001087,147048777,0,260,1,1,50#
15245,$JYJ,13301156074,20111101120551,116.364914,39.887863,428990532,147047692,0,78,0,0,50#
50999,$JYJ,13301214220,20111101120759,116.367943,39.888615,429001704,147050481,12,184,0,0,50#
64004,$JYJ,13311021694,20111101120847,116.366783,39.882050,428997434,147026286,17,266,1,1,50#
77242,$JYJ,13311403240,20111101120938,116.362999,39.882134,428983463,147026578,0,272,0,0,50#
63501,$JYJ,13311489337,20111101120849,116.367363,39.888107,428999552,147048627,25,268,1,1,50#
58526,$JYJ,13331194256,20111101120827,116.367935,39.882412,429001662,147027628,0,166,0,0,50#
44788,$JYJ,13381068924,20111101120657,116.362953,39.888020,428983302,147048283,10,264,1,1,50#
79831,$JYJ,13311431305,20111101121452,116.367485,39.888142,429000007,147048728,8,270,0,0,50#
3508,$JYJ,13301214224,20111101121508,116.364563,39.881100,428989248,147022774,0,354,0,0,50#
35271,$JYJ,13301214224,20111101121721,116.368416,39.885365,429003469,147038510,21,338,1,1,50#
16976,$JYJ,13311431474,20111101121602,116.367981,39.884781,429001836,147036358,0,142,0,0,50#
65766,$JYJ,13381096549,20111101122927,116.368065,39.880733,429002158,147021444,34,178,0,0,50#
9978,$JYJ,13311403371,20111101123038,116.367981,39.886448,429001861,147042489,0,0,0,0,50#
11957,$JYJ,13311403538,20111101123023,116.361534,39.888351,428978051,147049503,0,198,0,0,50#
11901,$JYJ,13311492254,20111101123050,116.364670,39.880470,428989606,147020445,2,10,1,1,50#
64417,$JYJ,13311486350,20111101123849,116.365768,39.888103,428993696,147048607,21,264,1,1,50#
72082,$JYJ,13321164587,20111101123911,116.361885,39.887150,428979356,147045044,12,22,1,1,50#
44188,$JYJ,13301127412,20111101124233,116.362785,39.881855,428982661,147025555,0,70,0,0,50#
71164,$JYJ,13301127412,20111101124357,116.363716,39.881882,428986124,147025664,10,82,1,1,50#
37371,$JYJ,13301214685,20111101124207,116.360115,39.886646,428972816,147043193,0,122,0,0,50#
52663,$JYJ,13311492227,20111101124302,116.368019,39.889145,429002009,147052441,23,176,1,1,50#
41026,$JYJ,13321164787,20111101124219,116.361847,39.888748,428979208,147050952,10,330,0,0,50#
16888,$JYJ,13301214870,20111101124552,116.360268,39.888027,428973382,147048296,51,92,0,0,50#
53479,$JYJ,13301214870,20111101124751,116.361900,39.887279,428979408,147045553,4,12,1,1,50#
12512,$JYJ,13331187845,20111101124537,116.361504,39.885403,428977915,147038619,0,218,0,0,50#
51443,$JYJ,13331194892,20111101124745,116.363052,39.888050,428983676,147048383,15,258,1,1,50#
5526,$JYJ,13301127443,20111101125019,116.366303,39.881969,428995675,147025978,0,208,2,0,50#
44640,$JYJ,13301157498,20111101125229,116.368752,39.888241,429004696,147049100,0,270,0,0,50#
48905,$JYJ,13311426136,20111101125245,116.367950,39.886604,429001721,147043074,17,166,1,1,50#
37364,$JYJ,13311431481,20111101125156,116.368332,39.889423,429003158,147053463,0,182,1,1,50#
11766,$JYJ,13311489650,20111101125040,116.365448,39.887695,428992487,147047100,0,0,0,0,50#
71292,$JYJ,13321180421,20111101125401,116.368080,39.887646,429002223,147046934,0,142,0,0,50#
65920,$JYJ,13301214156,20111101125841,116.368080,39.889431,429002211,147053489,21,182,1,1,50#
71643,$JYJ,13311489481,20111101125900,116.368286,39.886791,429002970,147043774,0,36,0,0,50#
35452,$JYJ,13331184836,20111101125656,116.367935,39.880478,429001698,147020501,2,210,0,0,50#
76438,$JYJ,13370129321,20111101125912,116.361519,39.888004,428977997,147048194,4,6,0,0,50#
42429,$JYJ,13311453367,20111101130221,116.368446,39.883194,429003556,147030504,28,4,0,0,50#
81487,$JYJ,13311403642,20111101130923,116.368240,39.887169,429002814,147045178,0,0,0,0,50#
52502,$JYJ,13311470403,20111101130750,116.365059,39.885922,428991071,147040535,6,350,0,0,50#
12057,$JYJ,13311486282,20111101130540,116.364731,39.888035,428989836,147048324,0,282,1,1,50#
22609,$JYJ,13311488176,20111101130617,116.360313,39.888088,428973547,147048494,0,194,0,0,50#
16404,$JYJ,13311495071,20111101130554,116.364983,39.886383,428990770,147042246,0,176,0,0,50#
65230,$JYJ,13331194241,20111101130832,116.361847,39.887264,428979201,147045489,21,180,0,0,50#
61234,$JYJ,13311495058,20111101131303,116.366035,39.884720,428994688,147036139,2,6,0,0,50#
8234,$JYJ,13331063441,20111101131027,116.361084,39.884018,428976398,147033504,10,346,0,0,50#
24362,$JYJ,13370129569,20111101131111,116.367363,39.880215,428999581,147019535,0,280,0,0,50#
41266,$JYJ,13370129569,20111101131203,116.367401,39.880203,428999689,147019478,12,96,1,1,50#
49911,$JYJ,13311453323,20111101131751,116.367699,39.887581,429000823,147046683,10,140,0,0,50#
71685,$JYJ,13311453484,20111101131856,116.364983,39.887573,428990800,147046652,6,160,1,1,50#
62867,$JYJ,13301125457,20111101132310,116.366684,39.882023,428997072,147026169,38,274,0,0,50#
90042,$JYJ,13311480698,20111101132433,116.361099,39.883549,428976428,147031767,12,196,0,0,50#
87086,$JYJ,13370126467,20111101132424,116.361397,39.888046,428977522,147048347,23,266,1,1,50#
2946,$JYJ,13301125457,20111101132506,116.368034,39.880943,429002062,147022202,17,180,1,1,50#
433,$JYJ,13301174932,20111101132457,116.367897,39.887676,429001564,147047039,12,120,0,0,50#
48665,$JYJ,13301174932,20111101132733,116.367996,39.882004,429001907,147026112,0,270,1,1,50#
59380,$JYJ,13301254391,20111101132803,116.367867,39.887573,429001441,147046641,0,148,0,0,50#
85545,$JYJ,13321174725,20111101132923,116.361252,39.883862,428976985,147032943,6,58,0,0,50#
5404,$JYJ,13311486429,20111101133011,116.367867,39.880966,429001430,147022296,15,170,1,1,50#
56860,$JYJ,13311492105,20111101133249,116.364899,39.887703,428990474,147047117,13,88,1,1,50#
12113,$JYJ,13311470489,20111101133541,116.361649,39.888336,428978456,147049431,0,176,1,1,50#
61941,$JYJ,13311489500,20111101133821,116.368103,39.889931,429002320,147055358,13,172,1,1,50#
90335,$JYJ,13311577436,20111101133954,116.368881,39.887287,429005190,147045613,2,156,0,0,50#
12211,$JYJ,13301156487,20111101134037,116.367981,39.887321,429001854,147045723,15,188,0,0,50#
54388,$JYJ,13301156487,20111101134245,116.366921,39.881947,428997953,147025919,32,270,1,1,50#
58757,$JYJ,13311431042,20111101134258,116.361870,39.888344,428979287,147049445,12,244,1,1,50#
80092,$JYJ,13321164884,20111101134401,116.366867,39.880211,428997744,147019520,0,248,0,0,50#
62407,$JYJ,13381095543,20111101134309,116.368050,39.880249,429002098,147019655,17,170,1,1,50#
22193,$JYJ,13301208418,20111101134601,116.368034,39.889217,429002044,147052719,19,190,1,1,50#
72458,$JYJ,13311191438,20111101134847,116.367447,39.888035,428999903,147048347,13,268,1,1,50#
13114,$JYJ,13311489325,20111101134531,116.367981,39.882515,429001865,147027997,4,164,1,1,50#
57219,$JYJ,13301133949,20111101135302,116.367996,39.887363,429001920,147045887,13,168,1,1,50#
20556,$JYJ,13311403375,20111101135107,116.361130,39.883556,428976536,147031820,0,34,0,0,50#
65116,$JYJ,13331194735,20111101135335,116.367134,39.881935,428998734,147025872,6,106,0,0,50#
26307,$JYJ,13311470475,20111101135628,116.367416,39.880188,428999767,147019414,0,272,1,1,50#
36641,$JYJ,13311470475,20111101135708,116.367333,39.880215,428999458,147019521,0,270,0,0,50#
6818,$JYJ,13331194790,20111101135524,116.364670,39.880955,428989608,147022234,4,354,0,0,50#
74922,$JYJ,13301104091,20111101140355,116.367882,39.888756,429001483,147051000,19,190,1,1,50#
80324,$JYJ,13301204818,20111101140415,116.368080,39.880005,429002225,147018755,23,178,1,1,50#
72466,$JYJ,13331156442,20111101140350,116.368072,39.886398,429002183,147042316,19,172,1,1,50#
61906,$JYJ,13301204927,20111101140843,116.366180,39.887779,428995187,147047406,6,92,1,1,50#
77553,$JYJ,13331194818,20111101141407,116.361114,39.882912,428976504,147029437,21,2,1,1,50#
8861,$JYJ,13331063414,20111101141524,116.368416,39.880764,429003447,147021564,0,6,0,0,50#
28518,$JYJ,13381232428,20111101141628,116.360169,39.888077,428973023,147048480,4,274,0,0,50#
50864,$JYJ,13311487275,20111101142229,116.362984,39.888035,428983381,147048338,4,278,1,1,50#
80969,$JYJ,13381101664,20111101142404,116.367462,39.888077,428999944,147048521,0,0,1,1,50#
2997,$JYJ,13301214862,20111101142507,116.361931,39.887608,428979533,147046734,17,86,1,1,50#
9218,$JYJ,13311403659,20111101142523,116.366119,39.882000,428994969,147026090,38,274,1,1,50#
33501,$JYJ,13311495104,20111101142642,116.365517,39.882088,428992750,147026407,26,270,1,1,50#
106320,$JYJ,13301214204,20111101143421,116.368050,39.885258,429002102,147038129,21,188,0,0,50#
65058,$JYJ,13331154803,20111101143241,116.367966,39.888866,429001805,147051427,21,178,1,1,50#
71789,$JYJ,13331194865,20111101143255,116.366669,39.888073,428997008,147048504,2,274,1,1,50#
1596,$JYJ,13301156064,20111101143502,116.368416,39.886894,429003481,147044139,0,352,0,0,50#
6141,$JYJ,13301214204,20111101143509,116.368149,39.884373,429002478,147034846,47,178,1,1,50#
25588,$JYJ,13301214607,20111101143604,116.363167,39.888237,428984084,147049060,0,248,1,1,50#
18210,$JYJ,13311020014,20111101143545,116.364586,39.888012,428989328,147048260,32,268,0,0,50#
45374,$JYJ,13311020014,20111101143648,116.362617,39.888039,428982049,147048351,25,270,1,1,50#
103591,$JYJ,13311403382,20111101143915,116.367981,39.880825,429001846,147021768,8,156,1,1,50#
55561,$JYJ,13331154926,20111101143722,116.366867,39.887562,428997761,147046590,34,92,0,0,50#
33474,$JYJ,13331156425,20111101143624,116.361916,39.888054,428979438,147048405,17,298,0,0,50#
71536,$JYJ,13301277620,20111101144257,116.367683,39.880180,429000754,147019387,10,260,0,0,50#
42998,$JYJ,13311495104,20111101144146,116.361114,39.887970,428976494,147048093,19,270,1,1,50#
11990,$JYJ,13301214112,20111101144527,116.367935,39.887562,429001670,147046606,0,172,0,0,50#
89163,$JYJ,13311470480,20111101144846,116.361519,39.888718,428978013,147050823,30,188,1,1,50#
117459,$JYJ,13311492234,20111101144954,116.362099,39.888237,428980135,147049062,0,292,0,0,50#
46153,$JYJ,13311495038,20111101144656,116.365837,39.880138,428993923,147019217,19,100,0,0,50#
56297,$JYJ,13331111422,20111101144721,116.367500,39.888073,429000064,147048475,19,268,1,1,50#
867,$JYJ,13301155149,20111101144957,116.367065,39.885315,428998465,147038306,4,292,0,0,50#
71760,$JYJ,13301209495,20111101145303,116.361183,39.887974,428976733,147048093,19,262,1,1,50#
38558,$JYJ,13311191453,20111101145136,116.367882,39.887665,429001504,147046981,10,146,0,0,50#
58772,$JYJ,13311191453,20111101145230,116.368050,39.887531,429002121,147046493,19,170,1,1,50#
23269,$JYJ,13311426140,20111101145102,116.368332,39.883358,429003148,147031113,15,358,1,1,50#
71965,$JYJ,13311486380,20111101145303,116.361336,39.885288,428977332,147038208,0,234,0,0,50#
115178,$JYJ,13301157544,20111101145947,116.364601,39.888027,428989384,147048294,13,262,1,1,50#
110293,$JYJ,13311162479,20111101145935,116.361168,39.882534,428976706,147028034,17,354,0,0,50#
13728,$JYJ,13311431098,20111101145535,116.368446,39.889912,429003590,147055289,12,346,1,1,50#
408,$JYJ,13331159418,20111101145457,116.366386,39.888023,428995964,147048314,26,266,1,1,50#
26694,$JYJ,13311431315,20111101150104,116.367950,39.881702,429001746,147025015,19,180,1,1,50#
46169,$JYJ,13331063405,20111101150152,116.368797,39.888340,429004868,147049488,15,344,1,1,50#
77141,$JYJ,13311495239,20111101150816,116.367615,39.888084,429000506,147048540,17,244,1,1,50#
87974,$JYJ,13331156453,20111101150846,116.365150,39.887371,428991412,147045878,6,2,0,0,50#
106995,$JYJ,13301157432,20111101151454,116.366715,39.880112,428997181,147019142,8,86,0,0,50#
79360,$JYJ,13311492267,20111101151340,116.368698,39.888294,429004519,147049303,12,344,1,1,50#
44312,$JYJ,13301157432,20111101151657,116.367920,39.880119,429001635,147019157,13,154,1,1,50#
91412,$JYJ,13301254097,20111101151854,116.367348,39.888039,428999515,147048363,26,266,1,1,50#
90775,$JYJ,13311403367,20111101151853,116.361198,39.881641,428976807,147024751,15,90,0,0,50#
35619,$JYJ,13311566994,20111101151635,116.361687,39.887638,428978619,147046866,0,198,0,0,50#
25316,$JYJ,13301214754,20111101152105,116.367950,39.886333,429001735,147042065,12,184,0,0,50#
48524,$JYJ,13311426478,20111101152205,116.366814,39.887936,428997555,147047998,28,268,1,1,50#
20682,$JYJ,13311453336,20111101152054,116.363670,39.882065,428985925,147026312,0,272,0,0,50#
113185,$JYJ,13321183419,20111101152455,116.365265,39.885548,428991819,147039178,0,358,0,0,50#
76734,$JYJ,13301155224,20111101152739,116.361351,39.885231,428977377,147037966,15,14,1,1,50#
11364,$JYJ,13301156304,20111101152527,116.361649,39.887314,428978479,147045656,10,100,0,0,50#
37872,$JYJ,13301156304,20111101152636,116.361870,39.887196,428979269,147045224,12,174,1,1,50#
50543,$JYJ,13311490932,20111101152711,116.361702,39.885845,428978689,147040254,25,354,0,0,50#
63044,$JYJ,13311490932,20111101152744,116.361649,39.886341,428978453,147042091,17,22,1,1,50#
39823,$JYJ,13311566994,20111101152640,116.368568,39.889011,429004014,147051962,0,12,0,0,50#
30405,$JYJ,13301155074,20111101153113,116.369850,39.887619,429008757,147046843,28,84,1,1,50#
82291,$JYJ,13311162491,20111101153341,116.366234,39.887783,428995411,147047410,0,116,0,0,50#
15874,$JYJ,13331063478,20111101153042,116.365982,39.887997,428994480,147048219,21,268,1,1,50#
3476,$JYJ,13370189219,20111101153009,116.368500,39.888985,429003783,147051843,12,344,1,1,50#
24562,$JYJ,13301125447,20111101153601,116.361534,39.887745,428978061,147047251,4,50,0,0,50#
4562,$JYJ,13301125467,20111101153509,116.367897,39.887230,429001528,147045380,6,176,0,0,50#
59103,$JYJ,13301156487,20111101153734,116.367981,39.887363,429001875,147045887,10,186,0,0,50#
7325,$JYJ,13311162491,20111101153515,116.367981,39.886238,429001845,147041735,19,160,1,1,50#
24314,$JYJ,13381153621,20111101153603,116.361900,39.887116,428979392,147044938,0,338,0,0,50#
110462,$JYJ,13301156429,20111101154931,116.361748,39.888046,428978845,147048375,15,10,0,0,50#
26014,$JYJ,13331194079,20111101154607,116.367081,39.882011,428998507,147026137,0,268,0,0,50#
96025,$JYJ,13381232480,20111101154858,116.368515,39.887306,429003830,147045660,19,80,1,1,50#
82521,$JYJ,13311453279,20111101155328,116.368416,39.889648,429003471,147054289,23,350,1,1,50#
36276,$JYJ,13311480660,20111101155129,116.366753,39.888031,428997303,147048347,45,268,0,0,50#
43502,$JYJ,13311486450,20111101155151,116.368050,39.887508,429002099,147046426,0,176,0,0,50#
51970,$JYJ,13331050349,20111101155206,116.368530,39.888100,429003881,147048585,2,230,0,0,50#
28422,$JYJ,13381083480,20111101155111,116.367149,39.888004,428998799,147048253,25,264,1,1,50#
22967,$JYJ,13301164924,20111101155554,116.364250,39.882099,428988076,147026442,32,276,1,1,50#
96000,$JYJ,13311490909,20111101155859,116.363686,39.887844,428985974,147047635,0,94,0,0,50#
108416,$JYJ,13311490909,20111101155934,116.364700,39.887821,428989737,147047537,10,66,1,1,50#
25460,$JYJ,13331194762,20111101155607,116.361733,39.886726,428978790,147043484,15,354,1,1,50#
15888,$JYJ,13301155472,20111101160041,116.368584,39.889580,429004061,147054064,0,76,0,0,50#
6045,$JYJ,13321164502,20111101160016,116.368950,39.889671,429005433,147054382,2,94,0,0,50#
76129,$JYJ,13301104151,20111101160811,116.367767,39.888100,429001060,147048575,19,276,0,0,50#
7706,$JYJ,13331194447,20111101160516,116.367447,39.888050,428999903,147048415,26,264,1,1,50#
102254,$JYJ,13370126477,20111101160916,116.364563,39.880718,428989215,147021359,0,186,0,0,50#
33601,$JYJ,13311495024,20111101161140,116.361366,39.886494,428977439,147042641,2,48,0,0,50#
52203,$JYJ,13311022264,20111101161716,116.367966,39.881084,429001800,147022726,21,170,1,1,50#
10947,$JYJ,13311431481,20111101161532,116.367981,39.889221,429001861,147052737,0,196,1,1,50#
72510,$JYJ,13311487158,20111101161810,116.364655,39.880695,428989559,147021292,4,0,0,0,50#
50351,$JYJ,13311566486,20111101161715,116.361000,39.882839,428976073,147029179,17,174,1,1,50#
62018,$JYJ,13311570479,20111101161736,116.364914,39.888103,428990509,147048585,0,314,0,0,50#
6351,$JYJ,13311486345,20111101162017,116.367966,39.881123,429001788,147022861,32,176,0,0,50#
80069,$JYJ,13311486562,20111101162322,116.368431,39.883221,429003501,147030595,23,352,1,1,50#
34719,$JYJ,13321174872,20111101162125,116.361931,39.888050,428979498,147048389,6,296,0,0,50#
63587,$JYJ,13321174872,20111101162245,116.361031,39.887959,428976211,147048042,6,258,1,1,50#
101506,$JYJ,13331154815,20111101162424,116.367813,39.888111,429001227,147048641,8,244,1,1,50#
104391,$JYJ,13331154815,20111101162431,116.367516,39.888054,429000147,147048405,17,266,0,0,50#
103303,$JYJ,13331187089,20111101162401,116.366882,39.887955,428997812,147048059,21,262,1,1,50#
97221,$JYJ,13370122406,20111101162410,116.367996,39.889095,429001916,147052253,8,190,1,1,50#
13154,$JYJ,13381100994,20111101162031,116.364952,39.887611,428990663,147046761,6,52,1,1,50#
51244,$JYJ,13301156641,20111101162710,116.364769,39.881577,428989992,147024528,6,188,0,0,50#
40497,$JYJ,13311426287,20111101162642,116.368500,39.882461,429003773,147027796,0,12,0,0,50#
100465,$JYJ,13311431523,20111101162915,116.367950,39.884464,429001751,147035198,0,142,0,0,50#
61147,$JYJ,13311489567,20111101162742,116.361114,39.884087,428976502,147033749,0,120,1,1,50#
33985,$JYJ,13311492254,20111101162630,116.367416,39.887810,428999748,147047512,0,92,0,0,50#
59014,$JYJ,13331194651,20111101162736,116.368370,39.886261,429003273,147041831,0,182,0,0,50#
81377,$JYJ,13331194698,20111101162827,116.360268,39.887905,428973369,147047842,43,272,0,0,50#
20037,$JYJ,13301156741,20111101163052,116.368851,39.888161,429005083,147048837,0,266,1,1,50#
9748,$JYJ,13301272217,20111101163024,116.368431,39.883316,429003506,147030971,0,6,0,0,50#
71198,$JYJ,13311470464,20111101163309,116.369415,39.887707,429007149,147047166,32,86,1,1,50#
82000,$JYJ,13311480725,20111101163336,116.367470,39.888039,428999948,147048374,25,266,1,1,50#
10912,$JYJ,13311489567,20111101163031,116.368034,39.886650,429002056,147043257,0,182,0,0,50#
56539,$JYJ,13331194651,20111101163231,116.361114,39.883404,428976506,147031242,12,350,1,1,50#
27750,$JYJ,13311191481,20111101163636,116.367950,39.880745,429001733,147021467,4,138,1,1,50#
49725,$JYJ,13311486563,20111101163759,116.362396,39.881867,428981243,147025600,0,0,0,0,50#
78616,$JYJ,13311486563,20111101163923,116.362396,39.881867,428981234,147025571,0,0,0,0,50#
30973,$JYJ,13311489567,20111101163649,116.364983,39.887665,428990778,147046982,12,74,1,1,50#
43515,$JYJ,13381100364,20111101163737,116.367981,39.889080,429001853,147052196,0,190,1,1,50#
9805,$JYJ,13311486223,20111101164027,116.361580,39.887169,428978212,147045117,0,238,0,0,50#
39784,$JYJ,13311487227,20111101164143,116.361633,39.886433,428978395,147042418,26,184,0,0,50#
50644,$JYJ,13321180064,20111101164206,116.365753,39.887734,428993609,147047225,12,92,1,1,50#
56254,$JYJ,13381068994,20111101164221,116.367737,39.888088,429000954,147048565,28,270,0,0,50#
98549,$JYJ,13331038624,20111101164914,116.366020,39.888050,428994632,147048413,30,264,1,1,50#
52718,$JYJ,13301156470,20111101165216,116.361847,39.887421,428979202,147046069,13,142,0,0,50#
68056,$JYJ,13301156470,20111101165253,116.361801,39.886970,428979052,147044401,17,226,1,1,50#
26176,$JYJ,13301214860,20111101165107,116.366921,39.887836,428997936,147047628,41,90,0,0,50#
22093,$JYJ,13311492071,20111101165059,116.361832,39.881969,428979139,147025956,4,232,0,0,50#
17920,$JYJ,13301204971,20111101165546,116.367950,39.887188,429001753,147045245,17,178,0,0,50#
31775,$JYJ,13301204971,20111101165620,116.367882,39.886452,429001499,147042502,0,156,1,1,50#
32821,$JYJ,13311426103,20111101165619,116.368301,39.883167,429003026,147030398,15,344,1,1,50#
82296,$JYJ,13311486594,20111101165836,116.368431,39.889439,429003511,147053525,8,342,1,1,50#
54050,$JYJ,13331194347,20111101165719,116.367851,39.885757,429001370,147039971,2,186,0,0,50#
79956,$JYJ,13301214146,20111101170345,116.368469,39.886272,429003673,147041873,0,348,0,0,50#
17669,$JYJ,13311021064,20111101170047,116.365768,39.887989,428993686,147048180,6,268,1,1,50#
1306,$JYJ,13311564354,20111101170004,116.367317,39.888042,428999401,147048389,13,266,1,1,50#
285,$JYJ,13331194060,20111101165959,116.367416,39.887978,428999779,147048125,17,264,1,1,50#
7043,$JYJ,13381066684,20111101170015,116.364716,39.880169,428989811,147019354,4,188,0,0,50#
55586,$JYJ,13311453206,20111101170717,116.363083,39.881931,428983776,147025835,15,266,1,1,50#
51356,$JYJ,13331093416,20111101170708,116.364548,39.888016,428989163,147048269,12,254,1,1,50#
66733,$JYJ,13381069334,20111101170743,116.363152,39.882271,428984000,147027083,15,268,1,1,50#
31064,$JYJ,13381096549,20111101170617,116.365097,39.887810,428991226,147047511,21,86,1,1,50#
59394,$JYJ,13301204947,20111101171230,116.365730,39.888157,428993534,147048782,0,276,1,1,50#
82809,$JYJ,13381063242,20111101171327,116.368484,39.883442,429003690,147031415,0,18,0,0,50#
16686,$JYJ,13381100994,20111101171038,116.367966,39.888359,429001815,147049551,10,180,1,1,50#
19042,$JYJ,13311495072,20111101171546,116.368584,39.886906,429004087,147044183,0,18,0,0,50#
8371,$JYJ,13321174819,20111101172022,116.361816,39.886330,428979101,147042043,2,180,0,0,50#
68465,$JYJ,13331093458,20111101172251,116.368301,39.883865,429003022,147032979,36,352,1,1,50#
110921,$JYJ,13331194381,20111101172430,116.361565,39.888126,428978178,147048643,4,306,0,0,50#
732,$JYJ,13370189101,20111101172003,116.369316,39.889793,429006804,147054842,12,88,0,0,50#
7823,$JYJ,13301214247,20111101172520,116.367935,39.880409,429001674,147020242,0,232,0,0,50#
64258,$JYJ,13321180304,20111101173738,116.365013,39.887672,428990904,147046990,0,80,0,0,50#
94271,$JYJ,13301174915,20111101174348,116.367798,39.886650,429001190,147043248,0,216,0,0,50#
100810,$JYJ,13301174915,20111101174409,116.367813,39.886612,429001245,147043103,8,162,1,1,50#
86995,$JYJ,13301174937,20111101174259,116.361954,39.888668,428979593,147050665,0,6,1,1,50#
40987,$JYJ,13301254087,20111101174144,116.364632,39.880745,428989496,147021465,0,188,0,0,50#
68684,$JYJ,13311487155,20111101174251,116.367798,39.887882,429001170,147047803,8,86,0,0,50#
20751,$JYJ,13321199464,20111101174051,116.368301,39.881668,429003045,147024868,15,0,1,1,50#
57899,$JYJ,13331184919,20111101174220,116.364967,39.888039,428990732,147048358,8,264,1,1,50#
35746,$JYJ,13311487155,20111101174627,116.361900,39.888805,428979407,147051179,0,2,1,1,50#
32943,$JYJ,13331111471,20111101174619,116.368500,39.882893,429003753,147029402,13,354,0,0,50#
62412,$JYJ,13331111471,20111101174737,116.368484,39.883255,429003703,147030740,15,354,1,1,50#
37795,$JYJ,13331194559,20111101174637,116.368103,39.880364,429002299,147020085,51,180,0,0,50#
96960,$JYJ,13311489619,20111101175403,116.367920,39.888954,429001610,147051744,4,180,1,1,50#
103574,$JYJ,13381068344,20111101175415,116.367920,39.889160,429001647,147052505,0,202,0,0,50#
94212,$JYJ,13311487293,20111101175855,116.366432,39.888008,428996130,147048262,25,266,1,1,50#
47989,$JYJ,13311489380,20111101175700,116.361649,39.887127,428978485,147044978,15,184,1,1,50#
98819,$JYJ,13311565984,20111101175904,116.368065,39.884987,429002157,147037107,23,178,2,0,50#
65868,$JYJ,13311431596,20111101180239,116.366180,39.887787,428995214,147047446,0,0,0,0,50#
81772,$JYJ,13301254312,20111101180820,116.367531,39.885483,429000185,147038927,2,314,0,0,50#
103217,$JYJ,13311426360,20111101180915,116.367897,39.886475,429001533,147042590,0,200,0,0,50#
3184,$JYJ,13321164907,20111101180504,116.367653,39.884930,429000651,147036895,4,156,0,0,50#
45254,$JYJ,13381095304,20111101180655,116.365501,39.882069,428992679,147026333,26,266,1,1,50#
72246,$JYJ,13301164971,20111101181259,116.362747,39.881935,428982533,147025838,8,90,1,1,50#
68433,$JYJ,13311492052,20111101181248,116.366386,39.887726,428995969,147047222,0,0,0,0,50#
71085,$JYJ,13311492052,20111101181259,116.366364,39.887726,428995868,147047210,8,96,1,1,50#
34717,$JYJ,13301254171,20111101181627,116.360252,39.887970,428973299,147048068,0,280,3,0,50#
95620,$JYJ,13311426480,20111101181858,116.364754,39.887794,428989946,147047447,12,122,0,0,50#
93963,$JYJ,13311492230,20111101181855,116.369949,39.888023,429009121,147048332,0,268,1,1,50#
105604,$JYJ,13331185184,20111101181924,116.360969,39.882847,428975961,147029191,0,240,0,0,50#
28267,$JYJ,13311470373,20111101182110,116.368866,39.887703,429005117,147047126,4,84,1,1,50#
104119,$JYJ,13311426128,20111101183417,116.361687,39.887402,428978617,147045983,25,176,0,0,50#
63101,$JYJ,13311487248,20111101183240,116.362167,39.888195,428980375,147048902,0,286,0,0,50#
115457,$JYJ,13321189848,20111101183446,116.368019,39.887665,429002014,147046997,6,124,1,1,50#
91012,$JYJ,13331156435,20111101183345,116.366753,39.888100,428997297,147048596,2,260,1,1,50#
108938,$JYJ,13311563466,20111101183925,116.363884,39.881969,428986730,147025988,36,268,0,0,50#
117185,$JYJ,13321164770,20111101183950,116.367950,39.881031,429001732,147022546,6,192,0,0,50#
26053,$JYJ,13331159411,20111101183603,116.362282,39.888008,428980814,147048210,34,268,0,0,50#
91753,$JYJ,13331194656,20111101183849,116.367683,39.888107,429000756,147048630,8,246,1,1,50#
7497,$JYJ,13301214615,20111101184017,116.367798,39.880791,429001170,147021660,0,198,0,0,50#
19499,$JYJ,13311426221,20111101184045,116.366348,39.881908,428995806,147025761,26,88,0,0,50#
30268,$JYJ,13311563466,20111101184110,116.361015,39.883240,428976135,147030643,8,184,1,1,50#
57985,$JYJ,13311431552,20111101184719,116.366516,39.885025,428996437,147037237,0,198,0,0,50#
70216,$JYJ,13311486585,20111101184755,116.367882,39.880253,429001483,147019678,0,0,0,0,50#
71542,$JYJ,13311486585,20111101184759,116.367882,39.880253,429001494,147019649,0,0,0,0,50#
50344,$JYJ,13331154782,20111101184706,116.368408,39.882412,429003436,147027634,17,356,1,1,50#
32428,$JYJ,13301125400,20111101185119,116.360733,39.888275,428975102,147049187,17,270,1,1,50#
8487,$JYJ,13311426067,20111101184947,116.360336,39.882038,428973616,147026191,17,274,1,1,50#
12104,$JYJ,13311426405,20111101185032,116.365059,39.886951,428991045,147044330,0,0,0,0,50#
99568,$JYJ,13331184791,20111101185407,116.367050,39.885323,428998437,147038345,12,270,0,0,50#
71893,$JYJ,13301214861,20111101185801,116.363617,39.888111,428985752,147048614,10,270,0,0,50#
5991,$JYJ,13331063487,20111101185514,116.367333,39.888046,428999439,147048406,2,296,0,0,50#
40197,$JYJ,13331063487,20111101185642,116.363380,39.887989,428984877,147048177,0,268,1,1,50#
52816,$JYJ,13311025843,20111101190710,116.367264,39.888050,428999187,147048415,17,262,1,1,50#
100896,$JYJ,13311426270,20111101190914,116.367920,39.887760,429001618,147047330,21,88,1,1,50#
25495,$JYJ,13311492057,20111101190602,116.361664,39.889389,428978515,147053308,21,0,0,0,50#
83331,$JYJ,13311492057,20111101190825,116.366165,39.887791,428995162,147047435,23,94,1,1,50#
23333,$JYJ,13381096549,20111101190558,116.367996,39.887344,429001897,147045792,15,164,1,1,50#
24893,$JYJ,13301214758,20111101191104,116.361183,39.885323,428976730,147038333,12,14,1,1,50#
107998,$JYJ,13311486585,20111101191434,116.367882,39.880253,429001479,147019677,0,0,0,0,50#
87896,$JYJ,13381083490,20111101191335,116.361580,39.888794,428978236,147051133,2,4,0,0,50#
74511,$JYJ,13301155495,20111101191802,116.367050,39.888046,428998409,147048402,15,262,1,1,50#
50077,$JYJ,13311453473,20111101191702,116.367897,39.884678,429001557,147035983,0,184,0,0,50#
92752,$JYJ,13311486250,20111101191847,116.367485,39.888061,429000024,147048455,4,272,0,0,50#
88286,$JYJ,13311489567,20111101191841,116.366997,39.881992,428998220,147026089,21,276,0,0,50#
33311,$JYJ,13321164401,20111101191621,116.364418,39.888081,428988705,147048514,28,76,1,1,50#
32171,$JYJ,13311486250,20111101192118,116.360817,39.887985,428975421,147048128,13,286,1,1,50#
61361,$JYJ,13381095548,20111101192231,116.368416,39.883003,429003444,147029800,10,352,1,1,50#
49580,$JYJ,13311426031,20111101192701,116.367599,39.887940,429000434,147048010,12,268,1,1,50#
36474,$JYJ,13311426479,20111101192633,116.365196,39.882004,428991566,147026101,8,106,0,0,50#
58613,$JYJ,13311431497,20111101192723,116.360001,39.888142,428972397,147048690,0,108,0,0,50#
104878,$JYJ,13311563466,20111101192902,116.361237,39.881790,428976930,147025312,8,82,1,1,50#
93783,$JYJ,13311577745,20111101192851,116.361084,39.883518,428976400,147031673,0,12,0,0,50#
81995,$JYJ,13321164495,20111101192821,116.367569,39.887543,429000326,147046524,4,176,0,0,50#
108234,$JYJ,13381101774,20111101192926,116.361687,39.886990,428978616,147044473,0,168,0,0,50#
17012,$JYJ,13311431491,20111101193047,116.366768,39.888035,428997371,147048361,0,278,0,0,50#
47085,$JYJ,13311431491,20111101193159,116.365715,39.888004,428993500,147048220,10,246,1,1,50#
43242,$JYJ,13311486345,20111101193148,116.367516,39.888054,429000144,147048425,0,276,0,0,50#
87328,$JYJ,13311486345,20111101193337,116.361336,39.887940,428977318,147047971,39,270,1,1,50#
97868,$JYJ,13311487160,20111101193407,116.366615,39.880176,428996807,147019361,0,276,0,0,50#
13280,$JYJ,13321164496,20111101193035,116.366165,39.882278,428995134,147027111,4,160,0,0,50#
33968,$JYJ,13321164496,20111101193125,116.365883,39.882355,428994113,147027391,10,254,1,1,50#
63722,$JYJ,13321164908,20111101193236,116.367554,39.887974,429000281,147048142,17,270,1,1,50#
81060,$JYJ,13331194188,20111101193823,116.361534,39.887341,428978057,147045749,2,224,0,0,50#
103511,$JYJ,13331194312,20111101193914,116.361649,39.887116,428978452,147044933,0,198,0,0,50#
95070,$JYJ,13381083494,20111101193854,116.364899,39.888130,428990481,147048696,10,292,0,0,50#
53313,$JYJ,13301155542,20111101194214,116.362732,39.887714,428982454,147047132,0,96,0,0,50#
101379,$JYJ,13311470454,20111101194416,116.367584,39.888077,429000377,147048494,6,266,1,1,50#
83553,$JYJ,13331154763,20111101194333,116.365951,39.887974,428994344,147048105,0,0,1,1,50#
24760,$JYJ,13301155443,20111101194601,116.362732,39.888077,428982476,147048491,17,264,1,1,50#
82639,$JYJ,13311403263,20111101194826,116.364769,39.888023,428990009,147048287,19,254,1,1,50#
43320,$JYJ,13331154953,20111101194650,116.367966,39.882477,429001784,147027848,0,184,0,0,50#
115825,$JYJ,13301174902,20111101195451,116.361870,39.888531,428979290,147050153,25,158,0,0,50#
77821,$JYJ,13311487104,20111101195320,116.361786,39.889462,428978977,147053592,12,178,1,1,50#
19004,$JYJ,13321164485,20111101195041,116.367233,39.882103,428999111,147026490,4,280,0,0,50#
47392,$JYJ,13321164485,20111101195159,116.366898,39.882084,428997850,147026403,10,270,1,1,50#
76836,$JYJ,13331093491,20111101195313,116.360169,39.887669,428972987,147046954,2,172,0,0,50#
43347,$JYJ,13311453295,20111101195709,116.361786,39.888386,428978972,147049600,0,2,0,0,50#
92230,$JYJ,13311453295,20111101195927,116.360969,39.887959,428975970,147048030,0,266,1,1,50#
88634,$JYJ,13311495335,20111101195922,116.364868,39.887905,428990352,147047873,10,88,1,1,50#
21968,$JYJ,13331154763,20111101195555,116.367981,39.889065,429001836,147052160,13,180,1,1,50#
93784,$JYJ,13381066544,20111101195934,116.368050,39.889603,429002114,147054120,0,194,0,0,50#
53630,$JYJ,13311426406,20111101200214,116.361351,39.888123,428977364,147048637,4,284,1,1,50#
87095,$JYJ,13301214130,20111101200838,116.368431,39.881580,429003508,147024574,15,354,1,1,50#
7659,$JYJ,13311453494,20111101200519,116.367287,39.887775,428999311,147047389,6,280,1,1,50#
100066,$JYJ,13331187096,20111101200912,116.364914,39.880100,428990520,147019076,6,148,0,0,50#
63591,$JYJ,13301208423,20111101201236,116.362282,39.881882,428980804,147025636,32,86,0,0,50#
46221,$JYJ,13311426039,20111101201154,116.367996,39.887558,429001917,147046579,0,192,0,0,50#
39611,$JYJ,13311495314,20111101201136,116.364983,39.887840,428990785,147047637,8,90,1,1,50#
109823,$JYJ,13331154929,20111101201434,116.361870,39.889786,428979279,147054783,15,172,1,1,50#
113271,$JYJ,13331194238,20111101201441,116.364830,39.888058,428990216,147048425,0,84,0,0,50#
42765,$JYJ,13311403167,20111101201645,116.362968,39.882061,428983323,147026311,6,270,0,0,50#
29664,$JYJ,13311492129,20111101201613,116.364754,39.881184,428989939,147023081,34,182,0,0,50#
35372,$JYJ,13301214224,20111101202107,116.365097,39.887779,428991186,147047406,0,92,0,0,50#
77648,$JYJ,13311403489,20111101202318,116.362122,39.887775,428980230,147047363,17,94,0,0,50#
30,$JYJ,13311403503,20111101201958,116.365219,39.888042,428991673,147048355,17,266,1,1,50#
22504,$JYJ,13311453283,20111101202055,116.361580,39.882046,428978197,147026243,10,272,1,1,50#
120193,$JYJ,13311486427,20111101202501,116.362366,39.887569,428981113,147046598,34,86,1,1,50#
74142,$JYJ,13311495014,20111101202309,116.363197,39.888100,428984211,147048554,15,268,1,1,50#
5607,$JYJ,13331154902,20111101201922,116.364700,39.880730,428989716,147021409,12,2,0,0,50#
5748,$JYJ,13331154902,20111101202016,116.364716,39.881020,428989776,147022490,8,16,1,1,50#
11627,$JYJ,13311403489,20111101202530,116.366203,39.887817,428995286,147047547,21,70,1,1,50#
83263,$JYJ,13311480737,20111101202756,116.361916,39.886360,428979469,147042148,13,4,1,1,50#
2475,$JYJ,13321164853,20111101203005,116.366096,39.887772,428994896,147047379,17,102,0,0,50#
92350,$JYJ,13321164853,20111101203350,116.364250,39.882065,428988077,147026335,15,268,1,1,50#
16237,$JYJ,13381102024,20111101203042,116.365364,39.888054,428992178,147048394,0,268,1,1,50#
103566,$JYJ,13311495131,20111101203918,116.368416,39.889904,429003444,147055247,10,358,1,1,50#
87574,$JYJ,13331063435,20111101203834,116.365364,39.881908,428992190,147025762,23,86,1,1,50#
100650,$JYJ,13381068964,20111101203907,116.368019,39.886330,429002004,147042070,25,182,1,1,50#
106195,$JYJ,13311486391,20111101204438,116.361435,39.888061,428977686,147048423,0,286,1,1,50#
45569,$JYJ,13311570448,20111101204207,116.364983,39.887802,428990767,147047464,10,82,1,1,50#
55959,$JYJ,13331194429,20111101204236,116.361061,39.883343,428976293,147031004,19,6,0,0,50#
38411,$JYJ,13331194958,20111101204153,116.368416,39.889385,429003467,147053338,0,4,0,0,50#
94341,$JYJ,13311486475,20111101204855,116.365234,39.881893,428991724,147025694,4,124,0,0,50#
98297,$JYJ,13311486548,20111101204906,116.367500,39.888027,429000101,147048328,12,264,1,1,50#
72602,$JYJ,13311578044,20111101204802,116.365433,39.887836,428992433,147047606,26,96,1,1,50#
100614,$JYJ,13321199945,20111101204915,116.361816,39.888435,428979102,147049800,0,260,0,0,50#
79018,$JYJ,13311021784,20111101205320,116.362282,39.887817,428980814,147047532,30,86,1,1,50#
117135,$JYJ,13321164568,20111101205458,116.368469,39.883354,429003634,147031103,8,358,0,0,50#
113291,$JYJ,13331194144,20111101205449,116.363113,39.881897,428983869,147025695,2,118,0,0,50#
73897,$JYJ,13301214887,20111101205804,116.363098,39.881950,428983833,147025885,12,146,0,0,50#
82881,$JYJ,13301214887,20111101205831,116.363617,39.881889,428985734,147025662,13,84,1,1,50#
36682,$JYJ,13311403219,20111101205637,116.364235,39.881908,428988029,147025752,0,86,0,0,50#
91374,$JYJ,13311486230,20111101205851,116.366547,39.885502,428996550,147039016,0,68,0,0,50#
21779,$JYJ,13321164568,20111101205559,116.368568,39.883457,429004041,147031482,12,348,1,1,50#
1762,$JYJ,13311426031,20111101205959,116.365181,39.887886,428991506,147047796,13,78,1,1,50#
114568,$JYJ,13311453241,20111101210446,116.369606,39.887669,429007854,147047000,0,40,0,0,50#
43523,$JYJ,13311486230,20111101210150,116.368103,39.880245,429002303,147019653,19,174,1,1,50#
85971,$JYJ,13311490918,20111101210332,116.366280,39.888065,428995557,147048467,12,84,1,1,50#
68534,$JYJ,13331185824,20111101210249,116.368332,39.888210,429003135,147049005,19,356,0,0,50#
97488,$JYJ,13331194559,20111101210135,116.363884,39.888088,428986735,147048515,17,276,1,1,50#
18175,$JYJ,13381063294,20111101210043,116.367119,39.885391,428998663,147038611,21,86,1,1,50#
95650,$JYJ,13301164973,20111101211359,116.367317,39.881969,428999379,147025981,0,294,0,0,50#
35220,$JYJ,13311577745,20111101211125,116.368484,39.888172,429003709,147048876,15,14,0,0,50#
26722,$JYJ,13301208451,20111101211605,116.365234,39.888023,428991729,147048304,26,274,0,0,50#
242,$JYJ,13301214049,20111101211502,116.367599,39.888061,429000454,147048437,23,264,1,1,50#
67957,$JYJ,13311403489,20111101211747,116.364120,39.887791,428987600,147047434,32,90,0,0,50#
116222,$JYJ,13311403489,20111101211944,116.368057,39.886051,429002140,147041048,21,176,1,1,50#
24929,$JYJ,13311486519,20111101211601,116.365852,39.888069,428994010,147048486,6,264,1,1,50#
100718,$JYJ,13321199834,20111101211906,116.361450,39.882004,428977736,147026091,0,278,0,0,50#
49867,$JYJ,13331194992,20111101211700,116.361984,39.888161,428979704,147048794,12,10,0,0,50#
8871,$JYJ,13301127442,20111101212019,116.368446,39.888363,429003577,147049559,0,332,0,0,50#
65792,$JYJ,13321164415,20111101212241,116.361015,39.882755,428976111,147028846,0,0,1,1,50#
1883,$JYJ,13321199834,20111101212006,116.360352,39.881985,428973680,147026009,15,272,1,1,50#
97679,$JYJ,13331154925,20111101212356,116.362152,39.887772,428980311,147047363,15,84,1,1,50#
66702,$JYJ,13331185824,20111101212241,116.364700,39.881512,428989726,147024285,0,184,0,0,50#
101052,$JYJ,13331185824,20111101212404,116.364220,39.882015,428987948,147026135,26,266,1,1,50#
113037,$JYJ,13381068143,20111101212433,116.365051,39.887398,428991036,147045975,0,170,0,0,50#
48077,$JYJ,13381068143,20111101212655,116.369598,39.887684,429007838,147047081,13,88,1,1,50#
61918,$JYJ,13311403743,20111101213229,116.366470,39.880085,428996269,147019035,4,282,0,0,50#
88675,$JYJ,13311486207,20111101213302,116.363686,39.887955,428985989,147048050,17,268,0,0,50#
43418,$JYJ,13331194924,20111101213141,116.368332,39.882145,429003161,147026650,17,142,0,0,50#
69233,$JYJ,13301204845,20111101213755,116.365929,39.887997,428994289,147048203,25,266,1,1,50#
60500,$JYJ,13311403650,20111101213731,116.361733,39.888935,428978763,147051632,8,0,1,1,50#
68688,$JYJ,13311426460,20111101213755,116.360115,39.881996,428972812,147026066,15,266,1,1,50#
118385,$JYJ,13311431490,20111101213939,116.364670,39.880390,428989603,147020168,38,0,0,0,50#
44266,$JYJ,13311453412,20111101213652,116.360649,39.881790,428974756,147025308,0,84,0,0,50#
93710,$JYJ,13321164875,20111101213847,116.364967,39.881863,428990729,147025588,0,120,0,0,50#
101674,$JYJ,13331156421,20111101213912,116.361832,39.887588,428979168,147046663,10,192,0,0,50#
28480,$JYJ,13381068794,20111101213611,116.361504,39.888138,428977915,147048699,0,306,0,0,50#
53148,$JYJ,13381068794,20111101213713,116.361549,39.888103,428978123,147048588,12,248,1,1,50#
88132,$JYJ,13381068894,20111101213837,116.368080,39.880028,429002229,147018847,23,176,1,1,50#
31221,$JYJ,13331156421,20111101214118,116.361099,39.887989,428976428,147048141,0,266,1,1,50#
62131,$JYJ,13311022064,20111101214731,116.365066,39.881988,428991108,147026053,0,0,0,0,50#
52536,$JYJ,13331194084,20111101214708,116.366249,39.881958,428995466,147025950,13,276,0,0,50#
11109,$JYJ,13301156476,20111101215030,116.361130,39.884403,428976569,147034921,13,194,0,0,50#
41932,$JYJ,13301156480,20111101215642,116.368118,39.888908,429002345,147051573,13,178,1,1,50#
97573,$JYJ,13301157445,20111101215904,116.361130,39.883350,428976531,147031051,0,6,0,0,50#
107752,$JYJ,13301157445,20111101215932,116.361183,39.884140,428976736,147033971,15,10,1,1,50#
68884,$JYJ,13301214012,20111101215756,116.362686,39.887779,428982285,147047376,10,84,1,1,50#
117301,$JYJ,13301214502,20111101215953,116.362282,39.887791,428980827,147047439,26,88,1,1,50#
45711,$JYJ,13301214521,20111101215655,116.365814,39.881962,428993869,147025956,23,268,1,1,50#
12453,$JYJ,13311426189,20111101215534,116.367119,39.888046,428998682,147048395,17,260,1,1,50#
75418,$JYJ,13311426405,20111101220309,116.361702,39.885773,428978681,147039977,0,0,0,0,50#
77263,$JYJ,13311426405,20111101220314,116.361702,39.885773,428978668,147039996,0,0,0,0,50#
57001,$JYJ,13311489378,20111101220225,116.364937,39.887631,428990634,147046863,0,150,0,0,50#
8879,$JYJ,13311426405,20111101220524,116.361702,39.885773,428978688,147039990,0,0,0,0,50#
12163,$JYJ,13311426405,20111101220533,116.361702,39.885773,428978666,147039975,0,0,0,0,50#
13719,$JYJ,13311426405,20111101220537,116.361702,39.885773,428978649,147039974,0,0,0,0,50#
68606,$JYJ,13311426405,20111101220753,116.361702,39.885773,428978683,147039973,0,0,0,0,50#
42284,$JYJ,13311480778,20111101220623,116.364464,39.888126,428988872,147048680,0,282,0,0,50#
110218,$JYJ,13381083475,20111101220928,116.365982,39.881966,428994488,147025976,28,268,1,1,50#
21802,$JYJ,13301254300,20111101221554,116.361633,39.888569,428978434,147050305,10,182,0,0,50#
61087,$JYJ,13311403182,20111101221729,116.368370,39.889828,429003308,147054957,10,342,1,1,50#
13438,$JYJ,13311426405,20111101221538,116.361755,39.887623,428978884,147046790,13,36,1,1,50#
35553,$JYJ,13311426405,20111101221631,116.367729,39.888012,429000941,147048275,12,320,0,0,50#
56308,$JYJ,13311426405,20111101221722,116.367561,39.888020,429000322,147048285,13,258,1,1,50#
58774,$JYJ,13311453232,20111101221726,116.365997,39.887775,428994514,147047382,0,100,0,0,50#
72182,$JYJ,13311453232,20111101221758,116.366264,39.887787,428995520,147047437,30,90,1,1,50#
82764,$JYJ,13311453317,20111101221826,116.362938,39.887959,428983253,147048055,19,264,1,1,50#
57687,$JYJ,13311489429,20111101221725,116.361450,39.885201,428977736,147037886,12,20,1,1,50#
76765,$JYJ,13331154886,20111101221812,116.364220,39.887905,428987975,147047864,2,290,1,1,50#
88358,$JYJ,13311426371,20111101222334,116.364830,39.881821,428990207,147025418,4,90,1,1,50#
106484,$JYJ,13311453270,20111101222420,116.361717,39.888226,428978710,147049034,6,340,0,0,50#
55888,$JYJ,13321191440,20111101222218,116.361847,39.888367,428979219,147049552,0,222,0,0,50#
16108,$JYJ,13381069724,20111101222042,116.367317,39.888035,428999393,147048361,19,266,1,1,50#
40330,$JYJ,13311487139,20111101222643,116.368080,39.880531,429002233,147020684,19,170,1,1,50#
118585,$JYJ,13311492259,20111101222955,116.361031,39.883087,428976200,147030078,19,16,0,0,50#
27174,$JYJ,13311495351,20111101222606,116.367554,39.888115,429000267,147048659,10,274,0,0,50#
102195,$JYJ,13311495370,20111101222911,116.367401,39.888123,428999725,147048688,12,268,1,1,50#
26225,$JYJ,13301156540,20111101223106,116.361549,39.888634,428978105,147050534,15,212,0,0,50#
68428,$JYJ,13311470475,20111101223254,116.363083,39.881847,428983779,147025528,12,78,1,1,50#
115010,$JYJ,13311489543,20111101223449,116.367081,39.889595,428998526,147054115,2,178,0,0,50#
9912,$JYJ,13331194108,20111101223022,116.368103,39.887379,429002317,147045927,0,204,0,0,50#
75352,$JYJ,13301127452,20111101223807,116.361252,39.883343,428977016,147031011,0,22,0,0,50#
76107,$JYJ,13301127452,20111101223814,116.361237,39.883358,428976942,147031084,12,354,1,1,50#
53560,$JYJ,13311486572,20111101223718,116.366699,39.888008,428997100,147048253,13,252,1,1,50#
15406,$JYJ,13331194108,20111101223538,116.361366,39.887840,428977434,147047588,15,264,1,1,50#
81380,$JYJ,13381102734,20111101223826,116.368454,39.889191,429003609,147052620,15,352,1,1,50#
44607,$JYJ,13311403711,20111101224149,116.367302,39.888031,428999330,147048351,21,264,1,1,50#
29656,$JYJ,13321164415,20111101224117,116.361656,39.885750,428978513,147039903,0,0,1,1,50#
12813,$JYJ,13321199468,20111101224035,116.365715,39.887775,428993483,147047389,17,92,0,0,50#
81999,$JYJ,13311453469,20111101224822,116.365478,39.888050,428992599,147048407,19,260,1,1,50#
31463,$JYJ,13301254135,20111101225117,116.361313,39.884220,428977242,147034245,30,182,0,0,50#
84466,$JYJ,13311470433,20111101225332,116.366600,39.881782,428996765,147025299,2,96,0,0,50#
93847,$JYJ,13311426340,20111101225854,116.364098,39.888069,428987505,147048472,13,262,1,1,50#
54164,$JYJ,13311495104,20111101225716,116.368118,39.889988,429002354,147055559,21,168,1,1,50#
4687,$JYJ,13311495143,20111101230011,116.361084,39.883587,428976396,147031916,0,174,0,0,50#
44466,$JYJ,13311495143,20111101230149,116.361114,39.883511,428976517,147031638,4,356,1,1,50#
54074,$JYJ,13331184914,20111101230213,116.364998,39.887989,428990834,147048159,36,264,1,1,50#
84412,$JYJ,13311489356,20111101230832,116.361412,39.888439,428977588,147049821,6,284,1,1,50#
36006,$JYJ,13311495297,20111101230634,116.365448,39.888008,428992521,147048256,12,266,1,1,50#
119651,$JYJ,13311453270,20111101231454,116.369636,39.887501,429007984,147046404,6,116,0,0,50#
8557,$JYJ,13311470479,20111101231024,116.365883,39.882172,428994086,147026724,12,270,1,1,50#
91523,$JYJ,13311489663,20111101231347,116.360893,39.882435,428975678,147027670,0,0,0,0,50#
56341,$JYJ,13311191479,20111101231720,116.361885,39.880505,428979359,147020576,2,154,0,0,50#
83382,$JYJ,13311488209,20111101231832,116.361465,39.885689,428977807,147039662,0,0,0,0,50#
105492,$JYJ,13311492117,20111101231928,116.367256,39.881985,428999182,147026032,0,0,0,0,50#
107720,$JYJ,13311492117,20111101231933,116.367256,39.881985,428999188,147026045,0,0,0,0,50#
24221,$JYJ,13331184924,20111101231559,116.368401,39.882557,429003412,147028145,4,54,0,0,50#
7637,$JYJ,13311492117,20111101232021,116.367256,39.881985,428999185,147026031,0,0,0,0,50#
35051,$JYJ,13311495087,20111101233126,116.367416,39.882492,428999764,147027927,2,288,0,0,50#
110660,$JYJ,13311492189,20111101233943,116.363731,39.887997,428986181,147048207,0,46,0,0,50#
117357,$JYJ,13311453433,20111101234500,116.362213,39.887890,428980568,147047791,28,88,1,1,50#
97422,$JYJ,13311480793,20111101234408,116.367996,39.881042,429001893,147022571,0,58,0,0,50#
38813,$JYJ,13311024074,20111101234639,116.361816,39.888737,428979091,147050914,0,0,0,0,50#
112014,$JYJ,13311431453,20111101234946,116.361252,39.885250,428977006,147038046,0,264,0,0,50#
29305,$JYJ,13311492066,20111101235618,116.361000,39.883484,428976089,147031546,0,216,0,0,50#
65711,$JYJ,13311492066,20111101235751,116.361252,39.884510,428977007,147035311,0,354,1,1,50#
6272,$JYJ,13311492163,20111101235515,116.368484,39.887566,429003718,147046612,19,358,1,1,50#
67689,$JYJ,13321174618,20111101235756,116.365166,39.882030,428991446,147026210,2,292,0,0,50#
