38052,$JYJ,13301157467,20111101000149,116.408600,40.004360,429151736,147477266,12,188,0,0,50#
21455,$JYJ,13331063483,20111101000101,116.400147,40.003979,429120580,147475869,15,78,1,1,50#
49017,$JYJ,13381078249,20111101000732,116.401451,40.002708,429125384,147471196,0,22,0,0,50#
81671,$JYJ,13381078249,20111101000911,116.403236,40.004120,429131965,147476384,0,62,1,1,50#
37714,$JYJ,13301164961,20111101001144,116.409782,40.009895,429156101,147497695,25,178,1,1,50#
73085,$JYJ,13331154783,20111101001337,116.407631,40.005012,429148153,147479688,0,74,0,0,50#
62472,$JYJ,13301214033,20111101001812,116.401230,40.004170,429124596,147476567,4,242,0,0,50#
17852,$JYJ,13331154783,20111101001551,116.405685,40.004852,429141015,147479096,13,84,1,1,50#
79533,$JYJ,13331184978,20111101001905,116.406570,40.001335,429144272,147466125,2,84,0,0,50#
76044,$JYJ,13381083458,20111101001854,116.408249,40.007488,429150451,147488811,0,0,0,0,50#
17888,$JYJ,13381095347,20111101001556,116.400330,40.004188,429121264,147476636,12,224,1,1,50#
11576,$JYJ,13381068841,20111101002533,116.409065,40.001415,429153460,147466438,34,266,1,1,50#
6707,$JYJ,13381095547,20111101002515,116.401848,40.004376,429126875,147477328,0,186,1,1,50#
72106,$JYJ,13331194875,20111101003338,116.400436,40.004211,429121641,147476745,0,78,1,1,50#
92105,$JYJ,13381083458,20111101003442,116.400681,40.003857,429122543,147475440,8,92,1,1,50#
97252,$JYJ,13301150243,20111101003947,116.401581,40.003819,429125892,147475298,15,164,1,1,50#
11548,$JYJ,13301214199,20111101004530,116.401916,40.004379,429127128,147477368,0,0,0,0,50#
67092,$JYJ,13301214199,20111101004820,116.400131,40.003956,429120519,147475780,15,82,1,1,50#
46322,$JYJ,13311570475,20111101005218,116.409401,40.001495,429154696,147466703,0,84,0,0,50#
7261,$JYJ,13331194320,20111101005517,116.401497,40.002682,429125556,147471080,30,172,1,1,50#
22468,$JYJ,13321164867,20111101010104,116.409981,40.006626,429156835,147485637,15,164,1,1,50#
13926,$JYJ,13331194247,20111101010038,116.401337,40.004265,429124952,147476921,0,266,0,0,50#
68223,$JYJ,13301214495,20111101010835,116.409554,40.001636,429155234,147467253,12,262,1,1,50#
9600,$JYJ,13301254296,20111101010526,116.404434,40.004719,429136381,147478608,0,6,0,0,50#
75689,$JYJ,13321164530,20111101010858,116.406280,40.001213,429143207,147465673,0,0,0,0,50#
29883,$JYJ,13301214495,20111101011131,116.409721,40.001644,429155878,147467265,6,260,0,0,50#
52923,$JYJ,13301214495,20111101011242,116.409424,40.001537,429154775,147466887,19,258,1,1,50#
55179,$JYJ,13321164337,20111101011244,116.400970,40.004154,429123614,147476535,2,294,0,0,50#
40025,$JYJ,13331187197,20111101011159,116.401230,40.006619,429124579,147485600,0,28,0,0,50#
31141,$JYJ,13381077452,20111101011135,116.401733,40.003963,429126418,147475832,0,358,0,0,50#
48445,$JYJ,13311486284,20111101011731,116.405922,40.005791,429141878,147482539,0,0,0,0,50#
16078,$JYJ,13331184787,20111101012051,116.403816,40.000679,429134120,147463723,0,92,0,0,50#
53072,$JYJ,13381096534,20111101012243,116.409500,40.001606,429155078,147467139,8,192,1,1,50#
84178,$JYJ,13321174892,20111101012929,116.401985,40.003132,429127382,147472740,15,10,0,0,50#
28530,$JYJ,13311403538,20111101013113,116.407333,40.004944,429147079,147479416,0,90,0,0,50#
720,$JYJ,13311431286,20111101012956,116.401916,40.004017,429127088,147476019,0,14,0,0,50#
78908,$JYJ,13381100914,20111101013411,116.401932,40.004368,429127162,147477293,4,80,1,1,50#
9874,$JYJ,13301214221,20111101013531,116.401695,40.006988,429126314,147486987,39,178,1,1,50#
16988,$JYJ,13381068146,20111101013554,116.401733,40.004562,429126431,147478016,0,262,1,1,50#
43213,$JYJ,13301214579,20111101014216,116.400085,40.003830,429120340,147475330,6,298,1,1,50#
40441,$JYJ,13311486424,20111101014211,116.407997,40.005409,429149502,147481141,0,358,0,0,50#
66407,$JYJ,13311488186,20111101014837,116.406235,40.001328,429143045,147466087,15,66,1,1,50#
49306,$JYJ,13311578426,20111101015240,116.401581,40.003632,429125863,147474581,23,176,1,1,50#
42188,$JYJ,13331194737,20111101015221,116.401070,40.003921,429124000,147475665,0,98,1,1,50#
75363,$JYJ,13311403487,20111101020912,116.408981,40.006287,429153130,147484371,0,336,0,0,50#
10747,$JYJ,13311191470,20111101024532,116.406433,40.001434,429143737,147466495,30,272,0,0,50#
27538,$JYJ,13301254200,20111101025134,116.409264,40.001480,429154186,147466660,45,266,0,0,50#
4959,$JYJ,13311021084,20111101025516,116.402046,40.003597,429127585,147474473,0,0,0,0,50#
36689,$JYJ,13331154789,20111101025556,116.408234,40.006828,429150403,147486375,10,16,0,0,50#
51140,$JYJ,13311426052,20111101030802,116.401520,40.000553,429125653,147463230,25,174,1,1,50#
41654,$JYJ,13331194927,20111101032730,116.400536,40.003994,429122028,147475920,36,254,0,0,50#
3221,$JYJ,13311453464,20111101033011,116.407242,40.006267,429146733,147484319,10,268,0,0,50#
37405,$JYJ,13311162421,20111101034159,116.408234,40.005901,429150375,147482962,6,350,0,0,50#
29631,$JYJ,13311162421,20111101034647,116.401680,40.003037,429126259,147472418,13,180,1,1,50#
19960,$JYJ,13311470318,20111101035111,116.401787,40.003246,429126644,147473163,0,148,1,1,50#
41546,$JYJ,13321180418,20111101035236,116.406364,40.003273,429143490,147473267,2,6,0,0,50#
32156,$JYJ,13331194903,20111101035144,116.401550,40.005176,429125763,147480301,15,180,1,1,50#
72363,$JYJ,13381068854,20111101035429,116.405281,40.004772,429139508,147478784,0,258,0,0,50#
12585,$JYJ,13331093423,20111101035547,116.405258,40.006691,429139427,147485885,0,0,0,0,50#
77872,$JYJ,13311492194,20111101040454,116.405342,40.004894,429139737,147479262,0,0,0,0,50#
78978,$JYJ,13311492194,20111101040458,116.405342,40.004894,429139737,147479235,0,0,0,0,50#
903,$JYJ,13311492194,20111101040502,116.405342,40.004894,429139727,147479260,0,0,0,0,50#
1981,$JYJ,13311492194,20111101040506,116.405342,40.004894,429139756,147479267,0,0,0,0,50#
63803,$JYJ,13301214893,20111101041407,116.404343,40.002968,429136037,147472145,0,28,0,0,50#
49352,$JYJ,13301214893,20111101041813,116.406372,40.001503,429143552,147466734,8,86,1,1,50#
9834,$JYJ,13311492194,20111101041537,116.405342,40.004894,429139716,147479254,0,0,0,0,50#
13913,$JYJ,13311492194,20111101041553,116.405342,40.004894,429139720,147479266,0,0,1,1,50#
65340,$JYJ,13311492194,20111101042415,116.405510,40.004620,429140344,147478252,0,0,0,0,50#
66502,$JYJ,13311492194,20111101042419,116.405510,40.004620,429140350,147478227,0,0,0,0,50#
58280,$JYJ,13381069624,20111101042344,116.407600,40.006725,429148065,147486005,4,6,0,0,50#
23907,$JYJ,13311492194,20111101042632,116.405510,40.004620,429140357,147478240,0,0,0,0,50#
27882,$JYJ,13311492194,20111101042648,116.405510,40.004620,429140366,147478245,0,0,0,0,50#
28980,$JYJ,13311492194,20111101042652,116.405510,40.004620,429140371,147478243,0,0,0,0,50#
15082,$JYJ,13311487153,20111101043058,116.404106,40.001495,429135162,147466736,10,230,1,1,50#
63643,$JYJ,13311492194,20111101043903,116.405510,40.004620,429140367,147478238,0,0,0,0,50#
83001,$JYJ,13331194226,20111101050959,116.406982,40.001110,429145786,147465285,28,84,1,1,50#
69114,$JYJ,13311021084,20111101052401,116.401718,40.003708,429126362,147474869,0,0,1,1,50#
43620,$JYJ,13311453353,20111101052232,116.405029,40.006882,429138567,147486568,0,0,0,0,50#
3338,$JYJ,13331194226,20111101052453,116.401550,40.007530,429125743,147488962,10,38,1,1,50#
38609,$JYJ,13331063447,20111101053208,116.401314,40.004162,429124881,147476562,0,236,0,0,50#
75082,$JYJ,13311564439,20111101054405,116.401352,40.006596,429125040,147485509,0,6,0,0,50#
9851,$JYJ,13311426025,20111101055024,116.404152,40.001385,429135330,147466313,21,260,1,1,50#
12414,$JYJ,13301164977,20111101055539,116.401337,40.003330,429124971,147473500,0,0,1,1,50#
54645,$JYJ,13311453200,20111101062244,116.400032,40.003933,429120168,147475690,0,0,0,0,50#
15887,$JYJ,13311453200,20111101062549,116.400032,40.003933,429120149,147475720,0,0,0,0,50#
72117,$JYJ,13321174832,20111101062830,116.401398,40.000618,429125179,147463473,28,202,0,0,50#
41610,$JYJ,13331154843,20111101063659,116.404549,40.004753,429136829,147478744,0,272,1,1,50#
9006,$JYJ,13331184781,20111101063522,116.407219,40.005112,429146649,147480065,17,254,1,1,50#
48760,$JYJ,13321180459,20111101064221,116.404335,40.003304,429136037,147473400,25,346,1,1,50#
98460,$JYJ,13331063485,20111101064446,116.401550,40.007877,429125747,147490261,12,162,1,1,50#
54787,$JYJ,13331159434,20111101064234,116.401314,40.003914,429124903,147475652,0,0,0,0,50#
17721,$JYJ,13301214421,20111101065548,116.400368,40.005222,429121386,147480476,0,348,0,0,50#
60000,$JYJ,13311453384,20111101065754,116.400215,40.003937,429120839,147475727,4,80,0,0,50#
79012,$JYJ,13311431112,20111101070345,116.401833,40.000053,429126783,147461421,17,178,1,1,50#
18464,$JYJ,13331159483,20111101070050,116.407463,40.001221,429147564,147465707,4,268,1,1,50#
63987,$JYJ,13311403501,20111101070808,116.401703,40.004219,429126337,147476749,0,8,0,0,50#
15782,$JYJ,13311470463,20111101070546,116.401566,40.007790,429125805,147489909,8,182,1,1,50#
63279,$JYJ,13301214673,20111101071256,116.402718,40.004490,429130071,147477767,28,52,1,1,50#
77442,$JYJ,13331156450,20111101071114,116.406166,40.001438,429142792,147466507,10,272,1,1,50#
56494,$JYJ,13301184079,20111101071737,116.401298,40.003849,429124850,147475412,0,266,1,1,50#
4770,$JYJ,13331194123,20111101071514,116.401802,40.003639,429126700,147474636,2,354,0,0,50#
73654,$JYJ,13381101974,20111101072333,116.401115,40.004067,429124151,147476204,8,254,1,1,50#
49685,$JYJ,13381102814,20111101072723,116.401466,40.006794,429125457,147486245,0,0,0,0,50#
94574,$JYJ,13381102814,20111101072933,116.401657,40.005402,429126149,147481111,17,180,1,1,50#
71880,$JYJ,13331063453,20111101073826,116.406014,40.007225,429142221,147487843,0,134,0,0,50#
74105,$JYJ,13331063453,20111101073833,116.406014,40.007225,429142227,147487858,0,108,1,1,50#
19473,$JYJ,13331093469,20111101074056,116.402199,40.003819,429128132,147475298,0,326,1,1,50#
8467,$JYJ,13381066694,20111101074527,116.401787,40.003571,429126633,147474372,0,338,1,1,50#
4619,$JYJ,13381069714,20111101074514,116.401535,40.003700,429125700,147474859,13,136,1,1,50#
56677,$JYJ,13311191400,20111101075745,116.405853,40.004639,429141625,147478309,2,266,0,0,50#
97230,$JYJ,13311191400,20111101075937,116.402100,40.004139,429127792,147476473,21,276,1,1,50#
22029,$JYJ,13311403022,20111101075559,116.402901,40.001224,429130742,147465731,36,86,0,0,50#
90912,$JYJ,13311403586,20111101075920,116.405548,40.001484,429140495,147466683,32,268,1,1,50#
49417,$JYJ,13311489630,20111101080214,116.406418,40.000549,429143702,147463247,23,6,0,0,50#
76360,$JYJ,13311489630,20111101080325,116.406418,40.000835,429143683,147464273,4,8,1,1,50#
38958,$JYJ,13311162497,20111101080705,116.401680,40.002708,429126233,147471186,25,2,0,0,50#
50402,$JYJ,13311162497,20111101080751,116.401932,40.002960,429127165,147472105,2,84,1,1,50#
9440,$JYJ,13311563340,20111101080526,116.404419,40.004833,429136339,147479020,8,256,1,1,50#
11436,$JYJ,13331154854,20111101080529,116.403419,40.001312,429132668,147466036,10,274,0,0,50#
36152,$JYJ,13331154854,20111101080650,116.400803,40.001068,429122984,147465137,30,252,1,1,50#
90327,$JYJ,13331154779,20111101081448,116.407799,40.001461,429148782,147466578,51,88,0,0,50#
54060,$JYJ,13331194402,20111101081256,116.405983,40.007896,429142108,147490317,10,112,0,0,50#
5907,$JYJ,13301277705,20111101081516,116.407837,40.001427,429148944,147466470,19,86,1,1,50#
49003,$JYJ,13311403082,20111101081805,116.401535,40.000370,429125694,147462567,19,2,0,0,50#
18419,$JYJ,13311403389,20111101081601,116.403030,40.004776,429131218,147478818,0,264,0,0,50#
38158,$JYJ,13311403389,20111101081723,116.403236,40.004497,429131990,147477803,23,162,1,1,50#
11006,$JYJ,13311426356,20111101081538,116.401337,40.002174,429124990,147469228,17,166,1,1,50#
46410,$JYJ,13331154826,20111101081753,116.401466,40.001007,429125444,147464907,0,348,0,0,50#
31436,$JYJ,13311403082,20111101082150,116.403351,40.002247,429132397,147469490,0,76,1,1,50#
13258,$JYJ,13311486575,20111101082048,116.403465,40.004490,429132814,147477755,4,90,1,1,50#
53455,$JYJ,13301214233,20111101082753,116.409302,40.001373,429154349,147466272,17,82,1,1,50#
56496,$JYJ,13311426364,20111101082807,116.404114,40.004379,429135220,147477368,0,134,0,0,50#
69373,$JYJ,13311426364,20111101082842,116.404114,40.004379,429135201,147477337,0,114,1,1,50#
30751,$JYJ,13311162433,20111101083139,116.401863,40.002609,429126910,147470814,15,358,1,1,50#
82882,$JYJ,13311492125,20111101083422,116.401398,40.003834,429125187,147475326,23,182,0,0,50#
15164,$JYJ,13311492125,20111101083546,116.401413,40.002972,429125238,147472157,8,172,1,1,50#
12807,$JYJ,13321174885,20111101083540,116.409851,40.003346,429156367,147473551,10,158,1,1,50#
22064,$JYJ,13311489483,20111101084111,116.409798,40.001545,429156168,147466895,10,262,1,1,50#
51807,$JYJ,13301214203,20111101084815,116.400032,40.003944,429120145,147475745,13,56,1,1,50#
2444,$JYJ,13311486540,20111101084509,116.409485,40.001572,429154993,147466986,25,252,1,1,50#
14984,$JYJ,13321174998,20111101084552,116.400551,40.001602,429122080,147467105,0,112,0,0,50#
15442,$JYJ,13311403079,20111101085051,116.401817,40.004688,429126729,147478490,43,358,0,0,50#
20256,$JYJ,13311453315,20111101085605,116.400780,40.004162,429122906,147476554,23,86,0,0,50#
78890,$JYJ,13311453315,20111101085927,116.401100,40.001224,429124108,147465737,17,258,1,1,50#
18916,$JYJ,13311567084,20111101085600,116.401817,40.000870,429126758,147464421,17,74,1,1,50#
57458,$JYJ,13301208414,20111101090325,116.401550,40.004082,429125768,147476249,10,158,1,1,50#
19720,$JYJ,13311426152,20111101090101,116.401749,40.006905,429126495,147486665,28,2,0,0,50#
59067,$JYJ,13311162416,20111101090820,116.401352,40.002480,429125038,147470343,21,184,0,0,50#
80324,$JYJ,13311426094,20111101090930,116.400101,40.003899,429120400,147475592,12,260,1,1,50#
16632,$JYJ,13311487230,20111101090556,116.401848,40.001766,429126854,147467732,30,0,0,0,50#
41517,$JYJ,13311487230,20111101090726,116.401566,40.003509,429125807,147474152,19,8,1,1,50#
16549,$JYJ,13301214667,20111101091050,116.409119,40.001423,429153653,147466435,0,90,0,0,50#
73218,$JYJ,13311495252,20111101091341,116.403481,40.001705,429132894,147467481,26,270,1,1,50#
74965,$JYJ,13381235402,20111101091351,116.401436,40.001549,429125346,147466924,15,184,1,1,50#
82092,$JYJ,13311426371,20111101091918,116.409264,40.007965,429154169,147490578,45,270,1,1,50#
32818,$JYJ,13311470397,20111101091646,116.403450,40.004425,429132745,147477522,25,262,0,0,50#
92105,$JYJ,13311480681,20111101091951,116.407036,40.001457,429145968,147466563,17,270,0,0,50#
89942,$JYJ,13301157542,20111101092455,116.402084,40.003464,429127737,147473977,13,108,0,0,50#
23694,$JYJ,13301157542,20111101092610,116.402046,40.003738,429127583,147475000,17,246,1,1,50#
11455,$JYJ,13301214054,20111101093038,116.401215,40.004143,429124504,147476494,0,78,0,0,50#
76750,$JYJ,13311431017,20111101093403,116.401665,40.001831,429126165,147467958,0,178,0,0,50#
26852,$JYJ,13311431372,20111101093121,116.401314,40.000236,429124868,147462073,23,186,1,1,50#
32641,$JYJ,13311495399,20111101093138,116.401566,40.003208,429125802,147473029,10,192,1,1,50#
84468,$JYJ,13321174800,20111101093432,116.409317,40.008110,429154392,147491108,23,268,1,1,50#
64455,$JYJ,13331194896,20111101093326,116.400620,40.004128,429122338,147476412,8,268,1,1,50#
56436,$JYJ,13311403695,20111101093808,116.400864,40.001148,429123220,147465441,23,84,0,0,50#
37999,$JYJ,13311426362,20111101093707,116.401764,40.002873,429126560,147471788,13,352,0,0,50#
55930,$JYJ,13311426362,20111101093808,116.401916,40.003605,429127117,147474505,2,24,1,1,50#
79590,$JYJ,13311480681,20111101093918,116.403603,40.004429,429133313,147477523,21,92,0,0,50#
20913,$JYJ,13321174836,20111101093606,116.401016,40.002937,429123771,147472039,0,252,1,1,50#
68193,$JYJ,13311488145,20111101094832,116.400566,40.001194,429122142,147465620,23,88,1,1,50#
84494,$JYJ,13321174836,20111101094919,116.401886,40.001583,429126994,147467028,13,356,1,1,50#
20945,$JYJ,13381100604,20111101094602,116.401352,40.001835,429125023,147467980,0,6,0,0,50#
21008,$JYJ,13301254101,20111101095104,116.405769,40.005691,429141310,147482204,6,348,2,0,50#
5307,$JYJ,13301155584,20111101100014,116.401352,40.000027,429125016,147461316,0,184,0,0,50#
69254,$JYJ,13311470485,20111101100353,116.402008,40.004219,429127460,147476750,25,80,0,0,50#
63878,$JYJ,13331154961,20111101100327,116.403366,40.004284,429132443,147477015,23,82,1,1,50#
4214,$JYJ,13301155584,20111101100514,116.401398,40.000439,429125201,147462816,25,170,1,1,50#
37812,$JYJ,13301204957,20111101100719,116.405403,40.001419,429139940,147466445,34,266,1,1,50#
48043,$JYJ,13301214435,20111101100751,116.402580,40.004681,429129547,147478473,0,10,0,0,50#
67926,$JYJ,13311492216,20111101100905,116.404099,40.001190,429135160,147465599,8,102,1,1,50#
43478,$JYJ,13331194792,20111101100739,116.403717,40.003982,429133748,147475879,17,80,1,1,50#
2855,$JYJ,13370122416,20111101100510,116.406319,40.001518,429143320,147466814,0,274,0,0,50#
33369,$JYJ,13370122416,20111101100701,116.404167,40.001370,429135404,147466272,19,242,1,1,50#
57482,$JYJ,13311426353,20111101101338,116.406357,40.000324,429143489,147462396,6,340,1,1,50#
80498,$JYJ,13311489663,20111101101449,116.405945,40.007343,429141961,147488288,0,0,0,0,50#
47311,$JYJ,13311403692,20111101102234,116.408600,40.005516,429151762,147481526,32,170,0,0,50#
52056,$JYJ,13311431466,20111101102243,116.401436,40.000801,429125343,147464154,30,180,1,1,50#
71415,$JYJ,13311431479,20111101102347,116.406349,40.001400,429143442,147466381,28,98,1,1,50#
58596,$JYJ,13311563346,20111101102310,116.400413,40.003864,429121559,147475468,12,88,1,1,50#
33671,$JYJ,13321164373,20111101102146,116.401985,40.004475,429127369,147477710,10,234,1,1,50#
51625,$JYJ,13321164569,20111101102242,116.409897,40.001388,429156499,147466317,32,82,1,1,50#
33379,$JYJ,13331194452,20111101102145,116.403320,40.001335,429132268,147466122,28,256,1,1,50#
61289,$JYJ,13301204981,20111101102811,116.401382,40.003731,429125162,147474948,19,294,0,0,50#
8391,$JYJ,13311470430,20111101102523,116.400620,40.001137,429122306,147465389,17,86,0,0,50#
26246,$JYJ,13311488215,20111101102615,116.404251,40.003990,429135716,147475907,25,178,1,1,50#
24624,$JYJ,13321164569,20111101102614,116.408249,40.007809,429150430,147489986,8,88,1,1,50#
66136,$JYJ,13301130340,20111101103329,116.404266,40.001163,429135784,147465490,6,126,0,0,50#
66112,$JYJ,13311453498,20111101103329,116.402046,40.006424,429127607,147484881,15,340,1,1,50#
24260,$JYJ,13381077451,20111101103116,116.401451,40.000404,429125396,147462712,39,174,1,1,50#
58585,$JYJ,13311022534,20111101103808,116.401749,40.001286,429126503,147465943,15,306,1,1,50#
59095,$JYJ,13311426430,20111101103809,116.404236,40.002873,429135652,147471782,0,336,0,0,50#
82169,$JYJ,13311426430,20111101103923,116.404251,40.004524,429135716,147477886,0,298,1,1,50#
81792,$JYJ,13321164393,20111101103926,116.401199,40.004150,429124477,147476495,13,76,1,1,50#
92800,$JYJ,13321164762,20111101104000,116.401817,40.002735,429126730,147471294,8,58,0,0,50#
27238,$JYJ,13331159469,20111101103625,116.403603,40.004372,429133321,147477321,15,286,1,1,50#
52951,$JYJ,13331194323,20111101103746,116.401016,40.004162,429123796,147476551,26,268,1,1,50#
57064,$JYJ,13321164762,20111101104259,116.401886,40.003982,429127010,147475892,17,182,1,1,50#
9829,$JYJ,13311431043,20111101104532,116.400620,40.001942,429122345,147468353,6,320,0,0,50#
53889,$JYJ,13311453437,20111101104751,116.401291,40.004211,429124784,147476732,0,0,0,0,50#
91259,$JYJ,13311492343,20111101104942,116.407181,40.001560,429146497,147466950,4,90,0,0,50#
62682,$JYJ,13331194426,20111101104819,116.400398,40.003838,429121523,147475341,25,82,1,1,50#
27965,$JYJ,13311300534,20111101105127,116.402382,40.004570,429128825,147478066,10,54,0,0,50#
29677,$JYJ,13311403187,20111101105117,116.409767,40.008003,429156026,147490699,34,270,0,0,50#
19402,$JYJ,13321180046,20111101105058,116.401466,40.003353,429125446,147473583,4,232,0,0,50#
5014,$JYJ,13331159453,20111101105015,116.404030,40.002914,429134902,147471938,0,74,0,0,50#
33199,$JYJ,13331194262,20111101105140,116.402130,40.002251,429127879,147469496,0,358,1,1,50#
16573,$JYJ,13381096014,20111101105049,116.401619,40.003456,429126007,147473936,0,18,0,0,50#
13244,$JYJ,13301156044,20111101105544,116.401032,40.001541,429123866,147466904,0,316,0,0,50#
15064,$JYJ,13311488221,20111101105547,116.400147,40.003960,429120571,147475798,17,80,1,1,50#
75144,$JYJ,13321164790,20111101105828,116.408348,40.005062,429150807,147479855,17,96,1,1,50#
79952,$JYJ,13331154789,20111101105920,116.401718,40.006241,429126389,147484206,21,358,1,1,50#
30706,$JYJ,13311486422,20111101110135,116.401413,40.003849,429125234,147475407,19,172,0,0,50#
52603,$JYJ,13311486422,20111101110242,116.400284,40.001621,429121098,147467184,36,270,1,1,50#
1986,$JYJ,13311487206,20111101110004,116.401215,40.004067,429124533,147476207,10,90,1,1,50#
67979,$JYJ,13311489311,20111101110332,116.407623,40.004971,429148165,147479525,10,88,1,1,50#
78390,$JYJ,13311020744,20111101110908,116.401253,40.001488,429124665,147466678,8,112,1,1,50#
89390,$JYJ,13311487147,20111101110945,116.404030,40.001392,429134884,147466335,17,268,0,0,50#
57443,$JYJ,13331188574,20111101110803,116.401535,40.000870,429125695,147464415,0,356,0,0,50#
8421,$JYJ,13381069747,20111101110528,116.400368,40.004238,429121398,147476818,17,82,1,1,50#
44047,$JYJ,13301164940,20111101111219,116.401916,40.006039,429127104,147483455,0,150,0,0,50#
4682,$JYJ,13301272316,20111101111511,116.400352,40.004219,429121352,147476761,36,254,1,1,50#
29444,$JYJ,13311488129,20111101111632,116.401566,40.000805,429125820,147464176,0,0,0,0,50#
3976,$JYJ,13301204832,20111101112009,116.403603,40.004200,429133331,147476706,2,54,0,0,50#
29658,$JYJ,13301204832,20111101112140,116.402702,40.004078,429130003,147476244,13,252,1,1,50#
38122,$JYJ,13301214804,20111101112205,116.401032,40.001602,429123856,147467105,0,86,0,0,50#
21544,$JYJ,13311426385,20111101112605,116.401619,40.006210,429126029,147484112,23,182,0,0,50#
35170,$JYJ,13331100174,20111101112649,116.402237,40.002682,429128271,147471088,34,176,1,1,50#
35179,$JYJ,13331154727,20111101112645,116.406349,40.000465,429143462,147462934,0,168,0,0,50#
51660,$JYJ,13331154727,20111101112737,116.406220,40.000191,429142979,147461925,10,172,1,1,50#
32990,$JYJ,13331194205,20111101112638,116.401466,40.003708,429125431,147474870,17,172,1,1,50#
98270,$JYJ,13311489311,20111101113451,116.400505,40.004036,429121918,147476102,0,0,0,0,50#
100110,$JYJ,13311489311,20111101113456,116.400505,40.004036,429121899,147476071,0,0,0,0,50#
45458,$JYJ,13311495331,20111101113218,116.405518,40.004784,429140377,147478829,0,76,0,0,50#
2237,$JYJ,13370126456,20111101113002,116.400085,40.004681,429120378,147478479,0,8,0,0,50#
48523,$JYJ,13311022704,20111101113721,116.404213,40.004559,429135578,147478019,19,256,1,1,50#
20550,$JYJ,13311489311,20111101113602,116.400505,40.004036,429121911,147476073,0,0,0,0,50#
42996,$JYJ,13301104085,20111101114206,116.401703,40.003719,429126307,147474916,12,358,1,1,50#
921,$JYJ,13301127498,20111101113959,116.409813,40.001667,429156213,147467365,17,280,1,1,50#
69333,$JYJ,13301130149,20111101114325,116.406280,40.000042,429143205,147461346,4,166,0,0,50#
47491,$JYJ,13301155724,20111101114219,116.405899,40.003361,429141804,147473583,10,340,0,0,50#
1468,$JYJ,13301272039,20111101114002,116.402702,40.003422,429129985,147473833,0,308,0,0,50#
38979,$JYJ,13301155482,20111101114655,116.402298,40.003052,429128536,147472461,38,154,0,0,50#
1526,$JYJ,13321199449,20111101114501,116.401947,40.003845,429127203,147475369,0,96,0,0,50#
71408,$JYJ,13331154727,20111101114831,116.408836,40.005222,429152629,147480444,2,286,0,0,50#
85950,$JYJ,13331154727,20111101114917,116.409584,40.005253,429155374,147480555,12,72,1,1,50#
18524,$JYJ,13370122462,20111101114556,116.400413,40.003937,429121551,147475712,4,270,1,1,50#
15847,$JYJ,13381101554,20111101114551,116.401916,40.001072,429127113,147465160,21,88,0,0,50#
58764,$JYJ,13301207684,20111101115253,116.402832,40.003052,429130505,147472445,6,272,0,0,50#
6489,$JYJ,13311403345,20111101115020,116.404449,40.003063,429136445,147472485,13,174,1,1,50#
24754,$JYJ,13311565949,20111101115111,116.405968,40.005615,429142049,147481911,0,2,0,0,50#
8415,$JYJ,13321164865,20111101115022,116.401833,40.000076,429126817,147461494,0,78,0,0,50#
27495,$JYJ,13331194362,20111101115118,116.401520,40.003235,429125661,147473119,0,26,0,0,50#
31648,$JYJ,13370122477,20111101115131,116.406433,40.000076,429143765,147461474,28,0,1,1,50#
68968,$JYJ,13301157477,20111101115828,116.400436,40.001690,429121634,147467441,15,286,0,0,50#
19385,$JYJ,13311453424,20111101115556,116.404518,40.004833,429136708,147479019,12,258,1,1,50#
62484,$JYJ,13311486212,20111101115805,116.401863,40.001373,429126915,147466257,0,106,0,0,50#
15148,$JYJ,13311492156,20111101115544,116.401733,40.002632,429126441,147470914,13,8,1,1,50#
51708,$JYJ,13331194373,20111101115734,116.400085,40.003986,429120341,147475896,0,94,0,0,50#
48812,$JYJ,13301164984,20111101120232,116.404236,40.001705,429135667,147467498,4,98,0,0,50#
74336,$JYJ,13311426038,20111101120358,116.401115,40.001450,429124163,147466567,4,274,0,0,50#
75686,$JYJ,13381235464,20111101120403,116.407700,40.005161,429148406,147480226,15,282,0,0,50#
43161,$JYJ,13331093492,20111101120724,116.408470,40.005474,429151253,147481386,23,78,1,1,50#
63482,$JYJ,13311403273,20111101121351,116.403549,40.004665,429133149,147478422,0,18,0,0,50#
13260,$JYJ,13311487110,20111101121049,116.405930,40.004982,429141907,147479577,17,252,1,1,50#
63614,$JYJ,13331093495,20111101121355,116.404686,40.001358,429137302,147466211,54,90,0,0,50#
68088,$JYJ,13331194362,20111101121348,116.408249,40.005653,429150452,147482063,0,8,1,1,50#
69115,$JYJ,13331194770,20111101121416,116.405983,40.006817,429142106,147486324,32,358,0,0,50#
70874,$JYJ,13311426410,20111101121938,116.401039,40.004261,429123858,147476907,6,260,0,0,50#
62844,$JYJ,13311431017,20111101121907,116.401016,40.001347,429123774,147466171,21,86,0,0,50#
31463,$JYJ,13311431029,20111101121707,116.402687,40.001278,429129958,147465934,38,86,0,0,50#
17431,$JYJ,13311495256,20111101121604,116.401665,40.002659,429126177,147471013,28,4,0,0,50#
25957,$JYJ,13331194766,20111101121639,116.400368,40.005020,429121396,147479728,2,268,0,0,50#
11551,$JYJ,13331194770,20111101121545,116.405930,40.007328,429141911,147488218,0,356,1,1,50#
14329,$JYJ,13381083458,20111101121555,116.400055,40.003937,429120239,147475714,0,0,0,0,50#
15505,$JYJ,13381083458,20111101121559,116.400055,40.003937,429120268,147475707,0,0,0,0,50#
45063,$JYJ,13381083458,20111101121759,116.400055,40.003937,429120259,147475706,0,0,0,0,50#
61562,$JYJ,13311426224,20111101122352,116.409935,40.005402,429156642,147481119,0,268,1,1,50#
69681,$JYJ,13311426224,20111101122425,116.409935,40.005402,429156656,147481101,0,178,0,0,50#
4227,$JYJ,13311426410,20111101122015,116.401054,40.004242,429123931,147476859,0,0,1,1,50#
28169,$JYJ,13331093495,20111101122148,116.405434,40.004757,429140085,147478760,12,78,0,0,50#
21958,$JYJ,13311431029,20111101122637,116.404365,40.002853,429136118,147471725,0,64,0,0,50#
54699,$JYJ,13311453409,20111101122847,116.400818,40.004349,429123060,147477224,12,246,1,1,50#
61940,$JYJ,13301214117,20111101123424,116.401703,40.001358,429126306,147466209,28,178,0,0,50#
28597,$JYJ,13311431005,20111101123153,116.404350,40.002441,429136082,147470224,2,130,0,0,50#
57854,$JYJ,13311495053,20111101123406,116.403084,40.004742,429131434,147478704,0,180,0,0,50#
22781,$JYJ,13331194325,20111101123138,116.402588,40.001339,429129590,147466160,19,268,0,0,50#
51647,$JYJ,13311431029,20111101123758,116.401367,40.001370,429125090,147466243,0,92,0,0,50#
39664,$JYJ,13311453226,20111101123719,116.404015,40.003765,429134857,147475073,17,174,1,1,50#
29117,$JYJ,13311488242,20111101123638,116.402382,40.004158,429128812,147476532,4,274,1,1,50#
67687,$JYJ,13311492101,20111101123857,116.401619,40.003223,429126019,147473094,0,188,0,0,50#
24814,$JYJ,13301214117,20111101124128,116.404099,40.003593,429135167,147474459,0,154,1,1,50#
61302,$JYJ,13311489372,20111101124329,116.406647,40.001095,429144553,147465233,8,52,0,0,50#
82934,$JYJ,13311489372,20111101124444,116.408699,40.001388,429152113,147466322,25,126,1,1,50#
86911,$JYJ,13311492283,20111101124457,116.401215,40.003887,429124522,147475522,8,18,0,0,50#
66626,$JYJ,13331154714,20111101124344,116.409203,40.001522,429153957,147466822,2,80,0,0,50#
17307,$JYJ,13381093034,20111101124059,116.403900,40.004364,429134429,147477280,25,78,0,0,50#
39455,$JYJ,13381093034,20111101124214,116.402817,40.004410,429130436,147477459,8,260,1,1,50#
83836,$JYJ,13311191462,20111101124934,116.401207,40.001274,429124505,147465908,10,332,0,0,50#
51125,$JYJ,13311492283,20111101124743,116.404686,40.004589,429137334,147478142,13,82,1,1,50#
19201,$JYJ,13301254105,20111101125059,116.409569,40.001572,429155293,147467001,13,270,1,1,50#
35737,$JYJ,13311162424,20111101125205,116.403648,40.004631,429133476,147478276,17,298,1,1,50#
89172,$JYJ,13311495217,20111101125453,116.400932,40.004337,429123494,147477194,0,98,1,1,50#
14542,$JYJ,13301151048,20111101125545,116.401634,40.001129,429126082,147465356,0,184,0,0,50#
41970,$JYJ,13301151048,20111101125720,116.401665,40.000454,429126188,147462875,12,178,1,1,50#
86459,$JYJ,13311162458,20111101125949,116.401703,40.003857,429126333,147475442,23,178,1,1,50#
75654,$JYJ,13311487237,20111101125909,116.407333,40.005093,429147063,147479977,0,272,1,1,50#
89291,$JYJ,13321174770,20111101125955,116.407730,40.007488,429148544,147488827,2,10,0,0,50#
67909,$JYJ,13331154714,20111101125843,116.401733,40.002777,429126443,147471442,2,84,1,1,50#
68708,$JYJ,13331194660,20111101125850,116.403748,40.003284,429133842,147473312,2,312,0,0,50#
72238,$JYJ,13331194748,20111101125902,116.401848,40.001434,429126862,147466500,0,348,1,1,50#
3074,$JYJ,13301204869,20111101130006,116.400215,40.005779,429120820,147482513,0,342,0,0,50#
13965,$JYJ,13311403154,20111101130043,116.403534,40.004597,429133068,147478137,0,278,0,0,50#
65451,$JYJ,13321174770,20111101130353,116.406982,40.005127,429145761,147480098,13,260,1,1,50#
35577,$JYJ,13321199354,20111101130156,116.402931,40.001263,429130836,147465847,23,86,0,0,50#
62326,$JYJ,13331194171,20111101130344,116.400848,40.003876,429123160,147475484,23,82,0,0,50#
45863,$JYJ,13331194748,20111101130236,116.408470,40.004948,429151260,147479451,0,96,0,0,50#
57665,$JYJ,13331194748,20111101130327,116.408485,40.004967,429151328,147479502,0,96,1,1,50#
49082,$JYJ,13331093467,20111101130738,116.408684,40.001514,429152070,147466789,36,268,0,0,50#
58200,$JYJ,13301155493,20111101131254,116.403030,40.001301,429131225,147466003,6,240,1,1,50#
70767,$JYJ,13301254059,20111101131339,116.400131,40.003666,429120508,147474731,0,44,1,1,50#
76672,$JYJ,13311426176,20111101131353,116.404350,40.002766,429136098,147471406,0,82,0,0,50#
33597,$JYJ,13311495278,20111101131139,116.409302,40.002785,429154311,147471482,15,166,0,0,50#
10820,$JYJ,13331154901,20111101131034,116.401634,40.000423,429126065,147462779,0,180,1,1,50#
89202,$JYJ,13311489626,20111101132433,116.404388,40.002891,429136216,147471881,0,0,1,1,50#
58315,$JYJ,13331194062,20111101132302,116.401985,40.003315,429127373,147473417,17,2,0,0,50#
92882,$JYJ,13331194062,20111101132442,116.402687,40.004326,429129932,147477164,10,254,1,1,50#
95549,$JYJ,13370122468,20111101132952,116.404747,40.004860,429137549,147479107,30,272,0,0,50#
50070,$JYJ,13370126479,20111101132734,116.404152,40.003372,429135329,147473643,25,162,0,0,50#
88626,$JYJ,13370126479,20111101132932,116.403252,40.001537,429132012,147466891,34,304,1,1,50#
1224,$JYJ,13311470325,20111101133001,116.400383,40.001080,429121460,147465196,17,90,0,0,50#
33590,$JYJ,13311489592,20111101133144,116.400169,40.004032,429120684,147476080,6,282,1,1,50#
68768,$JYJ,13331194833,20111101133326,116.400833,40.001240,429123115,147465794,19,268,1,1,50#
54366,$JYJ,13381068841,20111101133246,116.404449,40.003040,429136435,147472430,13,180,0,0,50#
76685,$JYJ,13381068841,20111101133354,116.404381,40.002747,429136188,147471323,13,170,1,1,50#
90548,$JYJ,13311453497,20111101133959,116.406685,40.008495,429144693,147492521,6,150,1,1,50#
1367,$JYJ,13321199478,20111101133502,116.401581,40.000515,429125869,147463096,21,180,1,1,50#
86391,$JYJ,13331184820,20111101133943,116.405037,40.004787,429138622,147478842,39,258,0,0,50#
45294,$JYJ,13331184820,20111101134216,116.403702,40.004887,429133711,147479236,12,276,1,1,50#
42393,$JYJ,13331194151,20111101134209,116.401466,40.000736,429125454,147463922,2,196,0,0,50#
48007,$JYJ,13331194680,20111101134225,116.403580,40.005085,429133253,147479965,15,90,0,0,50#
82548,$JYJ,13331194680,20111101134413,116.407715,40.004696,429148500,147478530,21,86,1,1,50#
80707,$JYJ,13311453392,20111101134918,116.400665,40.004173,429122518,147476579,6,276,1,1,50#
44997,$JYJ,13311453396,20111101134717,116.406700,40.005489,429144756,147481435,2,176,0,0,50#
82527,$JYJ,13311490940,20111101134921,116.405785,40.001667,429141381,147467357,12,260,1,1,50#
6586,$JYJ,13311495147,20111101135022,116.401947,40.001507,429127209,147466750,10,270,0,0,50#
46233,$JYJ,13311495147,20111101135227,116.401733,40.003826,429126434,147475303,6,42,1,1,50#
1168,$JYJ,13301214285,20111101135501,116.401070,40.001144,429123995,147465415,4,154,0,0,50#
68032,$JYJ,13311489592,20111101135847,116.405037,40.005192,429138608,147480362,21,246,1,1,50#
50891,$JYJ,13311566845,20111101135753,116.401665,40.003380,429126196,147473674,26,170,1,1,50#
70617,$JYJ,13301155347,20111101140342,116.401634,40.005020,429126078,147479709,8,18,0,0,50#
6142,$JYJ,13301157545,20111101140014,116.401199,40.002594,429124478,147470787,0,186,0,0,50#
73095,$JYJ,13301157545,20111101140349,116.400665,40.003933,429122499,147475710,25,90,1,1,50#
15753,$JYJ,13301254269,20111101140048,116.401535,40.004841,429125700,147479046,13,334,1,1,50#
93985,$JYJ,13311487235,20111101140459,116.404297,40.003002,429135879,147472281,17,24,1,1,50#
92517,$JYJ,13331194957,20111101140448,116.402718,40.002941,429130047,147472063,6,276,1,1,50#
18730,$JYJ,13301156472,20111101140557,116.408783,40.000061,429152415,147461429,0,74,0,0,50#
44320,$JYJ,13301156472,20111101140735,116.409317,40.001183,429154402,147465580,21,84,1,1,50#
41395,$JYJ,13311492168,20111101140725,116.401497,40.002628,429125546,147470884,0,330,1,1,50#
33501,$JYJ,13331093421,20111101140653,116.401588,40.001370,429125897,147466267,4,356,0,0,50#
49787,$JYJ,13331159449,20111101141237,116.400635,40.008186,429122366,147491390,28,270,1,1,50#
31653,$JYJ,13311486371,20111101141638,116.401520,40.003593,429125628,147474461,12,262,0,0,50#
69211,$JYJ,13311495295,20111101141845,116.401550,40.002937,429125750,147472051,2,190,1,1,50#
19442,$JYJ,13381232421,20111101141604,116.401802,40.000149,429126668,147461748,0,352,0,0,50#
35596,$JYJ,13301156540,20111101142128,116.406448,40.000298,429143834,147462296,4,208,0,0,50#
8902,$JYJ,13301214285,20111101142025,116.402237,40.004154,429128280,147476520,21,74,0,0,50#
53780,$JYJ,13311426128,20111101142234,116.403664,40.004478,429133535,147477712,10,124,1,1,50#
27435,$JYJ,13331154714,20111101142116,116.409653,40.000252,429155631,147462148,102,134,0,0,50#
84038,$JYJ,13331154714,20111101142407,116.409019,40.000885,429153301,147464483,8,52,1,1,50#
64232,$JYJ,13331154969,20111101142306,116.401154,40.000637,429124289,147463543,8,316,0,0,50#
96459,$JYJ,13311470429,20111101142929,116.401482,40.005402,429125504,147481131,10,172,1,1,50#
29216,$JYJ,13381069234,20111101142630,116.402535,40.004703,429129382,147478548,10,286,1,1,50#
68102,$JYJ,13301214432,20111101143248,116.401749,40.002888,429126504,147471864,0,44,0,0,50#
112949,$JYJ,13301214432,20111101143439,116.405014,40.004509,429138520,147477818,34,78,1,1,50#
659,$JYJ,13321164531,20111101143457,116.403320,40.002235,429132275,147469454,0,152,0,0,50#
81669,$JYJ,13331194436,20111101143821,116.409531,40.001587,429155166,147467068,8,292,0,0,50#
33124,$JYJ,13311495039,20111101144126,116.409866,40.001492,429156416,147466696,13,264,1,1,50#
53688,$JYJ,13331194715,20111101144217,116.401436,40.002850,429125351,147471727,21,300,0,0,50#
109136,$JYJ,13331194715,20111101144434,116.405167,40.004562,429139108,147478031,28,76,1,1,50#
112160,$JYJ,13301209445,20111101144939,116.401451,40.002380,429125399,147469974,30,180,1,1,50#
13974,$JYJ,13311480796,20111101144538,116.402519,40.004543,429129328,147477960,13,302,1,1,50#
90876,$JYJ,13311495344,20111101144849,116.400200,40.004170,429120787,147476579,8,270,0,0,50#
87223,$JYJ,13321164325,20111101144837,116.401398,40.001110,429125198,147465303,13,318,0,0,50#
40256,$JYJ,13321164382,20111101144644,116.404198,40.002876,429135538,147471825,0,94,0,0,50#
72183,$JYJ,13321164382,20111101144805,116.404198,40.001392,429135502,147466339,13,226,1,1,50#
60587,$JYJ,13321164805,20111101144735,116.406647,40.000862,429144564,147464382,0,234,1,1,50#
76819,$JYJ,13311426448,20111101145310,116.401352,40.000641,429125030,147463587,30,174,0,0,50#
5926,$JYJ,13311470496,20111101145016,116.401749,40.001713,429126490,147467507,6,0,0,0,50#
13154,$JYJ,13311487291,20111101144946,116.404083,40.004051,429135080,147476144,25,168,0,0,50#
54589,$JYJ,13331154802,20111101145216,116.401398,40.000301,429125202,147462312,0,108,0,0,50#
79876,$JYJ,13331187063,20111101145323,116.401169,40.001240,429124347,147465786,6,276,0,0,50#
91460,$JYJ,13301155049,20111101145848,116.403053,40.004398,429131282,147477424,0,122,0,0,50#
5102,$JYJ,13331154802,20111101145511,116.401436,40.000504,429125357,147463078,19,168,1,1,50#
25177,$JYJ,13331187069,20111101145604,116.404999,40.004749,429138453,147478717,12,262,1,1,50#
70024,$JYJ,13301214791,20111101150301,116.407951,40.001503,429149365,147466737,47,266,0,0,50#
4449,$JYJ,13311426128,20111101145936,116.401268,40.007557,429124716,147489076,15,0,1,1,50#
43995,$JYJ,13331194748,20111101150151,116.408432,40.005135,429151106,147480138,0,256,1,1,50#
34572,$JYJ,13301214116,20111101150631,116.401932,40.001179,429127186,147465552,0,264,0,0,50#
80127,$JYJ,13311403114,20111101150821,116.404350,40.002613,429136061,147470832,34,4,0,0,50#
113004,$JYJ,13311403114,20111101150912,116.404297,40.003010,429135879,147472314,8,286,1,1,50#
4875,$JYJ,13381066724,20111101150509,116.403198,40.004444,429131836,147477585,0,78,0,0,50#
33843,$JYJ,13381235479,20111101150628,116.401764,40.006176,429126557,147483977,8,356,1,1,50#
38995,$JYJ,13311486533,20111101151143,116.403549,40.001217,429133109,147465709,17,78,1,1,50#
75788,$JYJ,13311495039,20111101151335,116.401916,40.001621,429127111,147467201,2,342,1,1,50#
71979,$JYJ,13321174737,20111101151324,116.402710,40.004402,429130056,147477436,0,0,1,1,50#
20254,$JYJ,13381066724,20111101151052,116.402267,40.004356,429128388,147477284,13,258,1,1,50#
48067,$JYJ,13301157417,20111101151700,116.401199,40.004334,429124485,147477200,0,294,0,0,50#
76618,$JYJ,13301214670,20111101151815,116.404602,40.005863,429137022,147482819,4,316,0,0,50#
95663,$JYJ,13301254087,20111101151901,116.401566,40.006710,429125814,147485929,25,0,1,1,50#
46877,$JYJ,13311020604,20111101151700,116.401802,40.001404,429126673,147466393,12,332,1,1,50#
70998,$JYJ,13311022924,20111101151800,116.408020,40.001358,429149583,147466216,26,80,1,1,50#
41793,$JYJ,13311470409,20111101151650,116.408295,40.008091,429150606,147491028,12,280,0,0,50#
87346,$JYJ,13301151048,20111101152347,116.401718,40.001381,429126391,147466291,8,6,0,0,50#
73277,$JYJ,13301214670,20111101152311,116.401581,40.001537,429125869,147466883,0,210,1,1,50#
29488,$JYJ,13311426128,20111101152059,116.404633,40.003227,429137102,147473108,25,358,1,1,50#
83567,$JYJ,13311431176,20111101152831,116.401718,40.002216,429126370,147469390,8,14,0,0,50#
10250,$JYJ,13311486452,20111101152526,116.401520,40.006100,429125644,147483701,0,2,0,0,50#
52176,$JYJ,13301214467,20111101153213,116.408783,40.001511,429152396,147466783,15,268,1,1,50#
98079,$JYJ,13311480687,20111101153425,116.408836,40.001411,429152624,147466403,6,92,1,1,50#
108085,$JYJ,13321164574,20111101153448,116.402031,40.003086,429127519,147472573,0,84,0,0,50#
45932,$JYJ,13321174655,20111101153153,116.401337,40.000881,429124992,147464457,0,0,0,0,50#
70925,$JYJ,13321174655,20111101153314,116.401169,40.001503,429124333,147466743,15,260,1,1,50#
22621,$JYJ,13331190614,20111101153053,116.401230,40.004204,429124576,147476689,25,66,0,0,50#
16983,$JYJ,13370122411,20111101153039,116.402130,40.004376,429127904,147477324,0,254,1,1,50#
24087,$JYJ,13301214535,20111101153558,116.404335,40.002899,429136023,147471911,0,150,0,0,50#
61258,$JYJ,13301214535,20111101153735,116.402336,40.004334,429128640,147477176,0,258,1,1,50#
113795,$JYJ,13311577439,20111101153954,116.400368,40.004009,429121420,147476003,0,90,0,0,50#
52716,$JYJ,13321164574,20111101153715,116.404518,40.004601,429136708,147478168,0,170,1,1,50#
13514,$JYJ,13311566764,20111101154031,116.401733,40.005974,429126456,147483244,25,0,0,0,50#
22102,$JYJ,13311577439,20111101154055,116.400551,40.004040,429122076,147476089,25,82,1,1,50#
39981,$JYJ,13311020604,20111101154638,116.402267,40.004288,429128389,147477025,17,78,1,1,50#
24315,$JYJ,13311487152,20111101154559,116.404549,40.004013,429136821,147475987,15,182,0,0,50#
16909,$JYJ,13321199294,20111101154545,116.402748,40.004436,429130162,147477547,0,88,0,0,50#
39731,$JYJ,13321199294,20111101154635,116.402801,40.004467,429130354,147477667,8,100,1,1,50#
34276,$JYJ,13331194947,20111101154624,116.401199,40.001388,429124447,147466328,0,130,1,1,50#
83711,$JYJ,13381095784,20111101154824,116.401619,40.003143,429126005,147472781,0,134,1,1,50#
8467,$JYJ,13311492085,20111101155018,116.401100,40.004700,429124083,147478536,13,90,0,0,50#
99395,$JYJ,13311492197,20111101155411,116.401581,40.007587,429125857,147489180,21,176,1,1,50#
101665,$JYJ,13311566764,20111101155417,116.401718,40.006763,429126375,147486155,26,358,0,0,50#
87703,$JYJ,13321164773,20111101155337,116.408798,40.007942,429152468,147490469,2,252,0,0,50#
68574,$JYJ,13331194078,20111101155250,116.401520,40.001366,429125655,147466254,8,202,1,1,50#
8072,$JYJ,13381083437,20111101155016,116.401520,40.001080,429125642,147465171,12,176,1,1,50#
24841,$JYJ,13381101994,20111101155101,116.406403,40.000362,429143625,147462534,13,78,0,0,50#
63496,$JYJ,13301155543,20111101155738,116.403618,40.004707,429133397,147478575,34,266,0,0,50#
53462,$JYJ,13301214723,20111101155713,116.401436,40.003181,429125338,147472921,21,358,1,1,50#
49619,$JYJ,13311021954,20111101155708,116.404831,40.007046,429137847,147487183,0,0,0,0,50#
31708,$JYJ,13311431377,20111101155620,116.408302,40.005112,429150655,147480053,32,76,1,1,50#
79963,$JYJ,13311563747,20111101155820,116.401764,40.006168,429126540,147483953,19,2,0,0,50#
101887,$JYJ,13331194078,20111101155914,116.401131,40.001137,429124198,147465402,17,324,1,1,50#
48224,$JYJ,13311426153,20111101160204,116.401413,40.003815,429125236,147475269,15,178,0,0,50#
86666,$JYJ,13311426153,20111101160337,116.401451,40.002739,429125413,147471294,19,176,1,1,50#
72195,$JYJ,13311486402,20111101160300,116.404381,40.004807,429136175,147478913,0,290,0,0,50#
76571,$JYJ,13311486441,20111101160309,116.402069,40.001388,429127654,147466323,0,270,0,0,50#
62412,$JYJ,13311492247,20111101160235,116.401520,40.001373,429125628,147466262,0,184,1,1,50#
105112,$JYJ,13381232497,20111101160422,116.402184,40.004497,429128112,147477802,0,216,0,0,50#
49390,$JYJ,13311403766,20111101160703,116.401382,40.003727,429125141,147474947,4,2,1,1,50#
88605,$JYJ,13311426413,20111101160842,116.401298,40.001144,429124836,147465430,0,184,0,0,50#
92793,$JYJ,13331194671,20111101160850,116.402069,40.004089,429127656,147476299,0,68,0,0,50#
66625,$JYJ,13381232416,20111101160747,116.401398,40.000835,429125177,147464288,6,168,1,1,50#
42546,$JYJ,13301214088,20111101161201,116.401337,40.004028,429124982,147476062,0,168,0,0,50#
38103,$JYJ,13311487154,20111101161147,116.405769,40.001598,429141329,147467114,0,254,0,0,50#
34119,$JYJ,13301125459,20111101161628,116.404915,40.005192,429138154,147480333,45,44,1,1,50#
20327,$JYJ,13311431099,20111101161549,116.403580,40.006451,429133234,147484999,2,2,0,0,50#
83375,$JYJ,13311431099,20111101161840,116.402870,40.005066,429130641,147479899,12,100,1,1,50#
28154,$JYJ,13311431595,20111101161612,116.401787,40.007877,429126614,147490254,0,4,0,0,50#
55390,$JYJ,13311431595,20111101161727,116.402435,40.007950,429129030,147490502,13,88,1,1,50#
56895,$JYJ,13321164563,20111101161703,116.409851,40.001484,429156355,147466680,30,84,0,0,50#
101231,$JYJ,13301214654,20111101162420,116.401520,40.003117,429125642,147472682,2,344,0,0,50#
113059,$JYJ,13301254530,20111101162448,116.401665,40.003368,429126193,147473634,8,232,0,0,50#
760,$JYJ,13311431347,20111101162003,116.405296,40.001270,429139568,147465893,4,76,0,0,50#
102469,$JYJ,13311480753,20111101162423,116.407501,40.001534,429147689,147466873,30,266,1,1,50#
86848,$JYJ,13311495209,20111101162347,116.405098,40.004398,429138833,147477425,2,72,0,0,50#
3615,$JYJ,13301214654,20111101162510,116.401466,40.003960,429125471,147475792,2,20,1,1,50#
18505,$JYJ,13311022534,20111101162542,116.409332,40.001434,429154445,147466500,8,264,1,1,50#
81090,$JYJ,13311403392,20111101162826,116.404320,40.004776,429135990,147478823,15,16,1,1,50#
82757,$JYJ,13311480753,20111101162831,116.402687,40.009472,429129968,147496121,2,88,0,0,50#
313,$JYJ,13311495209,20111101162502,116.404449,40.004780,429136434,147478823,12,270,1,1,50#
58886,$JYJ,13311564442,20111101162729,116.408501,40.007912,429151359,147490363,0,90,0,0,50#
20915,$JYJ,13331156443,20111101162547,116.407814,40.004894,429148839,147479250,25,246,1,1,50#
34412,$JYJ,13301209475,20111101163133,116.401680,40.000168,429126227,147461816,30,358,0,0,50#
84867,$JYJ,13311492156,20111101163336,116.402351,40.004322,429128722,147477148,0,144,1,1,50#
1139,$JYJ,13311495244,20111101163004,116.409836,40.001198,429156274,147465623,45,88,0,0,50#
83505,$JYJ,13331154804,20111101163335,116.401550,40.001961,429125781,147468429,23,180,1,1,50#
31985,$JYJ,13331194636,20111101163126,116.401451,40.000519,429125388,147463126,4,170,1,1,50#
78590,$JYJ,13381232467,20111101163322,116.404282,40.002831,429135838,147471628,0,352,0,0,50#
66845,$JYJ,13301214678,20111101163849,116.401650,40.004440,429126121,147477583,26,356,1,1,50#
43450,$JYJ,13311403381,20111101163738,116.402916,40.001411,429130798,147466420,17,268,1,1,50#
86221,$JYJ,13311486462,20111101163941,116.401802,40.003067,429126690,147472518,0,322,0,0,50#
89779,$JYJ,13331063402,20111101163953,116.408714,40.000347,429152173,147462492,8,14,0,0,50#
92144,$JYJ,13381102204,20111101163953,116.405167,40.004505,429139103,147477803,0,94,0,0,50#
69451,$JYJ,13311431247,20111101164251,116.406151,40.001301,429142727,147466013,8,148,1,1,50#
55029,$JYJ,13311492147,20111101164219,116.403908,40.003696,429134460,147474834,108,228,1,1,50#
21168,$JYJ,13381069745,20111101164053,116.402084,40.007393,429127730,147488468,2,164,0,0,50#
110564,$JYJ,13311426375,20111101164945,116.402664,40.004188,429129880,147476644,12,240,1,1,50#
92032,$JYJ,13311470459,20111101164855,116.404083,40.003742,429135105,147475010,0,316,0,0,50#
99370,$JYJ,13311488134,20111101165413,116.401619,40.002590,429126020,147470772,10,182,0,0,50#
18561,$JYJ,13311488134,20111101165545,116.401169,40.001125,429124352,147465356,4,278,1,1,50#
83665,$JYJ,13311489640,20111101165840,116.407066,40.005047,429146083,147479824,6,290,1,1,50#
4510,$JYJ,13311470418,20111101170007,116.404068,40.004376,429135042,147477344,0,94,0,0,50#
25041,$JYJ,13311495217,20111101170106,116.401833,40.003269,429126806,147473254,0,310,0,0,50#
40487,$JYJ,13311495217,20111101170148,116.402252,40.003887,429128337,147475552,13,242,1,1,50#
49658,$JYJ,13331187028,20111101170233,116.403847,40.003162,429134205,147472875,0,130,0,0,50#
90603,$JYJ,13381063241,20111101170412,116.401932,40.002098,429127159,147468927,6,42,1,1,50#
9315,$JYJ,13301104018,20111101170524,116.401901,40.000179,429127058,147461852,23,2,1,1,50#
101704,$JYJ,13301214248,20111101170916,116.400253,40.003830,429120979,147475316,0,276,0,0,50#
46450,$JYJ,13311211244,20111101170654,116.404282,40.004402,429135811,147477436,13,358,0,0,50#
12881,$JYJ,13301254196,20111101171030,116.405632,40.004780,429140818,147478828,6,260,1,1,50#
1769,$JYJ,13301254230,20111101171006,116.404099,40.004387,429135137,147477374,0,120,0,0,50#
111755,$JYJ,13301254230,20111101171435,116.404617,40.004513,429137047,147477836,15,72,1,1,50#
86068,$JYJ,13311426383,20111101171335,116.407005,40.001320,429145860,147466086,45,86,0,0,50#
69143,$JYJ,13321199648,20111101171251,116.408218,40.007931,429150348,147490437,0,282,0,0,50#
81958,$JYJ,13301157234,20111101171822,116.400650,40.001019,429122436,147464946,0,154,1,1,50#
114714,$JYJ,13311431358,20111101171944,116.402969,40.001453,429130986,147466558,19,268,1,1,50#
48227,$JYJ,13311495085,20111101171658,116.405800,40.001266,429141430,147465883,15,270,1,1,50#
88090,$JYJ,13311563411,20111101171839,116.401733,40.000511,429126442,147463104,0,152,0,0,50#
88995,$JYJ,13311563411,20111101171843,116.401733,40.000484,429126433,147463006,6,178,1,1,50#
103229,$JYJ,13301125486,20111101172411,116.401550,40.000694,429125775,147463759,15,174,1,1,50#
88675,$JYJ,13301157584,20111101172337,116.401802,40.002789,429126696,147471488,13,2,1,1,50#
8767,$JYJ,13311426383,20111101172022,116.403389,40.001205,429132521,147465651,0,0,1,1,50#
115120,$JYJ,13321199294,20111101172443,116.402801,40.001236,429130381,147465772,21,264,1,1,50#
104978,$JYJ,13321164464,20111101172921,116.405098,40.004681,429138818,147478472,21,264,0,0,50#
62673,$JYJ,13301214085,20111101173236,116.403366,40.001217,429132470,147465710,8,274,0,0,50#
23454,$JYJ,13311489428,20111101173058,116.401497,40.000942,429125544,147464674,13,178,1,1,50#
103424,$JYJ,13311492156,20111101173420,116.400330,40.003998,429121246,147475956,8,34,0,0,50#
30091,$JYJ,13321164586,20111101173115,116.402199,40.003868,429128140,147475482,0,84,0,0,50#
53887,$JYJ,13321164586,20111101173215,116.403366,40.004330,429132446,147477171,13,94,1,1,50#
60502,$JYJ,13321164773,20111101173234,116.406349,40.000664,429143426,147463657,10,44,1,1,50#
58939,$JYJ,13311022554,20111101173724,116.401947,40.003719,429127216,147474927,15,354,0,0,50#
114703,$JYJ,13321164434,20111101173945,116.401558,40.002685,429125807,147471124,17,180,1,1,50#
35765,$JYJ,13321183422,20111101173632,116.400261,40.003921,429121010,147475670,13,72,1,1,50#
62602,$JYJ,13331187193,20111101173733,116.401520,40.007744,429125648,147489746,15,170,1,1,50#
81956,$JYJ,13301214102,20111101174320,116.404984,40.004669,429138422,147478436,13,76,0,0,50#
107242,$JYJ,13301214102,20111101174422,116.405182,40.004703,429139143,147478550,8,68,1,1,50#
105206,$JYJ,13301214603,20111101174416,116.405930,40.001396,429141902,147466344,0,272,1,1,50#
56719,$JYJ,13311470418,20111101174216,116.407486,40.005081,429147632,147479946,0,184,0,0,50#
112916,$JYJ,13311488154,20111101174439,116.403870,40.004765,429134304,147478787,25,82,1,1,50#
43895,$JYJ,13321164561,20111101174147,116.402115,40.003929,429127831,147475708,10,76,0,0,50#
64646,$JYJ,13321164561,20111101174238,116.402283,40.004108,429128473,147476365,0,86,1,1,50#
17339,$JYJ,13370126422,20111101174041,116.408447,40.007923,429151187,147490420,28,92,0,0,50#
109521,$JYJ,13381101824,20111101174424,116.401352,40.002037,429125035,147468725,8,16,0,0,50#
24643,$JYJ,13311403728,20111101174557,116.401367,40.001213,429125089,147465665,8,262,0,0,50#
36168,$JYJ,13311403728,20111101174628,116.400970,40.001091,429123621,147465241,17,258,1,1,50#
92200,$JYJ,13311487284,20111101174853,116.401215,40.001106,429124521,147465286,13,268,1,1,50#
50202,$JYJ,13331194017,20111101174704,116.406235,40.001244,429143033,147465792,0,136,0,0,50#
56010,$JYJ,13301156479,20111101175222,116.401413,40.002975,429125258,147472171,0,0,0,0,50#
66920,$JYJ,13301157743,20111101175244,116.404449,40.002434,429136449,147470166,0,308,0,0,50#
96644,$JYJ,13311489466,20111101175402,116.400085,40.003857,429120365,147475434,0,86,0,0,50#
89989,$JYJ,13321164464,20111101175340,116.408615,40.006821,429151816,147486342,4,0,0,0,50#
18463,$JYJ,13301156479,20111101175548,116.401566,40.001534,429125810,147466869,23,354,1,1,50#
15775,$JYJ,13301214209,20111101175542,116.401886,40.003426,429127010,147473847,10,0,0,0,50#
95415,$JYJ,13311431084,20111101175858,116.403519,40.004566,429133013,147478044,15,258,1,1,50#
14566,$JYJ,13311489466,20111101175539,116.400116,40.003891,429120484,147475559,0,86,1,1,50#
49519,$JYJ,13311495109,20111101175651,116.401413,40.001614,429125243,147467142,0,178,1,1,50#
106991,$JYJ,13331187196,20111101175927,116.409714,40.001541,429155851,147466872,13,262,1,1,50#
8637,$JYJ,13331188947,20111101175522,116.401459,40.007523,429125403,147488957,23,178,0,0,50#
107118,$JYJ,13370126426,20111101175923,116.400917,40.003349,429123420,147473544,0,350,0,0,50#
113522,$JYJ,13311480791,20111101180439,116.401535,40.002670,429125697,147471038,6,332,0,0,50#
61863,$JYJ,13321174958,20111101180235,116.406578,40.005035,429144305,147479770,10,266,1,1,50#
89232,$JYJ,13381235491,20111101180339,116.405037,40.004803,429138598,147478923,0,30,0,0,50#
84716,$JYJ,13301272108,20111101180831,116.402382,40.004486,429128807,147477737,0,316,1,1,50#
93406,$JYJ,13311480791,20111101180852,116.404213,40.004635,429135588,147478285,15,264,1,1,50#
21788,$JYJ,13311489320,20111101180553,116.409584,40.005264,429155375,147480619,28,84,1,1,50#
97982,$JYJ,13331187138,20111101180902,116.409866,40.005188,429156391,147480339,26,72,1,1,50#
49402,$JYJ,13370126426,20111101180701,116.401466,40.003681,429125444,147474763,26,172,1,1,50#
47484,$JYJ,13301171714,20111101181157,116.405037,40.004730,429138603,147478634,4,272,0,0,50#
95740,$JYJ,13301171714,20111101181359,116.403351,40.004803,429132404,147478916,10,78,1,1,50#
40710,$JYJ,13301254306,20111101181144,116.404320,40.001511,429135988,147466763,0,266,0,0,50#
2631,$JYJ,13311489647,20111101181007,116.401802,40.002682,429126669,147471085,4,62,0,0,50#
48842,$JYJ,13311489647,20111101181203,116.401947,40.003712,429127208,147474903,8,344,1,1,50#
18278,$JYJ,13331156403,20111101181045,116.401550,40.003857,429125769,147475415,10,188,0,0,50#
71108,$JYJ,13331156403,20111101181258,116.401032,40.001957,429123828,147468415,6,168,1,1,50#
2287,$JYJ,13331156409,20111101181003,116.409798,40.009811,429156170,147497377,6,172,1,1,50#
67035,$JYJ,13311426087,20111101181745,116.404602,40.004574,429137009,147478053,0,74,0,0,50#
95882,$JYJ,13311426087,20111101181859,116.404800,40.004665,429137730,147478416,19,94,1,1,50#
82008,$JYJ,13311480794,20111101181825,116.406220,40.000214,429142956,147461982,19,356,0,0,50#
117876,$JYJ,13301204991,20111101182455,116.401535,40.002708,429125723,147471206,0,42,0,0,50#
84376,$JYJ,13311021574,20111101182328,116.401398,40.003777,429125180,147475143,15,172,1,1,50#
114638,$JYJ,13311431146,20111101182443,116.407547,40.004452,429147858,147477632,0,140,0,0,50#
392,$JYJ,13311488125,20111101181959,116.405602,40.001480,429140682,147466676,0,286,0,0,50#
75647,$JYJ,13311489377,20111101182305,116.401680,40.007488,429126224,147488806,23,170,1,1,50#
44253,$JYJ,13321174873,20111101182149,116.401848,40.004188,429126866,147476640,0,242,1,1,50#
505,$JYJ,13331184809,20111101181957,116.409668,40.001110,429155682,147465280,36,92,0,0,50#
10163,$JYJ,13311426383,20111101182526,116.406357,40.001411,429143487,147466399,6,266,1,1,50#
23423,$JYJ,13311495337,20111101182554,116.401337,40.006706,429124986,147485926,0,214,0,0,50#
64563,$JYJ,13331188784,20111101182739,116.401535,40.000980,429125692,147464833,15,174,1,1,50#
102284,$JYJ,13370126432,20111101182912,116.402153,40.001171,429128001,147465534,0,88,0,0,50#
8545,$JYJ,13311403392,20111101183018,116.401382,40.006046,429125147,147483499,19,354,1,1,50#
67225,$JYJ,13311426024,20111101183247,116.401413,40.006672,429125260,147485811,4,174,0,0,50#
15638,$JYJ,13311426297,20111101183037,116.407913,40.004921,429149218,147479337,0,174,0,0,50#
50615,$JYJ,13311426297,20111101183203,116.408180,40.005085,429150209,147479963,15,270,1,1,50#
33279,$JYJ,13311426024,20111101183621,116.401115,40.001518,429124169,147466797,8,188,1,1,50#
18894,$JYJ,13311426458,20111101183547,116.400269,40.004379,429121032,147477335,4,300,0,0,50#
57481,$JYJ,13311426458,20111101183718,116.400101,40.004120,429120419,147476410,2,186,1,1,50#
10424,$JYJ,13321174737,20111101183527,116.401680,40.000172,429126221,147461824,23,6,1,1,50#
59781,$JYJ,13331194260,20111101183727,116.401382,40.000637,429125161,147463543,23,178,0,0,50#
22553,$JYJ,13331194264,20111101183555,116.401199,40.001160,429124462,147465487,10,264,1,1,50#
71558,$JYJ,13331194562,20111101183756,116.401665,40.006725,429126174,147486014,19,190,1,1,50#
69821,$JYJ,13311403132,20111101184251,116.401535,40.007759,429125700,147489802,13,164,1,1,50#
5024,$JYJ,13311453419,20111101184008,116.409485,40.001629,429154998,147467223,0,226,0,0,50#
63548,$JYJ,13311453419,20111101184236,116.405830,40.001556,429141543,147466952,12,268,1,1,50#
53504,$JYJ,13381083433,20111101184213,116.402031,40.003555,429127552,147474310,10,6,0,0,50#
89304,$JYJ,13311023904,20111101184843,116.400970,40.001373,429123639,147466285,0,0,0,0,50#
80605,$JYJ,13311486443,20111101184818,116.400681,40.003982,429122559,147475896,10,78,1,1,50#
36431,$JYJ,13311495105,20111101184627,116.402466,40.004410,429129143,147477465,0,78,1,1,50#
2192,$JYJ,13321164794,20111101184501,116.401817,40.000797,429126736,147464148,0,30,0,0,50#
19944,$JYJ,13301138421,20111101185052,116.401367,40.003181,429125092,147472952,0,340,1,1,50#
75289,$JYJ,13301254539,20111101185305,116.402115,40.004280,429127845,147477001,0,96,0,0,50#
41413,$JYJ,13311191474,20111101185145,116.401466,40.000778,429125454,147464062,34,348,0,0,50#
110397,$JYJ,13311403713,20111101185425,116.406151,40.000881,429142711,147464463,8,2,0,0,50#
1569,$JYJ,13311025847,20111101185503,116.405319,40.004738,429139665,147478673,10,82,0,0,50#
32355,$JYJ,13311025847,20111101185620,116.405334,40.004742,429139707,147478672,0,12,1,1,50#
20936,$JYJ,13311470315,20111101185551,116.406769,40.005135,429145000,147480141,17,258,1,1,50#
29819,$JYJ,13311565724,20111101185615,116.408203,40.001373,429150264,147466271,26,88,1,1,50#
8890,$JYJ,13311191448,20111101190021,116.401169,40.001415,429124343,147466410,13,184,1,1,50#
86824,$JYJ,13331194745,20111101190335,116.401199,40.001579,429124460,147467019,12,174,1,1,50#
59971,$JYJ,13301254267,20111101190729,116.401520,40.003845,429125638,147475372,26,176,1,1,50#
68152,$JYJ,13311162424,20111101190752,116.404236,40.003067,429135671,147472510,2,70,0,0,50#
103748,$JYJ,13311162424,20111101190921,116.404114,40.004543,429135205,147477971,13,264,1,1,50#
89318,$JYJ,13311431161,20111101190841,116.401619,40.003887,429126006,147475527,0,54,0,0,50#
13504,$JYJ,13311495256,20111101190536,116.401367,40.003738,429125079,147474998,21,172,1,1,50#
106249,$JYJ,13331063466,20111101190927,116.400032,40.005424,429120150,147481189,12,182,1,1,50#
80929,$JYJ,13301104037,20111101191311,116.404350,40.004890,429136086,147479226,10,44,0,0,50#
92892,$JYJ,13301214148,20111101191355,116.405975,40.007523,429142091,147488956,19,178,0,0,50#
111380,$JYJ,13301214148,20111101191442,116.405846,40.007366,429141602,147488356,0,0,0,0,50#
113249,$JYJ,13301214148,20111101191446,116.405846,40.007366,429141576,147488359,0,0,0,0,50#
28272,$JYJ,13301254319,20111101191111,116.403648,40.004883,429133513,147479224,8,268,0,0,50#
98940,$JYJ,13301254356,20111101191411,116.403831,40.001278,429134175,147465918,28,266,1,1,50#
46919,$JYJ,13301272969,20111101191201,116.408516,40.008064,429151436,147490941,2,182,1,1,50#
34428,$JYJ,13311489373,20111101191128,116.401497,40.005806,429125567,147482628,6,150,1,1,50#
3616,$JYJ,13331194147,20111101191007,116.402031,40.002205,429127536,147469324,2,44,0,0,50#
52690,$JYJ,13331194775,20111101191215,116.401932,40.007736,429127165,147489731,2,348,0,0,50#
39131,$JYJ,13301174910,20111101191640,116.406952,40.001476,429145690,147466638,0,262,0,0,50#
68898,$JYJ,13301214148,20111101191753,116.405846,40.007366,429141574,147488357,0,0,0,0,50#
61925,$JYJ,13311426331,20111101191736,116.405701,40.007236,429141050,147487873,4,346,0,0,50#
74104,$JYJ,13311431498,20111101191806,116.401863,40.001091,429126905,147465218,8,82,1,1,50#
100509,$JYJ,13321174958,20111101191909,116.400002,40.004051,429120064,147476135,0,0,0,0,50#
19810,$JYJ,13321199348,20111101191548,116.401619,40.003372,429125999,147473632,0,358,0,0,50#
119476,$JYJ,13321199348,20111101191951,116.408768,40.005154,429152373,147480220,0,70,1,1,50#
22589,$JYJ,13331187091,20111101191556,116.402313,40.003986,429128575,147475918,8,88,0,0,50#
82670,$JYJ,13311426410,20111101192329,116.406418,40.000172,429143678,147461843,0,0,0,0,50#
9676,$JYJ,13321180459,20111101192025,116.401566,40.000767,429125810,147464018,2,350,0,0,50#
52296,$JYJ,13321180459,20111101192213,116.401230,40.001057,429124568,147465116,13,264,1,1,50#
22572,$JYJ,13321174958,20111101192559,116.401566,40.003723,429125811,147474923,6,176,1,1,50#
11338,$JYJ,13321199476,20111101192531,116.401733,40.003197,429126456,147472990,0,26,0,0,50#
61902,$JYJ,13331093447,20111101192735,116.409447,40.003715,429154847,147474885,30,334,1,1,50#
27141,$JYJ,13301204991,20111101193108,116.401184,40.008137,429124423,147491207,8,228,1,1,50#
9195,$JYJ,13301214102,20111101193020,116.401619,40.001736,429125994,147467607,17,350,1,1,50#
64875,$JYJ,13311488154,20111101193244,116.408135,40.007725,429150043,147489668,0,206,0,0,50#
61968,$JYJ,13331111480,20111101193235,116.400917,40.001194,429123422,147465620,0,214,0,0,50#
93461,$JYJ,13381083448,20111101193356,116.400970,40.006935,429123637,147486762,10,10,0,0,50#
23002,$JYJ,13311488154,20111101193600,116.404365,40.004749,429136139,147478725,15,266,1,1,50#
2888,$JYJ,13381068854,20111101193506,116.401382,40.003876,429125148,147475501,0,196,0,0,50#
2635,$JYJ,13381083448,20111101193508,116.402214,40.007938,429128207,147490482,21,88,1,1,50#
52102,$JYJ,13301214038,20111101194211,116.404015,40.005096,429134857,147480007,0,24,0,0,50#
61459,$JYJ,13311426417,20111101194139,116.400101,40.007229,429120418,147487856,10,56,0,0,50#
105901,$JYJ,13311453441,20111101194424,116.401466,40.007420,429125447,147488545,36,180,0,0,50#
40286,$JYJ,13311492338,20111101194142,116.402870,40.000080,429130615,147461517,21,64,0,0,50#
104193,$JYJ,13331194793,20111101194419,116.401016,40.001102,429123808,147465286,0,144,0,0,50#
31616,$JYJ,13301127498,20111101194618,116.401916,40.004356,429127118,147477264,13,92,1,1,50#
31726,$JYJ,13301204833,20111101194618,116.403252,40.004162,429132026,147476535,54,102,0,0,50#
105085,$JYJ,13301204879,20111101194924,116.409081,40.001122,429153511,147465350,2,330,0,0,50#
23744,$JYJ,13311453441,20111101194558,116.401115,40.004292,429124169,147477043,10,240,1,1,50#
59682,$JYJ,13311480675,20111101194730,116.408470,40.006825,429151246,147486373,0,316,0,0,50#
88081,$JYJ,13321164773,20111101194842,116.404236,40.001812,429135669,147467873,25,146,0,0,50#
97404,$JYJ,13301164969,20111101195404,116.401733,40.007900,429126445,147490327,0,0,0,0,50#
107828,$JYJ,13311426453,20111101195435,116.402786,40.004532,429130297,147477918,6,50,1,1,50#
46815,$JYJ,13331156417,20111101195137,116.405670,40.005173,429140967,147480274,6,272,0,0,50#
52890,$JYJ,13331156417,20111101195212,116.405533,40.004982,429140427,147479558,21,258,1,1,50#
39549,$JYJ,13370189168,20111101195138,116.405037,40.000145,429138605,147461731,91,6,1,1,50#
52645,$JYJ,13301209475,20111101195747,116.401947,40.002212,429127225,147469379,0,174,0,0,50#
6930,$JYJ,13301251465,20111101195516,116.405518,40.004692,429140379,147478518,8,56,0,0,50#
68184,$JYJ,13311191434,20111101195831,116.407593,40.005020,429148039,147479728,21,272,0,0,50#
73271,$JYJ,13311486550,20111101195841,116.405380,40.004883,429139862,147479207,8,190,1,1,50#
23505,$JYJ,13311565476,20111101195600,116.401314,40.000851,429124905,147464361,13,184,1,1,50#
18699,$JYJ,13301214897,20111101200045,116.409950,40.001572,429156724,147466993,10,266,1,1,50#
49014,$JYJ,13311426199,20111101200200,116.403465,40.002918,429132823,147471966,10,354,0,0,50#
102568,$JYJ,13381077417,20111101200422,116.400185,40.003738,429120706,147474993,0,232,0,0,50#
85960,$JYJ,13381101994,20111101200341,116.402214,40.004318,429128221,147477138,12,258,1,1,50#
49700,$JYJ,13311426199,20111101200706,116.407181,40.001194,429146506,147465614,21,268,1,1,50#
53036,$JYJ,13311495105,20111101200713,116.404350,40.004265,429136070,147476944,2,62,1,1,50#
30080,$JYJ,13331154941,20111101200613,116.400002,40.003899,429120049,147475594,2,94,0,0,50#
68262,$JYJ,13331154941,20111101200752,116.401413,40.003399,429125243,147473723,6,154,1,1,50#
81841,$JYJ,13331184924,20111101200823,116.407585,40.001648,429148021,147467271,49,108,0,0,50#
6677,$JYJ,13301156454,20111101201016,116.400147,40.003967,429120582,147475844,4,268,1,1,50#
71916,$JYJ,13301254217,20111101201258,116.406548,40.001526,429144177,147466831,0,170,0,0,50#
63328,$JYJ,13311300724,20111101201239,116.400307,40.003963,429121171,147475833,19,72,1,1,50#
100815,$JYJ,13311431600,20111101201407,116.409035,40.004284,429153359,147477006,12,318,1,1,50#
960,$JYJ,13331156447,20111101201000,116.406403,40.004452,429143657,147477615,17,112,0,0,50#
88871,$JYJ,13331156447,20111101201326,116.408135,40.004993,429150050,147479607,2,62,1,1,50#
74604,$JYJ,13331194926,20111101201308,116.402199,40.004024,429128154,147476030,15,266,1,1,50#
72992,$JYJ,13301127498,20111101201800,116.404915,40.004635,429138165,147478311,25,92,1,1,50#
11621,$JYJ,13311431091,20111101201526,116.402000,40.003079,429127417,147472568,4,4,0,0,50#
53732,$JYJ,13311486289,20111101202215,116.409798,40.007263,429156154,147487984,26,180,1,1,50#
102866,$JYJ,13311573243,20111101202415,116.409798,40.001370,429156140,147466263,25,94,0,0,50#
82583,$JYJ,13331187072,20111101202330,116.400932,40.001442,429123493,147466518,28,264,1,1,50#
62212,$JYJ,13301125049,20111101202730,116.409134,40.004288,429153728,147477014,23,208,0,0,50#
27223,$JYJ,13311453335,20111101202606,116.402687,40.004158,429129969,147476523,12,222,0,0,50#
107580,$JYJ,13311488227,20111101202924,116.405998,40.004757,429142163,147478737,23,82,1,1,50#
21430,$JYJ,13331156415,20111101202552,116.400200,40.003994,429120798,147475924,13,66,0,0,50#
66795,$JYJ,13331156415,20111101202744,116.401650,40.003552,429126139,147474296,19,178,1,1,50#
24428,$JYJ,13381153638,20111101202603,116.401283,40.004086,429124791,147476260,2,252,0,0,50#
66499,$JYJ,13301214221,20111101203248,116.406067,40.004967,429142406,147479521,2,254,0,0,50#
35949,$JYJ,13311453335,20111101203128,116.400368,40.001503,429121419,147466762,21,270,1,1,50#
35780,$JYJ,13331093406,20111101203127,116.400185,40.005566,429120728,147481729,17,180,0,0,50#
69160,$JYJ,13301128413,20111101203747,116.404266,40.001995,429135783,147468564,13,0,0,0,50#
85400,$JYJ,13311426435,20111101203829,116.400818,40.001179,429123051,147465564,2,266,0,0,50#
32571,$JYJ,13311453335,20111101203624,116.408150,40.002354,429150079,147469866,45,46,0,0,50#
86745,$JYJ,13381066894,20111101203837,116.409851,40.001572,429156358,147467007,28,264,1,1,50#
45169,$JYJ,13311162441,20111101204210,116.408470,40.005364,429151270,147480994,6,276,1,1,50#
86157,$JYJ,13311300814,20111101204352,116.401375,40.005352,429125108,147480943,10,196,1,1,50#
76869,$JYJ,13381153626,20111101204325,116.405617,40.001766,429140768,147467719,39,310,1,1,50#
58836,$JYJ,13301204939,20111101204726,116.401634,40.003704,429126060,147474851,25,178,1,1,50#
116547,$JYJ,13311403226,20111101204951,116.403801,40.002377,429134064,147469963,0,280,0,0,50#
50332,$JYJ,13381083481,20111101204705,116.403534,40.004394,429133051,147477412,0,90,0,0,50#
100197,$JYJ,13381083481,20111101204910,116.406235,40.004883,429143008,147479210,12,76,1,1,50#
102141,$JYJ,13301164951,20111101205417,116.401764,40.002792,429126560,147471492,15,180,1,1,50#
79483,$JYJ,13301204836,20111101205823,116.402504,40.004730,429129272,147478649,21,68,1,1,50#
86595,$JYJ,13311453206,20111101205835,116.400070,40.003990,429120312,147475933,6,80,0,0,50#
17198,$JYJ,13311488126,20111101205545,116.401520,40.000458,429125656,147462886,17,182,1,1,50#
26559,$JYJ,13311426309,20111101210108,116.407135,40.005035,429146356,147479784,8,138,0,0,50#
96930,$JYJ,13311470353,20111101210400,116.402885,40.001545,429130676,147466917,17,82,1,1,50#
97414,$JYJ,13321174602,20111101210359,116.403786,40.004684,429133979,147478481,0,58,0,0,50#
114089,$JYJ,13331185840,20111101210442,116.400131,40.005241,429120542,147480520,0,350,0,0,50#
81019,$JYJ,13311431112,20111101210819,116.404266,40.002987,429135788,147472211,0,330,0,0,50#
116452,$JYJ,13311431112,20111101210947,116.404266,40.002979,429135779,147472198,0,296,1,1,50#
2674,$JYJ,13321174602,20111101210505,116.405296,40.004845,429139552,147479083,0,50,1,1,50#
89100,$JYJ,13311426309,20111101211343,116.401497,40.007667,429125567,147489469,10,172,1,1,50#
80040,$JYJ,13321164357,20111101211321,116.406670,40.001480,429144643,147466669,10,88,0,0,50#
4492,$JYJ,13321164587,20111101211010,116.407250,40.005138,429146748,147480162,23,270,0,0,50#
1602,$JYJ,13370126426,20111101211000,116.406548,40.001453,429144167,147466579,0,94,0,0,50#
11895,$JYJ,13321164587,20111101211524,116.401298,40.001198,429124850,147465638,17,266,1,1,50#
17439,$JYJ,13321199456,20111101211541,116.400330,40.003975,429121279,147475878,8,60,1,1,50#
3591,$JYJ,13311495306,20111101212009,116.401398,40.004086,429125209,147476284,2,138,1,1,50#
89614,$JYJ,13301254513,20111101212839,116.401268,40.004086,429124741,147476255,21,264,1,1,50#
115313,$JYJ,13311403233,20111101212942,116.404335,40.004730,429136007,147478644,26,254,1,1,50#
89788,$JYJ,13311431461,20111101212840,116.409965,40.001629,429156791,147467224,19,272,1,1,50#
5216,$JYJ,13381083469,20111101212511,116.409180,40.001171,429153885,147465537,2,356,1,1,50#
16183,$JYJ,13331154942,20111101213040,116.401436,40.001007,429125352,147464927,0,194,1,1,50#
7974,$JYJ,13311426413,20111101213518,116.401482,40.003929,429125519,147475693,25,344,0,0,50#
39148,$JYJ,13311431267,20111101213642,116.400131,40.004940,429120543,147479427,6,230,0,0,50#
104137,$JYJ,13321164883,20111101213922,116.401581,40.005646,429125866,147482010,0,246,1,1,50#
70247,$JYJ,13331184820,20111101213756,116.409416,40.001534,429154754,147466854,19,258,1,1,50#
34985,$JYJ,13331194782,20111101213628,116.401703,40.004250,429126319,147476857,0,172,0,0,50#
74661,$JYJ,13301214216,20111101214307,116.409599,40.007984,429155430,147490623,13,270,1,1,50#
57552,$JYJ,13321183471,20111101214223,116.401482,40.001293,429125497,147465987,4,220,1,1,50#
54434,$JYJ,13381100974,20111101214215,116.408135,40.005074,429150046,147479923,4,84,0,0,50#
111286,$JYJ,13381100974,20111101214437,116.402664,40.004303,429129855,147477081,0,76,1,1,50#
19184,$JYJ,13311022864,20111101214549,116.405487,40.004650,429140262,147478336,6,72,1,1,50#
21188,$JYJ,13311480726,20111101214554,116.404266,40.002678,429135774,147471066,8,32,0,0,50#
19060,$JYJ,13301214279,20111101215045,116.401482,40.005955,429125492,147483157,15,178,0,0,50#
76159,$JYJ,13301272729,20111101215309,116.404633,40.004734,429137137,147478666,12,268,0,0,50#
48872,$JYJ,13311489663,20111101215204,116.401459,40.007050,429125407,147487197,23,180,1,1,50#
106776,$JYJ,13331156482,20111101215428,116.400581,40.001293,429122182,147465983,26,266,1,1,50#
17870,$JYJ,13381083464,20111101215047,116.407318,40.005035,429147001,147479761,23,82,0,0,50#
31451,$JYJ,13301214177,20111101215622,116.401436,40.004028,429125359,147476074,8,134,1,1,50#
112916,$JYJ,13311480663,20111101215944,116.401764,40.002968,429126542,147472162,0,0,0,0,50#
67020,$JYJ,13311480703,20111101215750,116.409470,40.005173,429154931,147480272,0,108,0,0,50#
21721,$JYJ,13311480718,20111101215554,116.409752,40.001457,429155982,147466572,36,86,0,0,50#
55919,$JYJ,13311480718,20111101215719,116.409813,40.001636,429156206,147467244,10,256,1,1,50#
20803,$JYJ,13321199476,20111101215553,116.405632,40.004742,429140811,147478691,0,6,0,0,50#
24253,$JYJ,13321199476,20111101215605,116.405670,40.004780,429140942,147478812,10,72,1,1,50#
62797,$JYJ,13331188524,20111101215740,116.401428,40.006439,429125331,147484960,6,180,0,0,50#
19248,$JYJ,13311470468,20111101220051,116.401642,40.000915,429126117,147464581,2,350,0,0,50#
1317,$JYJ,13311480703,20111101220006,116.405670,40.004829,429140961,147479006,21,260,1,1,50#
12644,$JYJ,13321164890,20111101220032,116.401581,40.003204,429125882,147473007,19,178,1,1,50#
81554,$JYJ,13321199479,20111101220320,116.400284,40.003929,429121086,147475682,10,64,1,1,50#
95767,$JYJ,13331188524,20111101220400,116.404518,40.004703,429136697,147478550,0,0,0,0,50#
95545,$JYJ,13301157441,20111101220855,116.401413,40.003326,429125263,147473459,0,218,0,0,50#
112270,$JYJ,13301157441,20111101220936,116.401413,40.003326,429125235,147473480,0,336,1,1,50#
41693,$JYJ,13311022864,20111101220645,116.406418,40.001266,429143680,147465879,10,40,1,1,50#
84107,$JYJ,13311162424,20111101221334,116.406570,40.001373,429144275,147466271,10,56,1,1,50#
118197,$JYJ,13311470485,20111101221457,116.401550,40.000755,429125751,147463978,28,176,1,1,50#
61907,$JYJ,13301272027,20111101221731,116.401451,40.003723,429125406,147474944,25,188,0,0,50#
90626,$JYJ,13331111485,20111101221845,116.404152,40.004341,429135368,147477225,0,68,0,0,50#
31052,$JYJ,13331188524,20111101221617,116.404518,40.004703,429136695,147478561,0,0,0,0,50#
37434,$JYJ,13331188524,20111101221635,116.404343,40.004608,429136066,147478186,17,252,1,1,50#
72607,$JYJ,13301254519,20111101222257,116.401268,40.003777,429124719,147475147,2,186,0,0,50#
99828,$JYJ,13301254519,20111101222407,116.401298,40.003784,429124853,147475164,0,188,1,1,50#
70861,$JYJ,13311403529,20111101222758,116.401367,40.001045,429125076,147465066,6,142,0,0,50#
40004,$JYJ,13311487206,20111101222638,116.400299,40.003979,429121140,147475871,8,88,0,0,50#
7915,$JYJ,13311403143,20111101223016,116.400017,40.005508,429120107,147481530,0,352,0,0,50#
54319,$JYJ,13311403143,20111101223216,116.400131,40.003998,429120529,147475951,0,156,1,1,50#
49023,$JYJ,13311426414,20111101223202,116.401398,40.006420,429125194,147484886,21,182,1,1,50#
114606,$JYJ,13311426431,20111101223444,116.401451,40.000794,429125393,147464148,12,172,0,0,50#
687,$JYJ,13311453361,20111101223003,116.400032,40.005364,429120170,147480990,10,2,0,0,50#
63509,$JYJ,13311453361,20111101223242,116.400368,40.003910,429121422,147475609,19,84,1,1,50#
77851,$JYJ,13311487206,20111101223314,116.406464,40.000187,429143862,147461880,6,182,1,1,50#
61840,$JYJ,13321164536,20111101223235,116.400536,40.003876,429122000,147475481,10,76,1,1,50#
32384,$JYJ,13321174613,20111101223122,116.401863,40.006943,429126916,147486792,17,346,0,0,50#
17954,$JYJ,13331194986,20111101223047,116.402313,40.002483,429128563,147470357,26,152,0,0,50#
107510,$JYJ,13311403092,20111101223930,116.405182,40.004570,429139140,147478062,0,92,0,0,50#
45260,$JYJ,13311453492,20111101223656,116.406898,40.001335,429145486,147466122,21,86,0,0,50#
71694,$JYJ,13381066648,20111101223759,116.401482,40.004524,429125510,147477893,12,254,1,1,50#
22418,$JYJ,13381235459,20111101223600,116.403015,40.001091,429131169,147465242,0,106,0,0,50#
55544,$JYJ,13381235459,20111101223721,116.403816,40.001385,429134118,147466321,25,264,1,1,50#
1544,$JYJ,13301164924,20111101224001,116.408035,40.004707,429149675,147478572,2,324,0,0,50#
26561,$JYJ,13301204955,20111101224107,116.402496,40.002953,429129244,147472096,0,108,0,0,50#
63445,$JYJ,13301204955,20111101224235,116.402451,40.002949,429129096,147472095,8,274,1,1,50#
78931,$JYJ,13301214289,20111101224315,116.400131,40.005318,429120508,147480828,2,316,0,0,50#
40880,$JYJ,13311480715,20111101224142,116.405586,40.004753,429140651,147478745,0,86,0,0,50#
20298,$JYJ,13321174717,20111101224050,116.401581,40.007576,429125876,147489140,4,128,1,1,50#
70690,$JYJ,13321183462,20111101224251,116.409630,40.001591,429155530,147467052,19,274,1,1,50#
49740,$JYJ,13331187010,20111101224201,116.400215,40.004093,429120817,147476307,0,0,1,1,50#
102005,$JYJ,13311480715,20111101224911,116.402069,40.004433,429127658,147477559,12,252,1,1,50#
42276,$JYJ,13311489608,20111101224646,116.408371,40.005917,429150893,147483024,2,2,0,0,50#
946,$JYJ,13311489608,20111101225005,116.406731,40.004944,429144837,147479447,17,258,1,1,50#
39690,$JYJ,13301214660,20111101230137,116.400085,40.005592,429120359,147481837,4,350,0,0,50#
79773,$JYJ,13311426482,20111101230318,116.400314,40.004192,429121184,147476669,28,64,0,0,50#
8066,$JYJ,13311486289,20111101230016,116.406532,40.007679,429144107,147489514,25,88,1,1,50#
107861,$JYJ,13331093495,20111101230432,116.406151,40.001087,429142716,147465204,17,170,0,0,50#
37210,$JYJ,13311403484,20111101230635,116.409241,40.005161,429154115,147480228,6,274,0,0,50#
99160,$JYJ,13321183497,20111101230909,116.400147,40.004067,429120591,147476195,0,346,0,0,50#
31593,$JYJ,13311426450,20111101231120,116.404213,40.001415,429135589,147466417,19,266,1,1,50#
71200,$JYJ,13321183497,20111101231258,116.401451,40.003414,429125378,147473810,12,186,1,1,50#
114792,$JYJ,13321199743,20111101231442,116.401650,40.001705,429126108,147467493,23,172,1,1,50#
76375,$JYJ,13331187033,20111101231307,116.401497,40.003494,429125566,147474077,0,48,0,0,50#
110752,$JYJ,13331187033,20111101231432,116.401314,40.003544,429124872,147474288,13,18,1,1,50#
4585,$JYJ,13331194133,20111101231010,116.401566,40.007397,429125832,147488469,21,176,1,1,50#
74749,$JYJ,13331194169,20111101231307,116.400970,40.004429,429123628,147477522,0,236,0,0,50#
95836,$JYJ,13381083481,20111101231356,116.401718,40.000687,429126369,147463725,0,350,0,0,50#
43713,$JYJ,13311453492,20111101231653,116.407066,40.001415,429146082,147466413,15,88,0,0,50#
87311,$JYJ,13311453492,20111101231839,116.403915,40.001617,429134491,147467157,0,280,1,1,50#
45713,$JYJ,13331061149,20111101231652,116.404434,40.002838,429136370,147471674,12,12,0,0,50#
104848,$JYJ,13331154802,20111101231923,116.404137,40.001511,429135301,147466770,32,72,1,1,50#
40817,$JYJ,13301214153,20111101232140,116.409668,40.002171,429155691,147469214,15,260,1,1,50#
82633,$JYJ,13311020946,20111101232322,116.407303,40.005539,429146982,147481641,21,88,0,0,50#
48478,$JYJ,13321164897,20111101232200,116.405747,40.005150,429141232,147480193,4,272,1,1,50#
104670,$JYJ,13381101834,20111101232423,116.400101,40.004005,429120396,147475983,0,0,0,0,50#
98185,$JYJ,13301156341,20111101233409,116.401817,40.001862,429126739,147468084,36,178,2,0,50#
40331,$JYJ,13311162439,20111101233144,116.400368,40.004047,429121400,147476113,0,256,0,0,50#
73079,$JYJ,13321164595,20111101233306,116.402535,40.001190,429129400,147465583,26,82,1,1,50#
56529,$JYJ,13321174613,20111101233210,116.404419,40.004948,429136340,147479444,10,336,0,0,50#
103188,$JYJ,13321180475,20111101233925,116.401466,40.007256,429125432,147487951,32,180,0,0,50#
100352,$JYJ,13321199429,20111101233912,116.401733,40.004112,429126421,147476365,8,0,0,0,50#
66416,$JYJ,13311426381,20111101234248,116.402481,40.004513,429129184,147477833,6,90,1,1,50#
47611,$JYJ,13331156468,20111101234159,116.401436,40.003414,429125351,147473785,0,8,0,0,50#
74503,$JYJ,13331156468,20111101234309,116.401199,40.003422,429124461,147473830,19,4,1,1,50#
59080,$JYJ,13311453446,20111101235233,116.401718,40.003052,429126361,147472474,0,0,0,0,50#
88947,$JYJ,13311453446,20111101235350,116.401749,40.003029,429126480,147472388,13,164,1,1,50#
62174,$JYJ,13311487152,20111101235241,116.408730,40.005165,429152233,147480260,0,268,0,0,50#
46026,$JYJ,13311489616,20111101235200,116.405098,40.004868,429138846,147479139,0,0,0,0,50#
77996,$JYJ,13311489616,20111101235322,116.405045,40.004822,429138649,147478999,17,256,1,1,50#
23754,$JYJ,13301174915,20111101235558,116.404449,40.003471,429136433,147474018,2,232,0,0,50#
31733,$JYJ,13301174915,20111101235617,116.404602,40.002747,429136993,147471317,12,144,1,1,50#
38426,$JYJ,13311453431,20111101235640,116.407898,40.006931,429149151,147486766,15,354,1,1,50#
