50703,$JYJ,13331191534,20111101000734,116.401901,39.944946,429127025,147258234,38,176,0,0,50#
70455,$JYJ,13331191534,20111101000836,116.402000,39.944248,429127381,147255685,13,170,1,1,50#
96279,$JYJ,13311431438,20111101001452,116.402031,39.948425,429127508,147271063,36,344,0,0,50#
55750,$JYJ,13331154856,20111101001749,116.409950,39.949474,429156701,147274935,12,204,1,1,50#
51217,$JYJ,13331194957,20111101001738,116.402267,39.941448,429128392,147245356,0,176,1,1,50#
8897,$JYJ,13301204836,20111101002030,116.401985,39.945217,429127328,147259244,17,158,1,1,50#
18563,$JYJ,13311403128,20111101002055,116.402313,39.940579,429128539,147242134,0,6,0,0,50#
62038,$JYJ,13311571479,20111101002800,116.402130,39.942745,429127888,147250149,0,322,0,0,50#
73704,$JYJ,13331187061,20111101003343,116.409699,39.949181,429155750,147273850,2,226,1,1,50#
83275,$JYJ,13301156458,20111101003906,116.409920,39.948879,429156586,147272759,32,180,1,1,50#
43015,$JYJ,13301214506,20111101003708,116.402153,39.942039,429127955,147247520,21,176,0,0,50#
95647,$JYJ,13311020634,20111101003942,116.402130,39.945583,429127879,147260608,0,0,0,0,50#
53520,$JYJ,13311403074,20111101004233,116.402100,39.949150,429127773,147273755,0,358,0,0,50#
54326,$JYJ,13311453223,20111101004235,116.402184,39.941429,429128065,147245289,23,174,0,0,50#
47474,$JYJ,13301127469,20111101004719,116.409935,39.949303,429156629,147274313,21,190,1,1,50#
3068,$JYJ,13311426048,20111101004508,116.401779,39.947113,429126575,147266252,2,130,0,0,50#
14438,$JYJ,13311453300,20111101004538,116.409866,39.949223,429156366,147274011,0,212,0,0,50#
69379,$JYJ,13311453431,20111101004824,116.409920,39.949257,429156599,147274150,13,188,1,1,50#
84517,$JYJ,13311453468,20111101004914,116.402054,39.945339,429127601,147259714,25,174,0,0,50#
72201,$JYJ,13331154726,20111101004834,116.409897,39.949230,429156515,147274052,4,172,1,1,50#
39977,$JYJ,13331156439,20111101004654,116.402100,39.944260,429127747,147255724,0,172,1,1,50#
8358,$JYJ,13311300594,20111101005024,116.404518,39.947472,429136662,147267544,30,74,1,1,50#
24070,$JYJ,13311426357,20111101005107,116.409920,39.949211,429156592,147273963,12,174,1,1,50#
75937,$JYJ,13311453321,20111101005343,116.409882,39.949272,429156449,147274179,13,178,1,1,50#
959,$JYJ,13321180064,20111101004958,116.409935,39.949246,429156655,147274108,0,206,1,1,50#
42392,$JYJ,13321199429,20111101005203,116.409935,39.949219,429156626,147273986,10,176,1,1,50#
46530,$JYJ,13311495330,20111101005714,116.401863,39.949703,429126893,147275773,10,172,1,1,50#
83126,$JYJ,13301104030,20111101010409,116.402069,39.949913,429127652,147276547,6,26,1,1,50#
10766,$JYJ,13311495127,20111101010029,116.402069,39.945339,429127664,147259684,23,182,0,0,50#
76027,$JYJ,13311565847,20111101010347,116.402603,39.948650,429129598,147271901,0,154,0,0,50#
15077,$JYJ,13301174954,20111101010544,116.409866,39.948395,429156387,147270967,25,176,2,0,50#
71816,$JYJ,13311492224,20111101011337,116.402031,39.944096,429127494,147255118,10,182,1,1,50#
53452,$JYJ,13331194938,20111101011241,116.402115,39.944145,429127820,147255282,43,174,0,0,50#
85439,$JYJ,13381100604,20111101011926,116.402069,39.942474,429127664,147249138,0,162,1,1,50#
56983,$JYJ,13311480663,20111101012259,116.404999,39.945518,429138429,147260369,0,0,0,0,50#
86395,$JYJ,13381100547,20111101012428,116.402153,39.944119,429127950,147255201,12,352,1,1,50#
24754,$JYJ,13321164530,20111101012618,116.409943,39.949184,429156670,147273855,17,166,1,1,50#
33350,$JYJ,13311022754,20111101013143,116.402000,39.947102,429127383,147266201,0,130,0,0,50#
43107,$JYJ,13321174632,20111101013218,116.409889,39.949070,429156461,147273432,19,174,1,1,50#
27541,$JYJ,13311162436,20111101013626,116.409851,39.949249,429156332,147274112,0,194,0,0,50#
21000,$JYJ,13311162436,20111101014102,116.409851,39.949257,429156338,147274144,6,176,1,1,50#
84944,$JYJ,13331194435,20111101014942,116.409882,39.949177,429156461,147273847,17,182,1,1,50#
58366,$JYJ,13331093461,20111101015315,116.402153,39.945587,429127936,147260615,17,350,1,1,50#
40386,$JYJ,13301214480,20111101020209,116.402451,39.947285,429129047,147266876,17,60,1,1,50#
23552,$JYJ,13311191465,20111101020114,116.402336,39.947155,429128642,147266392,8,74,0,0,50#
31341,$JYJ,13311453478,20111101020645,116.409897,39.949204,429156505,147273925,12,180,1,1,50#
22317,$JYJ,13301214582,20111101021112,116.409866,39.949509,429156404,147275050,4,220,0,0,50#
36065,$JYJ,13301214582,20111101021200,116.409965,39.949413,429156754,147274709,4,190,1,1,50#
74656,$JYJ,13311453478,20111101021415,116.409920,39.949299,429156586,147274306,12,178,1,1,50#
5643,$JYJ,13311489608,20111101021017,116.409523,39.948090,429155113,147269841,25,264,1,1,50#
84320,$JYJ,13301214170,20111101022451,116.402115,39.942051,429127808,147247589,10,184,1,1,50#
9224,$JYJ,13311453210,20111101022027,116.409920,39.949516,429156574,147275082,4,234,0,0,50#
85949,$JYJ,13301214617,20111101022952,116.409851,39.949196,429156310,147273898,0,182,1,1,50#
66983,$JYJ,13331184978,20111101022851,116.402252,39.942505,429128301,147249248,0,0,0,0,50#
1629,$JYJ,13381096534,20111101022501,116.402168,39.940857,429127988,147243164,0,178,0,0,50#
80563,$JYJ,13331156417,20111101023433,116.405167,39.947926,429139062,147269243,13,264,1,1,50#
15997,$JYJ,13331184978,20111101023055,116.402214,39.943909,429128199,147254439,6,0,1,1,50#
79044,$JYJ,13301214292,20111101024935,116.409882,39.948875,429156455,147272722,19,178,1,1,50#
2926,$JYJ,13331194956,20111101024505,116.409981,39.949528,429156797,147275148,4,206,0,0,50#
2303,$JYJ,13301156174,20111101030504,116.409897,39.949322,429156490,147274381,0,192,1,1,50#
46490,$JYJ,13311470388,20111101031247,116.409920,39.949127,429156595,147273670,17,174,1,1,50#
23240,$JYJ,13331194607,20111101033124,116.402046,39.944515,429127543,147256656,30,352,1,1,50#
37547,$JYJ,13311488249,20111101033717,116.402138,39.940769,429127875,147242864,32,178,1,1,50#
58315,$JYJ,13301104112,20111101034333,116.401901,39.946865,429127016,147265337,21,164,1,1,50#
33730,$JYJ,13311489605,20111101041205,116.402252,39.941284,429128305,147244762,52,358,0,0,50#
49923,$JYJ,13321164595,20111101042815,116.401604,39.947292,429125937,147266885,17,136,1,1,50#
63034,$JYJ,13311453359,20111101044357,116.407333,39.941936,429147029,147247164,4,266,0,0,50#
14016,$JYJ,13311489324,20111101044053,116.409920,39.948982,429156578,147273116,23,178,1,1,50#
41657,$JYJ,13301214011,20111101051227,116.404617,39.947941,429137044,147269274,0,250,0,0,50#
74733,$JYJ,13331194550,20111101053409,116.405182,39.942650,429139122,147249774,6,72,0,0,50#
32463,$JYJ,13331194550,20111101053646,116.402252,39.942654,429128299,147249804,13,338,1,1,50#
51045,$JYJ,13331187824,20111101054244,116.409920,39.949337,429156560,147274437,0,196,1,1,50#
68792,$JYJ,13301214890,20111101054838,116.402267,39.942848,429128368,147250516,19,354,1,1,50#
8549,$JYJ,13301277581,20111101054524,116.409149,39.948051,429153736,147269708,39,266,1,1,50#
67802,$JYJ,13311191447,20111101054835,116.405434,39.947075,429140027,147266090,0,262,0,0,50#
91740,$JYJ,13331188843,20111101060446,116.401115,39.947361,429124137,147267161,0,96,1,1,50#
47468,$JYJ,13301254203,20111101060721,116.409882,39.949085,429156444,147273509,26,178,1,1,50#
43625,$JYJ,13301156046,20111101062709,116.409813,39.948982,429156200,147273109,30,176,1,1,50#
81016,$JYJ,13381095347,20111101062857,116.401634,39.948292,429126034,147270568,0,252,0,0,50#
84501,$JYJ,13301214893,20111101063908,116.402359,39.940025,429128718,147240124,0,0,0,0,50#
85646,$JYJ,13301214893,20111101063912,116.402359,39.940025,429128723,147240124,0,0,0,0,50#
67876,$JYJ,13311489496,20111101063818,116.402130,39.943970,429127869,147254660,0,356,0,0,50#
7531,$JYJ,13311489496,20111101064015,116.402084,39.945473,429127699,147260201,8,358,1,1,50#
67878,$JYJ,13311431406,20111101070311,116.401482,39.948059,429125500,147269716,17,172,0,0,50#
23367,$JYJ,13311495207,20111101070103,116.401337,39.948059,429124932,147269720,21,252,1,1,50#
10357,$JYJ,13381069624,20111101070025,116.409569,39.948307,429155292,147270638,12,174,0,0,50#
59403,$JYJ,13381069624,20111101070246,116.402214,39.949890,429128197,147276481,8,4,1,1,50#
50427,$JYJ,13301156944,20111101070722,116.402153,39.943852,429127953,147254225,21,356,0,0,50#
97998,$JYJ,13301127438,20111101071439,116.402496,39.948105,429129234,147269886,17,292,0,0,50#
3422,$JYJ,13301156944,20111101071005,116.402115,39.948475,429127806,147271246,21,344,1,1,50#
94307,$JYJ,13331184984,20111101071424,116.408783,39.944099,429152370,147255126,4,236,0,0,50#
23708,$JYJ,13311453330,20111101071609,116.403160,39.949219,429131653,147273997,4,296,0,0,50#
79419,$JYJ,13311495376,20111101071842,116.409416,39.948151,429154704,147270053,10,252,1,1,50#
36268,$JYJ,13331093476,20111101071644,116.402100,39.944256,429127741,147255720,15,354,1,1,50#
16254,$JYJ,13331194355,20111101071547,116.402069,39.942680,429127637,147249898,0,184,0,0,50#
54883,$JYJ,13311488117,20111101072238,116.402100,39.943108,429127770,147251466,2,184,0,0,50#
71327,$JYJ,13311488117,20111101072326,116.402100,39.942692,429127762,147249925,0,180,1,1,50#
35794,$JYJ,13331194454,20111101072141,116.402115,39.941132,429127809,147244173,0,178,0,0,50#
67974,$JYJ,13311191460,20111101072814,116.402267,39.948372,429128377,147270863,8,280,1,1,50#
2612,$JYJ,13311453283,20111101072504,116.406250,39.940598,429143042,147242226,10,350,0,0,50#
90525,$JYJ,13331154916,20111101072918,116.402336,39.948135,429128631,147269996,21,336,0,0,50#
56598,$JYJ,13370126485,20111101072740,116.401787,39.948738,429126599,147272215,21,178,0,0,50#
79023,$JYJ,13381077443,20111101072850,116.406097,39.940537,429142475,147241988,0,238,0,0,50#
43077,$JYJ,13301156046,20111101073159,116.406601,39.941265,429144359,147244691,13,84,0,0,50#
19544,$JYJ,13311431078,20111101073553,116.409813,39.948830,429156190,147272562,10,176,1,1,50#
26768,$JYJ,13381095645,20111101073613,116.401733,39.948372,429126408,147270869,8,190,0,0,50#
28329,$JYJ,13301155481,20111101074118,116.401970,39.944378,429127284,147256162,10,350,1,1,50#
10112,$JYJ,13301204955,20111101074528,116.401787,39.948662,429126609,147271932,30,178,0,0,50#
80904,$JYJ,13301254163,20111101074854,116.406235,39.940865,429142980,147243214,0,244,0,0,50#
57349,$JYJ,13311403041,20111101075244,116.401619,39.948261,429125968,147270477,0,230,0,0,50#
43059,$JYJ,13311403355,20111101075204,116.402153,39.948410,429127970,147271006,12,338,1,1,50#
80544,$JYJ,13311570314,20111101075348,116.401764,39.948833,429126542,147272580,23,180,0,0,50#
837,$JYJ,13311492113,20111101075459,116.401916,39.949341,429127080,147274442,38,180,0,0,50#
15133,$JYJ,13311492113,20111101075540,116.401581,39.948292,429125852,147270579,4,236,1,1,50#
28665,$JYJ,13331194813,20111101075622,116.406197,39.940323,429142876,147241203,32,168,0,0,50#
64487,$JYJ,13311426383,20111101080303,116.402138,39.948463,429127893,147271200,19,344,1,1,50#
79189,$JYJ,13311431556,20111101080927,116.402069,39.945965,429127655,147261990,25,358,0,0,50#
21875,$JYJ,13331154806,20111101080603,116.402031,39.943836,429127487,147254169,21,178,1,1,50#
59109,$JYJ,13331156464,20111101080819,116.402267,39.943775,429128374,147253922,0,4,1,1,50#
5819,$JYJ,13311403588,20111101081016,116.401680,39.949940,429126194,147276651,0,256,0,0,50#
81504,$JYJ,13311489483,20111101081420,116.408600,39.944096,429151710,147255108,25,268,0,0,50#
10112,$JYJ,13381235402,20111101081032,116.404449,39.948086,429136441,147269839,28,276,0,0,50#
25078,$JYJ,13381235402,20111101081121,116.402100,39.948837,429127740,147272585,26,354,1,1,50#
8789,$JYJ,13311191460,20111101081528,116.402382,39.948349,429128805,147270797,0,264,1,1,50#
32675,$JYJ,13311489483,20111101081659,116.402130,39.944923,429127889,147258173,13,344,1,1,50#
53908,$JYJ,13301251463,20111101082311,116.401733,39.948250,429126424,147270438,0,214,1,1,50#
44406,$JYJ,13311426440,20111101082241,116.405182,39.948238,429139125,147270392,0,0,0,0,50#
44991,$JYJ,13311426440,20111101082245,116.405182,39.948238,429139125,147270402,0,0,0,0,50#
83029,$JYJ,13331159482,20111101082447,116.401650,39.948219,429126099,147270330,0,252,0,0,50#
29409,$JYJ,13370122448,20111101082639,116.401985,39.948681,429127345,147272033,34,354,1,1,50#
86467,$JYJ,13311576481,20111101083436,116.409813,39.949047,429156174,147273351,12,174,1,1,50#
70656,$JYJ,13321199574,20111101083347,116.409782,39.948097,429156053,147269861,13,278,1,1,50#
41384,$JYJ,13311191460,20111101083711,116.402267,39.948357,429128377,147270810,0,10,1,1,50#
44075,$JYJ,13301214173,20111101084227,116.409851,39.949055,429156347,147273406,25,178,0,0,50#
18813,$JYJ,13311487150,20111101084626,116.401863,39.945793,429126886,147261387,0,168,0,0,50#
39409,$JYJ,13311489327,20111101084738,116.403099,39.949985,429131449,147276821,0,70,0,0,50#
21427,$JYJ,13301214071,20111101085107,116.406082,39.941132,429142445,147244171,0,12,0,0,50#
19863,$JYJ,13301277623,20111101085102,116.402100,39.942688,429127749,147249909,0,184,0,0,50#
41732,$JYJ,13301277623,20111101085218,116.402237,39.942718,429128268,147250023,10,350,1,1,50#
70746,$JYJ,13311426489,20111101085355,116.401482,39.948318,429125474,147270666,0,226,0,0,50#
38086,$JYJ,13381232420,20111101085206,116.401916,39.949745,429127082,147275931,26,358,0,0,50#
61024,$JYJ,13301155847,20111101085820,116.409416,39.948105,429154741,147269903,25,266,1,1,50#
16561,$JYJ,13381102349,20111101090051,116.402084,39.945412,429127722,147259966,23,358,0,0,50#
48284,$JYJ,13381102349,20111101090252,116.402046,39.948906,429127564,147272849,4,356,1,1,50#
2249,$JYJ,13311453377,20111101090507,116.409195,39.947701,429153903,147268394,25,84,0,0,50#
22585,$JYJ,13311495213,20111101091105,116.409531,39.948101,429155125,147269870,6,264,1,1,50#
26315,$JYJ,13311579904,20111101091120,116.402100,39.948757,429127740,147272300,32,358,1,1,50#
62402,$JYJ,13311489690,20111101091815,116.409965,39.947372,429156731,147267172,25,180,0,0,50#
84074,$JYJ,13331035467,20111101091930,116.402252,39.942791,429128324,147250290,0,40,0,0,50#
61676,$JYJ,13301157545,20111101092319,116.402130,39.948414,429127877,147271027,17,338,1,1,50#
84267,$JYJ,13301208424,20111101092438,116.402000,39.943924,429127398,147254486,4,160,1,1,50#
48295,$JYJ,13311495172,20111101092240,116.409851,39.948761,429156324,147272312,10,174,1,1,50#
78539,$JYJ,13311431159,20111101092920,116.404137,39.947987,429135248,147269452,23,276,1,1,50#
14292,$JYJ,13311470492,20111101092541,116.402733,39.949688,429130097,147275717,8,108,0,0,50#
18205,$JYJ,13311426052,20111101093557,116.406120,39.941185,429142560,147244375,0,78,1,1,50#
83313,$JYJ,13381077412,20111101093929,116.401703,39.947533,429126306,147267770,51,90,0,0,50#
87223,$JYJ,13301157542,20111101094427,116.401848,39.949360,429126825,147274526,51,174,0,0,50#
74102,$JYJ,13311489302,20111101094353,116.405602,39.947536,429140656,147267786,0,76,0,0,50#
92387,$JYJ,13311426424,20111101094941,116.401581,39.948151,429125838,147270074,6,258,0,0,50#
89951,$JYJ,13311486255,20111101094938,116.401581,39.947845,429125856,147268936,26,180,0,0,50#
71338,$JYJ,13311489673,20111101094835,116.405701,39.944012,429141038,147254799,2,300,0,0,50#
16723,$JYJ,13331194478,20111101094548,116.401932,39.949162,429127138,147273792,43,180,0,0,50#
8823,$JYJ,13311426424,20111101095026,116.401550,39.948147,429125747,147270062,12,216,1,1,50#
22588,$JYJ,13311487147,20111101095108,116.402733,39.947342,429130114,147267076,15,88,1,1,50#
54015,$JYJ,13311495043,20111101095245,116.401550,39.948360,429125715,147270829,6,218,0,0,50#
22687,$JYJ,13321180046,20111101095102,116.402130,39.940083,429127880,147240310,8,180,0,0,50#
76143,$JYJ,13311162478,20111101095853,116.402031,39.948853,429127487,147272641,34,354,1,1,50#
18138,$JYJ,13311564794,20111101095553,116.401650,39.949940,429126120,147276644,0,194,0,0,50#
46409,$JYJ,13311564794,20111101095721,116.401604,39.949944,429125921,147276661,10,164,1,1,50#
38358,$JYJ,13331154751,20111101095658,116.402153,39.944298,429127944,147255871,19,344,1,1,50#
67926,$JYJ,13301214199,20111101100343,116.409264,39.944115,429154151,147255174,0,0,0,0,50#
66668,$JYJ,13311426335,20111101100340,116.402184,39.948341,429128079,147270751,8,282,1,1,50#
21158,$JYJ,13311495251,20111101100102,116.403198,39.948944,429131791,147272988,0,98,0,0,50#
35112,$JYJ,13331194729,20111101100149,116.403267,39.949394,429132069,147274662,0,192,0,0,50#
67618,$JYJ,13381101204,20111101100343,116.402084,39.942650,429127718,147249797,0,186,0,0,50#
25318,$JYJ,13301214406,20111101100627,116.401833,39.948490,429126793,147271329,28,178,0,0,50#
30057,$JYJ,13311300540,20111101100646,116.403084,39.949913,429131383,147276574,0,354,1,1,50#
45932,$JYJ,13311431209,20111101100743,116.402000,39.944813,429127397,147257744,26,176,0,0,50#
72114,$JYJ,13311431209,20111101100923,116.402000,39.943897,429127385,147254366,15,174,1,1,50#
14090,$JYJ,13301128448,20111101101050,116.402199,39.942658,429128130,147249815,4,326,1,1,50#
14330,$JYJ,13311403754,20111101101046,116.402298,39.942516,429128499,147249303,0,350,1,1,50#
38714,$JYJ,13331194143,20111101101701,116.402100,39.947029,429127753,147265942,10,18,1,1,50#
57423,$JYJ,13311487232,20111101102302,116.402016,39.949760,429127461,147276005,2,322,1,1,50#
15411,$JYJ,13311489561,20111101102051,116.409347,39.948032,429154460,147269637,26,262,1,1,50#
40389,$JYJ,13311495396,20111101102705,116.402168,39.941250,429128003,147244607,0,0,1,1,50#
72766,$JYJ,13381078294,20111101102843,116.402199,39.941502,429128140,147245567,41,352,0,0,50#
30623,$JYJ,13381083452,20111101102636,116.405098,39.948166,429138832,147270104,0,122,0,0,50#
32144,$JYJ,13381083452,20111101102640,116.405106,39.948174,429138835,147270138,0,112,0,0,50#
85972,$JYJ,13301156547,20111101103437,116.401634,39.948288,429126036,147270569,4,228,1,1,50#
41229,$JYJ,13331194077,20111101103210,116.402435,39.949963,429129017,147276733,4,122,0,0,50#
34027,$JYJ,13381078294,20111101103148,116.402084,39.949913,429127711,147276559,4,346,1,1,50#
61301,$JYJ,13381083452,20111101103318,116.405090,39.948166,429138787,147270127,0,110,0,0,50#
22594,$JYJ,13301184077,20111101103607,116.407814,39.948006,429148804,147269540,25,264,1,1,50#
30389,$JYJ,13301204933,20111101103639,116.406082,39.940617,429142452,147242303,23,354,0,0,50#
9197,$JYJ,13301214539,20111101104526,116.402367,39.948334,429128733,147270722,0,232,1,1,50#
11300,$JYJ,13311426248,20111101104535,116.401901,39.945652,429127028,147260858,8,178,1,1,50#
2062,$JYJ,13301204814,20111101105003,116.408669,39.944042,429151976,147254900,12,278,0,0,50#
52258,$JYJ,13301204814,20111101105242,116.403748,39.944088,429133821,147255071,12,274,1,1,50#
35985,$JYJ,13331037154,20111101105147,116.402382,39.948303,429128807,147270623,2,270,1,1,50#
68970,$JYJ,13381096654,20111101105328,116.401985,39.943798,429127330,147254030,12,174,1,1,50#
33815,$JYJ,13301207684,20111101105647,116.401916,39.949902,429127064,147276517,19,356,1,1,50#
21756,$JYJ,13311480701,20111101105614,116.402153,39.940903,429127937,147243337,19,170,1,1,50#
38697,$JYJ,13321164865,20111101105707,116.402153,39.945797,429127964,147261377,12,352,1,1,50#
20605,$JYJ,13321174822,20111101105610,116.402100,39.942257,429127750,147248324,2,328,0,0,50#
51139,$JYJ,13381102634,20111101105744,116.401749,39.948494,429126479,147271340,38,180,0,0,50#
30111,$JYJ,13311426491,20111101110136,116.402214,39.942886,429128188,147250653,0,354,0,0,50#
10851,$JYJ,13321164587,20111101110029,116.402016,39.945133,429127436,147258936,28,178,0,0,50#
68327,$JYJ,13321164587,20111101110330,116.402031,39.949997,429127513,147276884,19,356,1,1,50#
95506,$JYJ,13331194166,20111101110456,116.409431,39.944092,429154773,147255080,8,90,1,1,50#
15572,$JYJ,13381077430,20111101110046,116.405533,39.944084,429140416,147255071,8,272,0,0,50#
69153,$JYJ,13331154948,20111101110839,116.400818,39.944103,429123039,147255151,2,276,0,0,50#
25789,$JYJ,13301207945,20111101111127,116.409431,39.948013,429154790,147269550,21,266,0,0,50#
7213,$JYJ,13331154909,20111101111020,116.409882,39.949112,429156445,147273610,28,170,1,1,50#
33822,$JYJ,13331154948,20111101111147,116.401352,39.943973,429124997,147254666,0,108,1,1,50#
58719,$JYJ,13321174760,20111101112319,116.402084,39.943279,429127695,147252119,30,172,0,0,50#
73824,$JYJ,13331194745,20111101112405,116.402115,39.942730,429127793,147250072,17,174,1,1,50#
7226,$JYJ,13301254232,20111101113017,116.406731,39.941475,429144816,147245439,6,136,1,1,50#
39741,$JYJ,13331037114,20111101113159,116.407715,39.943920,429148433,147254456,10,294,0,0,50#
76506,$JYJ,13331194205,20111101113845,116.401848,39.948753,429126815,147272278,0,260,0,0,50#
38148,$JYJ,13331194943,20111101113654,116.409782,39.949173,429156084,147273844,10,180,1,1,50#
95554,$JYJ,13311495256,20111101114445,116.406166,39.940605,429142749,147242261,12,358,0,0,50#
98798,$JYJ,13301157419,20111101114950,116.402237,39.942226,429128281,147248239,26,358,0,0,50#
43673,$JYJ,13301164967,20111101115211,116.409836,39.945507,429156263,147260326,0,316,0,0,50#
85271,$JYJ,13311564814,20111101115414,116.405182,39.948868,429139133,147272720,23,92,0,0,50#
16742,$JYJ,13321164407,20111101115047,116.401901,39.947155,429127033,147266379,28,158,0,0,50#
28496,$JYJ,13321164873,20111101115121,116.409767,39.948132,429156000,147269989,0,278,0,0,50#
45544,$JYJ,13311162476,20111101115718,116.402168,39.943592,429128024,147253242,0,4,0,0,50#
52565,$JYJ,13311426086,20111101115736,116.402130,39.942528,429127875,147249326,15,180,1,1,50#
61722,$JYJ,13311486289,20111101115802,116.402084,39.944282,429127720,147255817,26,352,1,1,50#
89843,$JYJ,13311495256,20111101115928,116.402267,39.948372,429128360,147270890,0,106,1,1,50#
50442,$JYJ,13331194766,20111101115730,116.402298,39.940067,429128478,147240268,0,322,0,0,50#
69902,$JYJ,13331194766,20111101115824,116.402168,39.941631,429127988,147246019,36,356,1,1,50#
46787,$JYJ,13370122498,20111101115718,116.408051,39.948772,429149692,147272342,0,292,0,0,50#
8319,$JYJ,13381068794,20111101115522,116.403618,39.949017,429133366,147273249,4,286,0,0,50#
15095,$JYJ,13301153934,20111101120047,116.402130,39.942780,429127869,147250273,0,0,0,0,50#
50565,$JYJ,13311431355,20111101120752,116.402115,39.943035,429127795,147251205,0,94,0,0,50#
32113,$JYJ,13331154908,20111101120650,116.406120,39.940865,429142588,147243187,26,10,0,0,50#
47369,$JYJ,13331184924,20111101120745,116.402634,39.949982,429129736,147276812,15,92,0,0,50#
33591,$JYJ,13311403345,20111101121158,116.401718,39.948265,429126333,147270488,13,244,0,0,50#
64052,$JYJ,13331194228,20111101121353,116.401115,39.947895,429124137,147269107,0,276,0,0,50#
74202,$JYJ,13331194868,20111101121435,116.405129,39.948063,429138914,147269724,0,0,0,0,50#
75422,$JYJ,13331194868,20111101121439,116.405129,39.948063,429138925,147269748,0,0,0,0,50#
64181,$JYJ,13381102564,20111101121357,116.405716,39.947559,429141102,147267867,0,130,0,0,50#
64530,$JYJ,13311191485,20111101122404,116.402130,39.949394,429127891,147274633,17,2,0,0,50#
22418,$JYJ,13311486480,20111101122123,116.402481,39.940369,429129173,147241387,36,356,1,1,50#
26997,$JYJ,13311489587,20111101122143,116.402237,39.943874,429128255,147254303,38,182,0,0,50#
51210,$JYJ,13321174622,20111101122312,116.401367,39.948135,429125071,147270023,8,244,0,0,50#
20274,$JYJ,13331194868,20111101122117,116.405129,39.948063,429138937,147269748,0,0,0,0,50#
38114,$JYJ,13370129343,20111101122739,116.402565,39.949566,429129479,147275280,0,194,0,0,50#
50839,$JYJ,13370129343,20111101122828,116.402481,39.949779,429129182,147276060,17,56,1,1,50#
42229,$JYJ,13301157461,20111101123300,116.409782,39.949120,429156076,147273644,19,174,1,1,50#
61267,$JYJ,13301214187,20111101123425,116.402153,39.941311,429127946,147244861,8,178,1,1,50#
17736,$JYJ,13331186334,20111101123112,116.402130,39.942890,429127873,147250675,26,180,0,0,50#
16294,$JYJ,13331188648,20111101123558,116.402283,39.949970,429128445,147276782,12,342,1,1,50#
78114,$JYJ,13381102784,20111101124425,116.402115,39.945682,429127823,147260979,0,12,1,1,50#
4833,$JYJ,13311564642,20111101124513,116.402252,39.941193,429128324,147244420,0,2,2,0,50#
57143,$JYJ,13301214422,20111101125311,116.402237,39.941299,429128243,147244815,13,350,1,1,50#
40952,$JYJ,13311026476,20111101125217,116.405670,39.948704,429140905,147272113,0,74,0,0,50#
8976,$JYJ,13301156974,20111101125531,116.402336,39.948318,429128638,147270676,6,280,1,1,50#
41278,$JYJ,13311431282,20111101130213,116.401932,39.946430,429127125,147263713,10,176,1,1,50#
58057,$JYJ,13311453280,20111101130328,116.402214,39.942314,429128172,147248551,2,256,1,1,50#
58205,$JYJ,13311495335,20111101130324,116.402481,39.948376,429129162,147270903,4,278,1,1,50#
53117,$JYJ,13331159462,20111101130749,116.402016,39.945080,429127448,147258753,23,180,0,0,50#
23416,$JYJ,13381102504,20111101130616,116.401886,39.948749,429126992,147272287,25,178,0,0,50#
4959,$JYJ,13381235410,20111101130515,116.402535,39.947369,429129382,147267181,13,56,1,1,50#
64054,$JYJ,13311426440,20111101131316,116.402382,39.940575,429128789,147242141,10,354,1,1,50#
40005,$JYJ,13311486474,20111101131202,116.402313,39.940678,429128554,147242523,17,348,1,1,50#
31746,$JYJ,13311487273,20111101131133,116.405167,39.944031,429139082,147254860,8,78,0,0,50#
39000,$JYJ,13311495141,20111101131151,116.402000,39.949745,429127409,147275945,4,356,0,0,50#
84294,$JYJ,13311495141,20111101131422,116.403320,39.949089,429132259,147273512,0,180,1,1,50#
62828,$JYJ,13301157064,20111101131836,116.402168,39.942848,429128019,147250505,10,350,2,0,50#
30930,$JYJ,13301254550,20111101131653,116.402237,39.942551,429128241,147249408,10,356,1,1,50#
51336,$JYJ,13311431441,20111101131755,116.409836,39.949017,429156261,147273238,0,176,0,0,50#
52992,$JYJ,13311431441,20111101131805,116.409836,39.949013,429156282,147273232,6,172,1,1,50#
72795,$JYJ,13331159462,20111101131902,116.403816,39.948895,429134081,147272799,0,104,0,0,50#
38237,$JYJ,13301214199,20111101132157,116.401947,39.944943,429127184,147258221,15,176,1,1,50#
44447,$JYJ,13311492347,20111101132217,116.408653,39.948078,429151894,147269784,17,258,1,1,50#
7419,$JYJ,13301214666,20111101132519,116.401482,39.948288,429125501,147270577,0,250,0,0,50#
36975,$JYJ,13311426086,20111101132652,116.409950,39.948887,429156685,147272759,6,160,1,1,50#
79745,$JYJ,13301214666,20111101133404,116.409950,39.948628,429156693,147271807,0,170,0,0,50#
35485,$JYJ,13311431088,20111101133149,116.402168,39.945698,429128023,147261021,28,356,1,1,50#
71342,$JYJ,13311486224,20111101133338,116.402000,39.944134,429127370,147255264,6,172,1,1,50#
45578,$JYJ,13331154844,20111101133217,116.402184,39.943916,429128084,147254469,19,2,1,1,50#
90619,$JYJ,13301208430,20111101133959,116.401932,39.946232,429127150,147263004,0,182,0,0,50#
68671,$JYJ,13321174834,20111101133849,116.406220,39.940483,429142947,147241810,0,358,0,0,50#
8439,$JYJ,13331154714,20111101133523,116.401314,39.947292,429124847,147266891,0,136,0,0,50#
46401,$JYJ,13301208430,20111101134220,116.402168,39.940407,429128005,147241518,12,172,1,1,50#
80365,$JYJ,13311487210,20111101134403,116.402016,39.948944,429127429,147272982,38,178,0,0,50#
34097,$JYJ,13301155347,20111101134646,116.402336,39.941166,429128630,147244318,0,56,1,1,50#
51871,$JYJ,13301214055,20111101134740,116.402237,39.945664,429128271,147260898,6,354,1,1,50#
74286,$JYJ,13311487103,20111101134853,116.409836,39.949295,429156290,147274268,15,182,1,1,50#
28849,$JYJ,13331159429,20111101134625,116.408264,39.948765,429150459,147272323,23,286,0,0,50#
88958,$JYJ,13331194711,20111101134948,116.402237,39.942505,429128265,147249264,12,352,0,0,50#
19143,$JYJ,13301151546,20111101135101,116.401581,39.948315,429125853,147270683,0,266,0,0,50#
27393,$JYJ,13301151546,20111101135125,116.401581,39.948315,429125867,147270654,0,242,1,1,50#
58432,$JYJ,13321174663,20111101135311,116.400024,39.948105,429120119,147269904,0,0,0,0,50#
11609,$JYJ,13311431164,20111101135540,116.402016,39.943073,429127442,147251352,0,178,0,0,50#
88101,$JYJ,13311495164,20111101135953,116.404533,39.947933,429136723,147269268,19,260,1,1,50#
32304,$JYJ,13321174663,20111101135654,116.400024,39.948105,429120114,147269909,0,0,0,0,50#
20257,$JYJ,13381095174,20111101135606,116.402519,39.940952,429129313,147243533,2,356,1,1,50#
9078,$JYJ,13381235403,20111101135528,116.402168,39.944298,429128016,147255862,0,346,1,1,50#
51856,$JYJ,13301214878,20111101140242,116.409286,39.948093,429154248,147269857,21,266,1,1,50#
20050,$JYJ,13311486593,20111101140105,116.409454,39.948078,429154886,147269797,12,266,1,1,50#
13922,$JYJ,13301204950,20111101140543,116.401802,39.949162,429126675,147273805,0,168,0,0,50#
37513,$JYJ,13301204950,20111101140709,116.401466,39.948086,429125405,147269818,10,234,1,1,50#
51201,$JYJ,13301272735,20111101140800,116.408699,39.944122,429152075,147255212,25,268,1,1,50#
23682,$JYJ,13311486213,20111101140614,116.404114,39.947113,429135176,147266238,10,92,0,0,50#
55305,$JYJ,13370189168,20111101140823,116.405586,39.947552,429140630,147267848,15,76,1,1,50#
80072,$JYJ,13301254265,20111101141411,116.402252,39.942471,429128320,147249123,6,124,1,1,50#
90171,$JYJ,13311495340,20111101141446,116.408546,39.947575,429151514,147267950,0,94,0,0,50#
15114,$JYJ,13321199458,20111101141049,116.401634,39.949928,429126065,147276611,0,276,1,1,50#
75885,$JYJ,13331194235,20111101141358,116.402214,39.949783,429128196,147276090,2,358,0,0,50#
5780,$JYJ,13331194881,20111101141015,116.404503,39.947975,429136619,147269406,2,276,0,0,50#
27660,$JYJ,13331194881,20111101141127,116.402199,39.948341,429128126,147270766,23,310,1,1,50#
20377,$JYJ,13311492091,20111101142101,116.402069,39.943325,429127626,147252269,0,182,0,0,50#
33318,$JYJ,13331194319,20111101142641,116.402115,39.945931,429127830,147261870,0,12,0,0,50#
13475,$JYJ,13331194881,20111101142542,116.401947,39.945019,429127176,147258503,2,174,0,0,50#
52342,$JYJ,13331194881,20111101142743,116.402115,39.942150,429127826,147247950,15,176,1,1,50#
87174,$JYJ,13381100054,20111101142904,116.402336,39.940010,429128634,147240048,0,174,0,0,50#
35889,$JYJ,13301214141,20111101143128,116.402214,39.941242,429128194,147244587,0,338,0,0,50#
17251,$JYJ,13311495132,20111101143047,116.402046,39.943386,429127571,147252513,0,204,1,1,50#
62047,$JYJ,13381095344,20111101143231,116.402115,39.943005,429127834,147251078,36,178,0,0,50#
66789,$JYJ,13301204951,20111101143745,116.402214,39.949627,429128181,147275489,19,0,0,0,50#
95295,$JYJ,13301254506,20111101143855,116.407783,39.944107,429148718,147255157,0,298,0,0,50#
4601,$JYJ,13311020944,20111101143509,116.402283,39.944950,429128437,147258258,32,0,0,0,50#
18730,$JYJ,13311403323,20111101143550,116.402931,39.949963,429130818,147276730,0,82,0,0,50#
28280,$JYJ,13311488105,20111101144114,116.402130,39.941223,429127853,147244520,8,192,0,0,50#
21585,$JYJ,13311495182,20111101144057,116.406181,39.940830,429142819,147243089,2,4,0,0,50#
50407,$JYJ,13311495182,20111101144209,116.406151,39.940559,429142693,147242092,15,172,1,1,50#
79559,$JYJ,13331194826,20111101144321,116.402252,39.941475,429128323,147245453,26,352,1,1,50#
63407,$JYJ,13311403545,20111101144739,116.402069,39.949944,429127646,147276683,13,94,1,1,50#
26052,$JYJ,13311431050,20111101144608,116.402168,39.940868,429128019,147243202,21,178,0,0,50#
94744,$JYJ,13311564436,20111101144857,116.401436,39.948086,429125310,147269834,0,246,0,0,50#
57390,$JYJ,13311022004,20111101145223,116.402100,39.949902,429127747,147276514,0,0,0,0,50#
78814,$JYJ,13311022004,20111101145317,116.402649,39.949951,429129769,147276693,12,86,1,1,50#
91510,$JYJ,13311492148,20111101145349,116.401833,39.948963,429126772,147273042,25,178,1,1,50#
103642,$JYJ,13331194960,20111101145424,116.408600,39.940048,429151705,147240174,0,6,1,1,50#
99637,$JYJ,13301272120,20111101145912,116.406120,39.940906,429142563,147243356,0,358,2,0,50#
10791,$JYJ,13331191647,20111101145526,116.402084,39.943363,429127683,147252415,32,176,0,0,50#
37444,$JYJ,13331191647,20111101145634,116.402115,39.942596,429127827,147249595,0,182,1,1,50#
27725,$JYJ,13301204961,20111101150108,116.409897,39.949326,429156500,147274396,6,176,1,1,50#
104613,$JYJ,13301272120,20111101150427,116.402016,39.949470,429127441,147274914,19,10,2,0,50#
65100,$JYJ,13311426033,20111101150243,116.409401,39.948101,429154652,147269889,21,262,1,1,50#
98078,$JYJ,13311431484,20111101150407,116.402000,39.944901,429127405,147258066,17,176,0,0,50#
37769,$JYJ,13311480676,20111101150132,116.401634,39.948170,429126057,147270141,0,240,0,0,50#
60951,$JYJ,13301214259,20111101150735,116.402283,39.942036,429128439,147247535,0,352,0,0,50#
96394,$JYJ,13301214259,20111101150903,116.402214,39.942539,429128188,147249380,8,354,1,1,50#
4053,$JYJ,13311431484,20111101150507,116.402100,39.943752,429127735,147253864,15,170,1,1,50#
13600,$JYJ,13301104001,20111101151032,116.402046,39.942947,429127579,147250889,12,176,1,1,50#
23205,$JYJ,13301207948,20111101151102,116.401650,39.948200,429126118,147270261,13,228,0,0,50#
73525,$JYJ,13311403768,20111101151329,116.402687,39.949928,429129912,147276610,17,104,0,0,50#
52688,$JYJ,13311480676,20111101151230,116.402115,39.940815,429127811,147243031,13,176,1,1,50#
30282,$JYJ,13311486350,20111101151122,116.401718,39.949207,429126349,147273971,28,180,1,1,50#
28144,$JYJ,13381102024,20111101151117,116.401802,39.948864,429126675,147272702,8,178,1,1,50#
6256,$JYJ,13311489448,20111101151513,116.402237,39.942909,429128282,147250754,17,354,1,1,50#
9265,$JYJ,13311431599,20111101152025,116.402199,39.943710,429128127,147253698,12,356,0,0,50#
112905,$JYJ,13301214456,20111101152943,116.402000,39.944576,429127412,147256885,0,182,0,0,50#
111239,$JYJ,13311486290,20111101152944,116.402100,39.940723,429127773,147242698,25,186,1,1,50#
89115,$JYJ,13301254507,20111101153400,116.401604,39.948200,429125942,147270258,2,244,0,0,50#
66809,$JYJ,13311426349,20111101153753,116.409859,39.947803,429156354,147268778,12,86,1,1,50#
87097,$JYJ,13311431323,20111101153846,116.408302,39.944111,429150623,147255153,0,270,0,0,50#
106686,$JYJ,13311431323,20111101153937,116.407852,39.944103,429148957,147255151,17,272,1,1,50#
39908,$JYJ,13331154924,20111101153642,116.402184,39.942509,429128068,147249280,21,356,0,0,50#
78774,$JYJ,13331154924,20111101153825,116.402153,39.944511,429127943,147256661,0,358,1,1,50#
90997,$JYJ,13331190294,20111101153859,116.402389,39.948318,429128833,147270672,0,110,0,0,50#
92284,$JYJ,13331190294,20111101153903,116.402389,39.948318,429128817,147270696,0,114,0,0,50#
97285,$JYJ,13331190294,20111101153915,116.402397,39.948315,429128851,147270657,0,118,0,0,50#
50774,$JYJ,13301204810,20111101154206,116.402069,39.949925,429127642,147276615,0,170,1,1,50#
46102,$JYJ,13311567194,20111101154155,116.403153,39.949554,429131650,147275228,12,16,0,0,50#
54304,$JYJ,13331190294,20111101154219,116.402374,39.948261,429128780,147270475,4,272,1,1,50#
36031,$JYJ,13331194115,20111101154628,116.402100,39.942535,429127747,147249374,2,178,0,0,50#
63338,$JYJ,13331194115,20111101154737,116.402100,39.942490,429127754,147249208,6,170,1,1,50#
49769,$JYJ,13301214583,20111101155206,116.408791,39.947689,429152410,147268363,0,0,0,0,50#
22448,$JYJ,13311453465,20111101155055,116.405197,39.947147,429139172,147266367,17,78,0,0,50#
15900,$JYJ,13311403018,20111101155539,116.407951,39.947647,429149347,147268219,25,86,0,0,50#
61837,$JYJ,13381063104,20111101155738,116.400818,39.947308,429123052,147266966,26,88,0,0,50#
20005,$JYJ,13301208417,20111101160054,116.402237,39.942368,429128276,147248738,34,356,0,0,50#
25358,$JYJ,13301214583,20111101160107,116.406982,39.941250,429145751,147244632,2,94,0,0,50#
69273,$JYJ,13321199849,20111101160254,116.403069,39.948067,429131329,147269744,30,270,0,0,50#
76888,$JYJ,13331187010,20111101160313,116.401985,39.946205,429127348,147262906,34,176,0,0,50#
42869,$JYJ,13311486504,20111101160647,116.401970,39.945160,429127268,147259047,0,172,0,0,50#
77322,$JYJ,13381102714,20111101160817,116.402328,39.941185,429128583,147244400,15,350,1,1,50#
12524,$JYJ,13311582481,20111101161532,116.402283,39.948303,429128433,147270613,13,306,1,1,50#
111123,$JYJ,13311403551,20111101162444,116.402130,39.942486,429127887,147249191,0,172,0,0,50#
39279,$JYJ,13311566469,20111101162136,116.401947,39.949341,429127187,147274459,23,174,1,1,50#
102019,$JYJ,13381063241,20111101162425,116.402313,39.941181,429128524,147244371,4,340,1,1,50#
69325,$JYJ,13301157284,20111101162759,116.402084,39.949909,429127713,147276545,10,346,2,0,50#
20632,$JYJ,13301214800,20111101162550,116.402115,39.941612,429127814,147245953,0,178,0,0,50#
27705,$JYJ,13301214244,20111101163118,116.402046,39.944103,429127555,147255155,15,178,1,1,50#
19750,$JYJ,13311486587,20111101163055,116.402214,39.944290,429128166,147255826,15,352,1,1,50#
8022,$JYJ,13311487130,20111101163524,116.402046,39.943554,429127542,147253113,23,176,1,1,50#
59258,$JYJ,13301214528,20111101164223,116.408180,39.948067,429150190,147269767,26,266,1,1,50#
105741,$JYJ,13381069144,20111101164429,116.403000,39.949814,429131066,147276204,0,126,0,0,50#
26362,$JYJ,13301174907,20111101164605,116.402420,39.948273,429128932,147270517,8,314,0,0,50#
102694,$JYJ,13301214224,20111101164926,116.402168,39.945831,429128007,147261515,13,352,1,1,50#
90709,$JYJ,13311487110,20111101165354,116.409981,39.949570,429156813,147275296,17,204,1,1,50#
26541,$JYJ,13311495337,20111101165114,116.409920,39.949135,429156599,147273702,6,210,1,1,50#
106869,$JYJ,13331194080,20111101165433,116.405747,39.948406,429141219,147271020,0,282,0,0,50#
19380,$JYJ,13311431516,20111101165549,116.401550,39.948044,429125726,147269673,6,244,0,0,50#
66272,$JYJ,13311486250,20111101165750,116.401718,39.947975,429126347,147269425,0,242,0,0,50#
55919,$JYJ,13381093094,20111101165718,116.402115,39.949883,429127801,147276443,8,12,1,1,50#
71098,$JYJ,13301214729,20111101170321,116.409798,39.946869,429156108,147265349,6,170,0,0,50#
78602,$JYJ,13311403361,20111101170337,116.401863,39.949547,429126901,147275200,8,180,1,1,50#
35165,$JYJ,13311486250,20111101170127,116.402267,39.940292,429128395,147241081,4,176,1,1,50#
96497,$JYJ,13321164504,20111101170858,116.402130,39.949829,429127861,147276259,10,72,1,1,50#
55018,$JYJ,13321199429,20111101170716,116.409866,39.949253,429156366,147274138,0,200,0,0,50#
116600,$JYJ,13331156474,20111101170948,116.400917,39.942951,429123417,147250910,0,176,0,0,50#
98247,$JYJ,13331156474,20111101171401,116.402214,39.943279,429128158,147252107,25,356,1,1,50#
32319,$JYJ,13381069534,20111101171123,116.403969,39.947914,429134663,147269196,6,270,1,1,50#
88339,$JYJ,13301157294,20111101171838,116.409470,39.948647,429154925,147271892,0,84,0,0,50#
119349,$JYJ,13311487256,20111101171956,116.402336,39.948219,429128648,147270332,0,306,1,1,50#
72450,$JYJ,13311582466,20111101171757,116.402214,39.949833,429128195,147276264,8,0,1,1,50#
22893,$JYJ,13381102564,20111101171601,116.401794,39.949783,429126627,147276083,21,176,1,1,50#
43311,$JYJ,13301157284,20111101172145,116.402199,39.949844,429128115,147276296,6,306,2,0,50#
28169,$JYJ,13311486426,20111101172111,116.402367,39.948307,429128740,147270652,6,282,1,1,50#
67791,$JYJ,13311211346,20111101172746,116.401634,39.948193,429126029,147270210,0,248,0,0,50#
39959,$JYJ,13311431546,20111101172635,116.404518,39.947540,429136658,147267809,4,88,0,0,50#
87789,$JYJ,13331194953,20111101173336,116.402084,39.943249,429127709,147251980,10,196,0,0,50#
78393,$JYJ,13381271944,20111101173313,116.402237,39.944824,429128279,147257793,0,6,0,0,50#
43578,$JYJ,13301104075,20111101173648,116.402153,39.942303,429127952,147248488,34,178,1,1,50#
59569,$JYJ,13301277623,20111101173728,116.401497,39.949947,429125559,147276689,17,268,1,1,50#
18050,$JYJ,13311486429,20111101173545,116.402016,39.943718,429127450,147253738,12,172,0,0,50#
26270,$JYJ,13301184089,20111101174102,116.402115,39.949890,429127821,147276478,6,4,1,1,50#
22654,$JYJ,13311403053,20111101174055,116.402115,39.940353,429127796,147241334,2,162,1,1,50#
65658,$JYJ,13321164573,20111101174243,116.409981,39.948811,429156806,147272498,0,186,0,0,50#
469,$JYJ,13301254042,20111101174459,116.402237,39.942852,429128261,147250519,8,340,1,1,50#
65010,$JYJ,13301254042,20111101174740,116.402100,39.948673,429127779,147271985,23,354,0,0,50#
96427,$JYJ,13311426375,20111101174903,116.401451,39.948212,429125389,147270286,6,172,1,1,50#
116348,$JYJ,13331194863,20111101174949,116.409981,39.949425,429156790,147274766,15,250,0,0,50#
118010,$JYJ,13311431064,20111101175450,116.402496,39.948101,429129242,147269876,12,296,0,0,50#
45051,$JYJ,13331194863,20111101175151,116.409630,39.948086,429155520,147269829,0,276,1,1,50#
100207,$JYJ,13301214049,20111101175910,116.404892,39.948654,429138034,147271933,10,94,0,0,50#
4609,$JYJ,13311403513,20111101175508,116.402367,39.942753,429128734,147250150,21,0,0,0,50#
88214,$JYJ,13311403513,20111101175841,116.407013,39.947174,429145863,147266444,0,276,1,1,50#
7133,$JYJ,13311431064,20111101175519,116.402130,39.948658,429127881,147271942,17,356,1,1,50#
113359,$JYJ,13321164489,20111101175940,116.402084,39.942574,429127679,147249496,15,180,0,0,50#
19340,$JYJ,13301214049,20111101180049,116.406319,39.948605,429143289,147271751,21,100,1,1,50#
23171,$JYJ,13301214574,20111101180057,116.402084,39.940300,429127694,147241104,8,340,1,1,50#
28435,$JYJ,13311426255,20111101180109,116.401817,39.949558,429126724,147275246,17,174,1,1,50#
104704,$JYJ,13331184992,20111101180415,116.402252,39.941330,429128334,147244929,12,350,1,1,50#
61498,$JYJ,13301214175,20111101180731,116.402298,39.940563,429128468,147242101,0,16,0,0,50#
36417,$JYJ,13301214175,20111101181126,116.402649,39.947384,429129790,147267244,19,68,1,1,50#
114330,$JYJ,13311403552,20111101181444,116.401901,39.944397,429127042,147256217,2,168,0,0,50#
35154,$JYJ,13331154725,20111101181123,116.402069,39.945560,429127645,147260513,0,358,1,1,50#
8413,$JYJ,13311403552,20111101181523,116.402016,39.943893,429127446,147254361,32,164,1,1,50#
64073,$JYJ,13311492339,20111101181741,116.401016,39.943424,429123777,147252646,10,276,0,0,50#
24200,$JYJ,13321164794,20111101181600,116.401802,39.942318,429126648,147248561,10,182,1,1,50#
71637,$JYJ,13311431043,20111101182259,116.402054,39.942837,429127579,147250478,17,166,1,1,50#
102302,$JYJ,13301214703,20111101182911,116.409798,39.949230,429156141,147274023,0,0,0,0,50#
56042,$JYJ,13331194340,20111101182718,116.402298,39.948204,429128475,147270276,4,332,1,1,50#
9234,$JYJ,13331194804,20111101182525,116.402084,39.943123,429127684,147251542,30,182,0,0,50#
94142,$JYJ,13321164302,20111101183354,116.402115,39.941257,429127811,147244662,8,224,0,0,50#
35443,$JYJ,13331154829,20111101183131,116.409935,39.948868,429156644,147272703,2,138,0,0,50#
23175,$JYJ,13311403352,20111101183558,116.402367,39.948273,429128752,147270500,0,260,0,0,50#
113159,$JYJ,13331187120,20111101183940,116.402565,39.947208,429129492,147266578,15,66,1,1,50#
12680,$JYJ,13301251498,20111101184032,116.402130,39.948555,429127870,147271544,15,358,1,1,50#
4188,$JYJ,13311403054,20111101184008,116.402084,39.942493,429127706,147249191,0,166,0,0,50#
25602,$JYJ,13311403260,20111101184104,116.406700,39.948933,429144712,147272955,47,268,0,0,50#
82722,$JYJ,13311426485,20111101184322,116.401413,39.948093,429125247,147269838,0,226,1,1,50#
80370,$JYJ,13311582048,20111101184317,116.402069,39.944961,429127665,147258320,8,122,1,1,50#
53716,$JYJ,13321183480,20111101184212,116.402184,39.942623,429128064,147249698,6,352,1,1,50#
36434,$JYJ,13381069745,20111101184134,116.402298,39.948463,429128512,147271221,32,338,1,1,50#
37453,$JYJ,13381102964,20111101184133,116.401863,39.948860,429126899,147272682,19,264,0,0,50#
31231,$JYJ,13301156245,20111101184619,116.402199,39.940826,429128116,147243067,0,0,0,0,50#
52947,$JYJ,13301156245,20111101184708,116.402214,39.942772,429128176,147250244,17,0,1,1,50#
120543,$JYJ,13311026467,20111101184954,116.402496,39.947994,429129214,147269470,30,294,0,0,50#
61015,$JYJ,13301157445,20111101185230,116.401932,39.944611,429127148,147257000,0,190,0,0,50#
81442,$JYJ,13311453248,20111101185319,116.402298,39.941238,429128486,147244571,0,12,0,0,50#
17470,$JYJ,13331154768,20111101185041,116.402237,39.948338,429128285,147270765,0,310,1,1,50#
22503,$JYJ,13301157584,20111101185556,116.409866,39.948940,429156371,147272966,15,174,1,1,50#
108507,$JYJ,13311191477,20111101185928,116.401764,39.948341,429126535,147270761,10,208,1,1,50#
35408,$JYJ,13311403644,20111101185631,116.409500,39.948086,429155053,147269835,12,270,1,1,50#
58537,$JYJ,13321199834,20111101185728,116.401833,39.948177,429126776,147270163,0,244,0,0,50#
90857,$JYJ,13331093477,20111101185844,116.402046,39.943848,429127582,147254205,0,166,0,0,50#
57446,$JYJ,13311024064,20111101190223,116.409965,39.949524,429156768,147275135,0,0,0,0,50#
38069,$JYJ,13311492214,20111101190134,116.409882,39.948216,429156445,147270313,19,184,1,1,50#
74732,$JYJ,13311495331,20111101190306,116.406067,39.941097,429142359,147244063,0,8,0,0,50#
79885,$JYJ,13321174730,20111101190322,116.409729,39.948078,429155895,147269806,0,0,1,1,50#
47216,$JYJ,13301204903,20111101190658,116.402237,39.944130,429128260,147255254,15,350,1,1,50#
85156,$JYJ,13311453318,20111101190835,116.401970,39.946404,429127261,147263613,38,178,0,0,50#
37562,$JYJ,13311492160,20111101190632,116.402351,39.941814,429128676,147246689,12,168,0,0,50#
51195,$JYJ,13321174646,20111101190707,116.401550,39.948132,429125716,147269993,10,234,0,0,50#
62684,$JYJ,13321174646,20111101190734,116.401382,39.948044,429125110,147269674,13,254,1,1,50#
108598,$JYJ,13301164962,20111101191433,116.408920,39.947674,429152896,147268300,0,102,0,0,50#
108762,$JYJ,13311431585,20111101191436,116.401619,39.948147,429125997,147270039,0,222,1,1,50#
15467,$JYJ,13311453241,20111101191542,116.402153,39.945404,429127948,147259945,0,0,0,0,50#
89311,$JYJ,13331035494,20111101191843,116.402237,39.942600,429128277,147249609,19,0,0,0,50#
70075,$JYJ,13381068344,20111101191752,116.408836,39.948128,429152604,147269962,38,266,1,1,50#
74943,$JYJ,13311431087,20111101192310,116.402855,39.949993,429130552,147276866,0,0,0,0,50#
2134,$JYJ,13331035494,20111101192006,116.402222,39.943092,429128225,147251431,12,356,1,1,50#
29821,$JYJ,13301155481,20111101192613,116.402130,39.945461,429127862,147260162,13,354,1,1,50#
97920,$JYJ,13301277717,20111101192901,116.405487,39.944092,429140252,147255085,0,276,0,0,50#
72642,$JYJ,13311426468,20111101192802,116.402008,39.944904,429127427,147258111,0,0,0,0,50#
21788,$JYJ,13311453418,20111101192556,116.401443,39.947300,429125320,147266921,0,0,0,0,50#
54269,$JYJ,13311470315,20111101192716,116.402153,39.946735,429127974,147264836,12,24,1,1,50#
828,$JYJ,13331187121,20111101192459,116.407402,39.947716,429147290,147268467,32,84,0,0,50#
45964,$JYJ,13370122448,20111101192651,116.402466,39.940468,429129110,147241748,17,4,0,0,50#
4506,$JYJ,13301125478,20111101193008,116.405334,39.944088,429139688,147255100,0,260,0,0,50#
18596,$JYJ,13301254509,20111101193045,116.409218,39.948692,429154002,147272053,41,88,0,0,50#
78318,$JYJ,13311470371,20111101193312,116.401848,39.948791,429126816,147272421,45,180,0,0,50#
43289,$JYJ,13370122448,20111101193150,116.402496,39.947155,429129230,147266400,6,14,1,1,50#
70103,$JYJ,13311426079,20111101193755,116.402466,39.948227,429129123,147270338,0,350,0,0,50#
9747,$JYJ,13311426440,20111101193524,116.402245,39.948292,429128281,147270570,8,314,1,1,50#
26314,$JYJ,13311489426,20111101193608,116.402084,39.941879,429127713,147246928,26,176,0,0,50#
56813,$JYJ,13311489609,20111101193722,116.402168,39.945263,429127999,147259418,0,16,0,0,50#
108337,$JYJ,13331194988,20111101193930,116.409874,39.949158,429156423,147273784,0,0,0,0,50#
9320,$JYJ,13311426079,20111101194022,116.402466,39.948257,429129122,147270465,0,292,1,1,50#
33785,$JYJ,13331194988,20111101194129,116.402267,39.948284,429128389,147270567,0,0,1,1,50#
61781,$JYJ,13301214863,20111101194731,116.402046,39.943943,429127575,147254560,0,188,0,0,50#
13161,$JYJ,13311403702,20111101194531,116.402214,39.948437,429128162,147271127,15,326,1,1,50#
49525,$JYJ,13311470352,20111101194659,116.401985,39.943642,429127331,147253447,2,172,1,1,50#
10658,$JYJ,13301204817,20111101195025,116.405197,39.942680,429139178,147249882,0,86,0,0,50#
39775,$JYJ,13301156439,20111101195654,116.409813,39.948963,429156189,147273067,0,190,0,0,50#
70168,$JYJ,13301156439,20111101195836,116.402733,39.948124,429130106,147269951,19,272,1,1,50#
96087,$JYJ,13381077410,20111101195936,116.408798,39.947681,429152461,147268334,17,82,1,1,50#
42224,$JYJ,13311403194,20111101200144,116.409882,39.949532,429156439,147275161,2,314,0,0,50#
83060,$JYJ,13311495051,20111101200330,116.408234,39.948055,429150351,147269703,13,260,1,1,50#
73071,$JYJ,13301184150,20111101200805,116.402115,39.949963,429127815,147276756,0,32,0,0,50#
74515,$JYJ,13301254103,20111101200809,116.402283,39.940262,429128420,147240986,30,0,1,1,50#
42657,$JYJ,13311453336,20111101201146,116.401581,39.949955,429125850,147276701,0,190,0,0,50#
73331,$JYJ,13311453336,20111101201301,116.401497,39.949974,429125521,147276800,13,266,1,1,50#
67356,$JYJ,13311492245,20111101201249,116.409897,39.949230,429156477,147274030,12,182,1,1,50#
76036,$JYJ,13311492304,20111101201310,116.407349,39.948349,429147101,147270805,2,326,0,0,50#
1291,$JYJ,13321183458,20111101201001,116.402199,39.944603,429128128,147256992,10,348,1,1,50#
97374,$JYJ,13331154849,20111101201155,116.409218,39.947823,429153991,147268857,43,90,0,0,50#
86296,$JYJ,13331185824,20111101201337,116.401154,39.949001,429124256,147273215,0,264,0,0,50#
51458,$JYJ,13381066641,20111101201205,116.405434,39.945961,429140066,147261998,0,354,0,0,50#
73243,$JYJ,13381271944,20111101201300,116.402466,39.948067,429129090,147269745,12,314,0,0,50#
8912,$JYJ,13311492132,20111101201517,116.402084,39.947949,429127708,147269304,2,234,0,0,50#
13143,$JYJ,13311492304,20111101201535,116.405617,39.948856,429140743,147272680,12,34,1,1,50#
73816,$JYJ,13331093492,20111101201802,116.402550,39.948162,429129409,147270090,0,336,0,0,50#
95279,$JYJ,13381077412,20111101201855,116.402115,39.942604,429127819,147249607,17,174,1,1,50#
15810,$JYJ,13311191416,20111101202042,116.403595,39.944057,429133282,147254963,28,270,0,0,50#
90144,$JYJ,13331187033,20111101202344,116.402267,39.942028,429128377,147247498,0,2,0,0,50#
112132,$JYJ,13331187033,20111101202438,116.402214,39.942844,429128198,147250491,23,356,1,1,50#
54334,$JYJ,13331194897,20111101202218,116.409874,39.949261,429156410,147274162,6,178,0,0,50#
64543,$JYJ,13331194897,20111101202244,116.409836,39.949123,429156257,147273629,17,170,1,1,50#
114070,$JYJ,13311492145,20111101202937,116.402031,39.944233,429127520,147255608,0,188,1,1,50#
104090,$JYJ,13331194037,20111101202914,116.408699,39.947701,429152079,147268391,13,106,0,0,50#
66610,$JYJ,13311495105,20111101203246,116.409920,39.948505,429156562,147271379,17,174,1,1,50#
117174,$JYJ,13331194334,20111101203452,116.402100,39.943798,429127766,147254020,2,8,0,0,50#
52787,$JYJ,13311495349,20111101203712,116.402267,39.942837,429128374,147250489,23,356,1,1,50#
116872,$JYJ,13311585854,20111101203952,116.401802,39.949970,429126661,147276766,21,182,1,1,50#
50948,$JYJ,13321199340,20111101203709,116.401924,39.949719,429127102,147275828,38,176,1,1,50#
12402,$JYJ,13331194334,20111101203534,116.402153,39.944057,429127967,147254968,0,356,1,1,50#
13686,$JYJ,13331194946,20111101203537,116.401619,39.948364,429125968,147270845,10,232,0,0,50#
104265,$JYJ,13311489472,20111101204437,116.402252,39.948246,429128306,147270425,26,320,0,0,50#
67058,$JYJ,13331194436,20111101204259,116.401970,39.945534,429127284,147260416,10,176,0,0,50#
111322,$JYJ,13311453338,20111101204938,116.402184,39.944515,429128052,147256652,21,358,1,1,50#
63466,$JYJ,13311488204,20111101204742,116.404884,39.942059,429138002,147247618,6,278,1,1,50#
6367,$JYJ,13301204840,20111101205017,116.401520,39.948124,429125611,147269952,10,238,0,0,50#
92496,$JYJ,13311489494,20111101205356,116.402031,39.945259,429127510,147259406,17,178,1,1,50#
93083,$JYJ,13311495354,20111101205848,116.402451,39.947285,429129057,147266856,15,48,1,1,50#
116779,$JYJ,13321180438,20111101205954,116.403015,39.949532,429131146,147275144,17,184,0,0,50#
11847,$JYJ,13321199644,20111101210027,116.402046,39.944496,429127581,147256591,6,172,1,1,50#
92269,$JYJ,13331190284,20111101210348,116.403435,39.949127,429132674,147273670,19,338,0,0,50#
31907,$JYJ,13370126439,20111101210121,116.409920,39.947712,429156576,147268448,12,88,1,1,50#
86465,$JYJ,13381101994,20111101210333,116.409851,39.949196,429156320,147273919,8,182,1,1,50#
52072,$JYJ,13311020064,20111101211207,116.401253,39.947826,429124658,147268860,25,268,0,0,50#
116125,$JYJ,13311162458,20111101211450,116.402046,39.941879,429127557,147246927,0,170,0,0,50#
3453,$JYJ,13311403259,20111101211007,116.406632,39.948990,429144475,147273145,2,164,0,0,50#
38970,$JYJ,13331154707,20111101211136,116.409965,39.949799,429156737,147276148,0,242,0,0,50#
120746,$JYJ,13331190264,20111101211457,116.400986,39.947842,429123658,147268909,54,268,0,0,50#
100,$JYJ,13301133514,20111101211458,116.401901,39.945820,429127046,147261478,0,180,0,0,50#
32185,$JYJ,13311191483,20111101211622,116.402252,39.947392,429128324,147267280,19,0,1,1,50#
113981,$JYJ,13311426043,20111101211934,116.409813,39.949108,429156168,147273581,10,316,0,0,50#
13355,$JYJ,13311426142,20111101211533,116.401932,39.949860,429127139,147276347,0,162,0,0,50#
53128,$JYJ,13311486509,20111101211709,116.409851,39.948860,429156325,147272685,12,174,1,1,50#
62995,$JYJ,13301156405,20111101212230,116.401787,39.948593,429126623,147271684,25,176,1,1,50#
100012,$JYJ,13301254253,20111101212400,116.402481,39.947327,429129160,147267039,15,42,1,1,50#
14749,$JYJ,13331063443,20111101212038,116.402184,39.944500,429128047,147256607,23,354,0,0,50#
120996,$JYJ,13311492196,20111101212955,116.402000,39.946300,429127390,147263238,43,178,0,0,50#
91820,$JYJ,13311480726,20111101213342,116.402153,39.948605,429127959,147271721,13,352,1,1,50#
83057,$JYJ,13311488222,20111101213321,116.402420,39.947823,429128938,147268861,30,354,0,0,50#
29,$JYJ,13321164910,20111101213001,116.402115,39.945442,429127795,147260091,2,4,1,1,50#
98255,$JYJ,13331154830,20111101213908,116.403030,39.949425,429131203,147274762,0,168,0,0,50#
117457,$JYJ,13370126486,20111101213951,116.401451,39.948105,429125352,147269892,0,256,0,0,50#
63989,$JYJ,13301214166,20111101214239,116.402153,39.941265,429127951,147244672,17,174,1,1,50#
36176,$JYJ,13301214842,20111101214130,116.401680,39.948292,429126230,147270587,4,228,0,0,50#
11379,$JYJ,13331154830,20111101214029,116.403046,39.949177,429131245,147273839,0,114,0,0,50#
66835,$JYJ,13331154830,20111101214249,116.403091,39.949181,429131418,147273847,0,136,0,0,50#
80123,$JYJ,13381101124,20111101214323,116.402313,39.941444,429128556,147245340,23,358,1,1,50#
23393,$JYJ,13301254103,20111101214556,116.402481,39.947247,429129184,147266720,12,54,1,1,50#
19279,$JYJ,13311431548,20111101214548,116.400352,39.947571,429121323,147267928,41,90,0,0,50#
115841,$JYJ,13311453216,20111101214947,116.409981,39.949268,429156799,147274168,2,204,1,1,50#
32270,$JYJ,13311426442,20111101215119,116.402199,39.948372,429128127,147270895,0,244,0,0,50#
85392,$JYJ,13321164439,20111101215332,116.409668,39.948845,429155635,147272618,0,212,0,0,50#
101401,$JYJ,13301174954,20111101215913,116.409882,39.948635,429156447,147271845,25,178,2,0,50#
66274,$JYJ,13311486459,20111101215750,116.409935,39.947018,429156653,147265870,0,180,0,0,50#
35186,$JYJ,13321164543,20111101215627,116.405731,39.944088,429141155,147255080,8,276,0,0,50#
36351,$JYJ,13331093448,20111101215633,116.405380,39.944065,429139832,147255001,0,0,0,0,50#
54906,$JYJ,13321189844,20111101220220,116.407684,39.948532,429148355,147271468,15,92,0,0,50#
110534,$JYJ,13321189844,20111101220433,116.409752,39.948116,429155962,147269938,0,292,1,1,50#
104591,$JYJ,13301104098,20111101220916,116.400970,39.949917,429123610,147276583,0,80,0,0,50#
103638,$JYJ,13301204941,20111101221417,116.401718,39.949974,429126373,147276798,12,154,1,1,50#
63907,$JYJ,13311486539,20111101221239,116.409981,39.949261,429156816,147274135,25,198,0,0,50#
69018,$JYJ,13331185974,20111101221253,116.402237,39.942429,429128255,147248969,0,4,0,0,50#
104639,$JYJ,13331185974,20111101221422,116.402184,39.944820,429128081,147257772,6,358,1,1,50#
1013,$JYJ,13301204810,20111101221501,116.401970,39.945427,429127274,147260004,0,178,1,1,50#
30068,$JYJ,13311486587,20111101221616,116.409943,39.949085,429156655,147273488,15,166,1,1,50#
62874,$JYJ,13331194664,20111101221734,116.401985,39.945236,429127340,147259303,25,176,1,1,50#
63813,$JYJ,13331194868,20111101221739,116.409882,39.949440,429156441,147274814,23,202,0,0,50#
102491,$JYJ,13301127406,20111101222410,116.409920,39.948937,429156574,147272961,26,176,1,1,50#
48967,$JYJ,13301254019,20111101222157,116.401901,39.942143,429127042,147247928,34,176,1,1,50#
68290,$JYJ,13311426425,20111101222245,116.402130,39.942875,429127858,147250628,0,104,1,1,50#
3163,$JYJ,13311480767,20111101222005,116.402397,39.948212,429128855,147270278,4,324,0,0,50#
13581,$JYJ,13311426167,20111101222534,116.401970,39.945065,429127274,147258700,0,180,0,0,50#
39035,$JYJ,13311426167,20111101222636,116.401985,39.944889,429127350,147258044,10,174,1,1,50#
5180,$JYJ,13311431377,20111101222515,116.402664,39.947231,429129831,147266661,23,66,1,1,50#
61718,$JYJ,13311453449,20111101222736,116.402954,39.944000,429130886,147254756,0,0,0,0,50#
92950,$JYJ,13311453464,20111101222852,116.401848,39.948250,429126850,147270437,4,210,0,0,50#
42205,$JYJ,13301204810,20111101223150,116.401947,39.944176,429127189,147255416,0,186,0,0,50#
35828,$JYJ,13331156487,20111101223129,116.407967,39.941242,429149392,147244587,0,80,0,0,50#
60637,$JYJ,13331156487,20111101223231,116.408218,39.941280,429150324,147244740,17,88,1,1,50#
40033,$JYJ,13331194635,20111101223140,116.402153,39.942471,429127953,147249138,26,172,1,1,50#
37388,$JYJ,13331194983,20111101223137,116.402199,39.949787,429128132,147276090,2,12,1,1,50#
49298,$JYJ,13301254230,20111101223704,116.402351,39.948822,429128676,147272538,0,96,0,0,50#
80021,$JYJ,13311564124,20111101223823,116.402184,39.940994,429128055,147243670,6,188,1,1,50#
65751,$JYJ,13331063407,20111101223748,116.408669,39.947659,429151987,147268231,0,92,0,0,50#
56511,$JYJ,13311020604,20111101224217,116.409981,39.949402,429156811,147274657,0,180,0,0,50#
24292,$JYJ,13311431066,20111101224104,116.409882,39.949306,429156457,147274335,0,194,0,0,50#
54569,$JYJ,13311431066,20111101224214,116.409920,39.949238,429156563,147274065,13,172,1,1,50#
111294,$JYJ,13311486514,20111101225436,116.409920,39.949505,429156574,147275034,0,190,0,0,50#
34337,$JYJ,13311470465,20111101225629,116.409981,39.949429,429156820,147274775,10,206,0,0,50#
34148,$JYJ,13321164479,20111101225625,116.401848,39.949287,429126811,147274248,26,178,1,1,50#
109713,$JYJ,13331037114,20111101225934,116.401848,39.948967,429126849,147273088,12,122,1,1,50#
89015,$JYJ,13381083493,20111101225844,116.402046,39.943611,429127578,147253343,25,180,0,0,50#
39816,$JYJ,13301214636,20111101230638,116.408951,39.947670,429153003,147268274,4,98,0,0,50#
103260,$JYJ,13311492171,20111101230915,116.402603,39.949692,429129622,147275747,2,60,0,0,50#
48223,$JYJ,13331194275,20111101230704,116.402367,39.942638,429128743,147249736,17,356,1,1,50#
22486,$JYJ,13381077412,20111101230555,116.409935,39.949375,429156626,147274562,0,198,0,0,50#
87409,$JYJ,13311486551,20111101231843,116.404068,39.944042,429135008,147254930,15,268,0,0,50#
64688,$JYJ,13301155481,20111101232242,116.402847,39.947891,429130515,147269105,2,266,0,0,50#
114786,$JYJ,13381102224,20111101232445,116.402084,39.946915,429127687,147265517,23,12,0,0,50#
116064,$JYJ,13321164486,20111101232952,116.409782,39.947960,429156072,147269340,8,284,0,0,50#
6592,$JYJ,13321164894,20111101232515,116.401535,39.949039,429125664,147273334,0,264,0,0,50#
104306,$JYJ,13321189864,20111101232923,116.409935,39.949020,429156636,147273276,17,174,1,1,50#
37680,$JYJ,13331093417,20111101232637,116.409988,39.949486,429156852,147274966,6,186,1,1,50#
54099,$JYJ,13370122416,20111101232715,116.409882,39.949326,429156418,147274393,0,212,0,0,50#
3877,$JYJ,13311579954,20111101233010,116.402168,39.942535,429127991,147249353,26,164,1,1,50#
94445,$JYJ,13301214839,20111101233858,116.409920,39.949303,429156593,147274321,13,194,0,0,50#
35781,$JYJ,13331194881,20111101233631,116.402084,39.943237,429127699,147251960,34,178,0,0,50#
3898,$JYJ,13311300814,20111101234012,116.409988,39.949360,429156820,147274511,0,0,0,0,50#
59131,$JYJ,13311300814,20111101234232,116.409500,39.948086,429155013,147269819,23,264,1,1,50#
15508,$JYJ,13311492125,20111101234036,116.409500,39.948097,429155015,147269853,26,264,1,1,50#
66349,$JYJ,13311426414,20111101235247,116.403801,39.948940,429134024,147272962,17,270,1,1,50#
76250,$JYJ,13331154958,20111101235317,116.400017,39.949890,429120083,147276490,0,86,0,0,50#
32891,$JYJ,13311470402,20111101235622,116.402084,39.941601,429127679,147245920,21,180,0,0,50#
