89037,$JYJ,13381083499,20111101000422,116.415604,39.854904,429177470,146926278,19,176,1,1,50#
30120,$JYJ,13301254172,20111101000631,116.415802,39.856991,429178227,146933982,0,188,1,1,50#
86166,$JYJ,13381100174,20111101000926,116.417450,39.850071,429184286,146908457,10,310,1,1,50#
27176,$JYJ,13301214574,20111101001119,116.412697,39.856026,429166787,146930431,15,262,1,1,50#
69707,$JYJ,13370129378,20111101001327,116.413666,39.856049,429170328,146930517,13,256,1,1,50#
86558,$JYJ,13301157487,20111101001924,116.413834,39.853928,429170961,146922676,12,160,0,0,50#
35100,$JYJ,13301214748,20111101001647,116.417603,39.856201,429184851,146931076,10,56,1,1,50#
28114,$JYJ,13311431007,20111101001624,116.411034,39.851467,429160651,146913618,0,318,0,0,50#
34399,$JYJ,13311431490,20111101001646,116.417435,39.856663,429184218,146932775,13,264,1,1,50#
83090,$JYJ,13321164508,20111101001917,116.415688,39.857296,429177806,146935101,34,178,0,0,50#
17435,$JYJ,13311431007,20111101002052,116.416832,39.856022,429182008,146930396,0,94,1,1,50#
66526,$JYJ,13321164304,20111101002325,116.413101,39.855961,429168267,146930197,15,252,1,1,50#
13603,$JYJ,13321164508,20111101002043,116.413383,39.856049,429169292,146930526,0,0,0,0,50#
15052,$JYJ,13321164508,20111101002048,116.413383,39.856049,429169301,146930513,0,0,0,0,50#
23237,$JYJ,13331187092,20111101002603,116.415932,39.854496,429178677,146924773,12,0,1,1,50#
85182,$JYJ,13321164508,20111101003913,116.413383,39.856049,429169318,146930505,0,0,0,0,50#
45954,$JYJ,13311489556,20111101004211,116.415604,39.855129,429177495,146927116,0,182,0,0,50#
14128,$JYJ,13321164467,20111101004539,116.419334,39.856819,429191226,146933335,8,270,0,0,50#
75253,$JYJ,13311470417,20111101005346,116.414101,39.856098,429171959,146930691,13,254,1,1,50#
79233,$JYJ,13311470475,20111101010906,116.418930,39.856419,429189725,146931857,0,116,0,0,50#
44634,$JYJ,13331187031,20111101010715,116.412003,39.856133,429164231,146930810,0,268,0,0,50#
22834,$JYJ,13321164415,20111101011110,116.413582,39.855293,429170006,146927742,0,0,0,0,50#
95217,$JYJ,13321164415,20111101011455,116.413582,39.855293,429170039,146927729,0,0,0,0,50#
14697,$JYJ,13311426202,20111101011544,116.413170,39.856010,429168500,146930361,15,264,1,1,50#
36494,$JYJ,13321164415,20111101011654,116.413986,39.855205,429171538,146927409,0,0,0,0,50#
37972,$JYJ,13321164415,20111101011658,116.413986,39.855205,429171520,146927389,0,0,0,0,50#
65218,$JYJ,13321164415,20111101011823,116.413986,39.855205,429171506,146927418,0,0,0,0,50#
47643,$JYJ,13321174661,20111101011726,116.410454,39.855259,429158497,146927613,8,88,1,1,50#
49157,$JYJ,13321164415,20111101012236,116.418335,39.852848,429187518,146918686,0,0,0,0,50#
50588,$JYJ,13321164415,20111101012240,116.418335,39.852848,429187525,146918697,0,0,0,0,50#
68249,$JYJ,13321164415,20111101013341,116.418335,39.852848,429187515,146918716,0,0,0,0,50#
40472,$JYJ,13311495369,20111101014206,116.417335,39.850235,429183863,146909073,0,206,0,0,50#
14594,$JYJ,13321164494,20111101014044,116.417381,39.850975,429184027,146911784,8,184,0,0,50#
19546,$JYJ,13301104030,20111101014600,116.417900,39.856781,429185928,146933197,0,268,0,0,50#
61375,$JYJ,13301214425,20111101014819,116.415863,39.857109,429178436,146934411,23,344,1,1,50#
47306,$JYJ,13311191431,20111101015234,116.415550,39.852947,429177268,146919081,0,186,0,0,50#
152,$JYJ,13331194870,20111101014955,116.417465,39.853031,429184336,146919376,2,242,0,0,50#
4778,$JYJ,13311431073,20111101020015,116.418968,39.856400,429189848,146931803,0,68,0,0,50#
20893,$JYJ,13311488219,20111101020108,116.413628,39.855301,429170204,146927768,0,0,0,0,50#
22491,$JYJ,13311488219,20111101020113,116.413628,39.855301,429170194,146927767,0,0,0,0,50#
45996,$JYJ,13311495076,20111101020229,116.414482,39.855701,429173349,146929246,0,268,0,0,50#
28275,$JYJ,13311488219,20111101020634,116.413628,39.855301,429170210,146927765,0,0,0,0,50#
821,$JYJ,13311021074,20111101022958,116.416168,39.856716,429179550,146932982,0,0,0,0,50#
19727,$JYJ,13311403483,20111101024106,116.415665,39.850124,429177679,146908659,60,180,0,0,50#
62456,$JYJ,13311431248,20111101031840,116.415848,39.851456,429178392,146913591,13,358,1,1,50#
70666,$JYJ,13381068874,20111101033417,116.414169,39.859707,429172185,146944003,38,172,0,0,50#
16381,$JYJ,13321164894,20111101034057,116.416168,39.858238,429179575,146938593,0,180,0,0,50#
15113,$JYJ,13321164481,20111101040052,116.414001,39.855835,429171583,146929721,0,104,1,1,50#
15487,$JYJ,13301214861,20111101043056,116.413574,39.855305,429169981,146927785,0,0,0,0,50#
19577,$JYJ,13331154779,20111101050607,116.417435,39.856693,429184210,146932892,23,260,1,1,50#
23168,$JYJ,13311470445,20111101051618,116.416016,39.856777,429179012,146933208,28,336,0,0,50#
56090,$JYJ,13311453316,20111101053809,116.417084,39.856773,429182912,146933169,2,256,0,0,50#
45927,$JYJ,13311487137,20111101053734,116.418404,39.856361,429187800,146931671,17,60,1,1,50#
76104,$JYJ,13331156431,20111101053912,116.417801,39.856743,429185571,146933077,17,258,1,1,50#
812,$JYJ,13311211114,20111101053958,116.413467,39.856026,429169627,146930443,0,276,0,0,50#
6566,$JYJ,13311211114,20111101054021,116.412582,39.855892,429166355,146929947,34,260,1,1,50#
35693,$JYJ,13311489632,20111101054153,116.417503,39.851505,429184483,146913757,0,2,1,1,50#
66792,$JYJ,13321180438,20111101055831,116.411980,39.855652,429164136,146929064,51,92,0,0,50#
87649,$JYJ,13321180438,20111101055936,116.414001,39.855579,429171580,146928786,10,76,1,1,50#
49885,$JYJ,13331093454,20111101055734,116.416153,39.856945,429179483,146933824,28,336,1,1,50#
64190,$JYJ,13331194918,20111101055818,116.417664,39.850876,429185069,146911449,0,230,1,1,50#
91285,$JYJ,13311486304,20111101060444,116.411247,39.856033,429161439,146930475,0,276,0,0,50#
26287,$JYJ,13331184797,20111101060119,116.418915,39.856548,429189690,146932333,10,98,1,1,50#
31445,$JYJ,13311486304,20111101060635,116.410202,39.856045,429157596,146930505,26,266,1,1,50#
56815,$JYJ,13381102284,20111101061250,116.418518,39.852879,429188193,146918798,10,96,0,0,50#
44994,$JYJ,13331194735,20111101061717,116.414085,39.855591,429171876,146928809,6,88,0,0,50#
24349,$JYJ,13311426273,20111101062109,116.413963,39.855545,429171427,146928669,12,86,0,0,50#
9394,$JYJ,13311489632,20111101062029,116.419853,39.856815,429193138,146933325,30,70,1,1,50#
62636,$JYJ,13311191493,20111101062804,116.413864,39.855591,429171050,146928839,28,82,0,0,50#
76439,$JYJ,13301214154,20111101063342,116.411453,39.855629,429162197,146928954,51,88,0,0,50#
47053,$JYJ,13301186468,20111101063715,116.417885,39.856754,429185893,146933111,41,256,0,0,50#
55289,$JYJ,13301204926,20111101063743,116.413963,39.856098,429171412,146930708,0,270,0,0,50#
36611,$JYJ,13321199467,20111101063646,116.416870,39.856010,429182138,146930354,0,0,1,1,50#
9336,$JYJ,13301251451,20111101065523,116.417366,39.850025,429183959,146908305,0,184,0,0,50#
3289,$JYJ,13301214520,20111101070006,116.413750,39.856117,429170655,146930768,17,252,1,1,50#
32790,$JYJ,13331188843,20111101070633,116.412933,39.855556,429167634,146928683,6,90,1,1,50#
65380,$JYJ,13301150884,20111101071306,116.413948,39.856136,429171395,146930850,0,314,1,1,50#
34823,$JYJ,13301204886,20111101071139,116.414848,39.856159,429174698,146930914,12,250,1,1,50#
71512,$JYJ,13301251431,20111101071319,116.416016,39.855564,429178975,146928720,21,2,0,0,50#
95253,$JYJ,13301251431,20111101071432,116.417053,39.856018,429182808,146930398,13,68,1,1,50#
3456,$JYJ,13331156497,20111101071009,116.417213,39.850105,429183407,146908578,17,338,1,1,50#
82328,$JYJ,13311023864,20111101071852,116.419449,39.856953,429191649,146933836,41,256,0,0,50#
46069,$JYJ,13331194487,20111101071706,116.417847,39.854595,429185757,146925142,12,0,1,1,50#
92946,$JYJ,13331194668,20111101072434,116.414803,39.856205,429174537,146931101,13,244,1,1,50#
15221,$JYJ,13311403223,20111101072540,116.419685,39.857250,429192522,146934923,12,216,1,1,50#
48248,$JYJ,13321174754,20111101072716,116.417687,39.856770,429185146,146933177,0,230,0,0,50#
84395,$JYJ,13321174754,20111101072902,116.416664,39.856590,429181384,146932489,0,266,0,0,50#
12351,$JYJ,13301214148,20111101073037,116.416069,39.854713,429179190,146925594,15,0,0,0,50#
47328,$JYJ,13311426171,20111101073213,116.411934,39.855839,429163939,146929738,0,60,0,0,50#
101736,$JYJ,13301214148,20111101073954,116.411377,39.855953,429161890,146930158,32,266,1,1,50#
40380,$JYJ,13301214559,20111101073651,116.411285,39.856068,429161570,146930602,28,284,1,1,50#
26414,$JYJ,13321174754,20111101073612,116.417297,39.856075,429183728,146930610,0,78,1,1,50#
41414,$JYJ,13381069824,20111101073656,116.416016,39.853790,429178996,146922182,0,2,0,0,50#
59934,$JYJ,13311579046,20111101074250,116.412918,39.855762,429167569,146929453,0,74,0,0,50#
15360,$JYJ,13311020742,20111101074543,116.417320,39.856133,429183810,146930809,13,66,1,1,50#
55834,$JYJ,13301150423,20111101075240,116.418716,39.856277,429188927,146931357,0,112,0,0,50#
64698,$JYJ,13311492119,20111101075301,116.413750,39.856270,429170663,146931334,4,170,1,1,50#
45253,$JYJ,13311403325,20111101075710,116.417503,39.855194,429184467,146927367,0,184,0,0,50#
37351,$JYJ,13331194670,20111101075643,116.415886,39.852593,429178523,146917751,30,356,1,1,50#
85756,$JYJ,13311403325,20111101080358,116.410347,39.856037,429158098,146930463,19,210,1,1,50#
3435,$JYJ,13311431008,20111101080009,116.413841,39.856079,429171003,146930632,2,258,1,1,50#
16856,$JYJ,13311431375,20111101080048,116.417152,39.856007,429183200,146930336,17,76,1,1,50#
50946,$JYJ,13331194478,20111101080225,116.413803,39.855553,429170834,146928697,0,88,1,1,50#
57868,$JYJ,13301204933,20111101080817,116.415901,39.854324,429178581,146924154,51,4,0,0,50#
14222,$JYJ,13301214514,20111101080538,116.410553,39.857678,429158861,146936507,0,246,1,1,50#
53389,$JYJ,13311431311,20111101080758,116.414650,39.856255,429173972,146931255,12,248,1,1,50#
21234,$JYJ,13301214692,20111101081107,116.412567,39.855808,429166276,146929622,0,100,0,0,50#
8161,$JYJ,13311480688,20111101081024,116.415619,39.857704,429177515,146936623,26,176,0,0,50#
37925,$JYJ,13311480688,20111101081207,116.413696,39.856121,429170464,146930787,15,248,1,1,50#
49715,$JYJ,13321180264,20111101081243,116.417099,39.856060,429183003,146930533,0,80,0,0,50#
25681,$JYJ,13311191409,20111101081628,116.413315,39.855415,429169040,146928181,0,326,1,1,50#
13529,$JYJ,13311191477,20111101081543,116.416496,39.856514,429180783,146932209,15,236,1,1,50#
41212,$JYJ,13311486286,20111101081735,116.413933,39.856171,429171322,146930956,0,262,0,0,50#
48781,$JYJ,13311486286,20111101081805,116.413902,39.856144,429171204,146930860,13,212,1,1,50#
22336,$JYJ,13311403759,20111101082115,116.413734,39.855476,429170580,146928406,15,100,0,0,50#
75495,$JYJ,13321164906,20111101082425,116.416817,39.856018,429181951,146930387,0,76,1,1,50#
10937,$JYJ,13331194731,20111101082039,116.415970,39.858166,429178821,146938326,13,344,1,1,50#
1682,$JYJ,13301157497,20111101082501,116.414131,39.857536,429172062,146935992,17,248,1,1,50#
12073,$JYJ,13370126448,20111101082540,116.419228,39.856937,429190842,146933791,19,256,1,1,50#
66809,$JYJ,13311470490,20111101083333,116.415916,39.857460,429178619,146935723,32,356,1,1,50#
14348,$JYJ,13311495038,20111101083041,116.413864,39.855858,429171078,146929824,0,68,0,0,50#
63913,$JYJ,13311495038,20111101083323,116.414368,39.856190,429172934,146931042,4,250,1,1,50#
40093,$JYJ,13381153621,20111101083709,116.415634,39.858948,429177568,146941187,8,180,1,1,50#
11243,$JYJ,13311492073,20111101084033,116.417168,39.857101,429183248,146934401,15,280,1,1,50#
62418,$JYJ,13321183478,20111101084325,116.416054,39.852734,429179133,146918281,12,6,1,1,50#
24679,$JYJ,13331194892,20111101084115,116.419449,39.856319,429191645,146931496,47,82,0,0,50#
78988,$JYJ,13311486592,20111101084945,116.413300,39.855484,429168982,146928439,21,104,0,0,50#
74992,$JYJ,13311577743,20111101084933,116.417236,39.856705,429183478,146932935,0,264,0,0,50#
3146,$JYJ,13311581407,20111101084508,116.413834,39.856262,429170938,146931295,8,252,1,1,50#
75073,$JYJ,13370129382,20111101084932,116.417152,39.856709,429183201,146932946,0,262,0,0,50#
69336,$JYJ,13311487138,20111101085847,116.413864,39.855560,429171085,146928714,0,98,0,0,50#
85497,$JYJ,13311492235,20111101085953,116.413048,39.855579,429168074,146928791,10,94,0,0,50#
6894,$JYJ,13331184781,20111101085518,116.418816,39.853256,429189297,146920214,0,124,0,0,50#
26221,$JYJ,13331194546,20111101085631,116.413086,39.855297,429168207,146927752,0,86,0,0,50#
31433,$JYJ,13311403323,20111101090141,116.415154,39.856358,429175812,146931656,13,256,0,0,50#
63282,$JYJ,13311403323,20111101090343,116.413551,39.856110,429169914,146930751,0,242,1,1,50#
27020,$JYJ,13311470372,20111101090127,116.418930,39.853401,429189720,146920734,23,126,0,0,50#
62772,$JYJ,13311470372,20111101090347,116.417564,39.855751,429184687,146929416,15,12,1,1,50#
82542,$JYJ,13311492235,20111101090449,116.413597,39.856014,429170096,146930390,17,254,1,1,50#
45204,$JYJ,13311576749,20111101090241,116.417534,39.850525,429184596,146910126,12,164,1,1,50#
66077,$JYJ,13301155411,20111101090846,116.412315,39.855606,429165356,146928868,0,92,0,0,50#
70842,$JYJ,13301254392,20111101090900,116.413834,39.855598,429170951,146928866,15,82,2,0,50#
84325,$JYJ,13311431443,20111101090947,116.418335,39.856373,429187521,146931707,30,76,0,0,50#
17031,$JYJ,13381069814,20111101090554,116.417564,39.856758,429184705,146933116,10,260,0,0,50#
77893,$JYJ,13331194214,20111101091356,116.417320,39.856083,429183781,146930630,8,30,1,1,50#
86003,$JYJ,13301174902,20111101091936,116.413414,39.855637,429169388,146928984,10,98,0,0,50#
39365,$JYJ,13301254516,20111101091659,116.412735,39.855564,429166891,146928728,4,88,0,0,50#
35264,$JYJ,13311191457,20111101092203,116.414269,39.855610,429172540,146928894,2,86,0,0,50#
89738,$JYJ,13311495175,20111101092454,116.412918,39.855995,429167577,146930303,58,268,1,1,50#
839,$JYJ,13321174894,20111101091958,116.413117,39.855534,429168313,146928630,17,94,0,0,50#
87377,$JYJ,13331111471,20111101092447,116.414269,39.855583,429172562,146928795,17,80,1,1,50#
68174,$JYJ,13331156431,20111101092341,116.416382,39.855747,429180360,146929386,21,44,0,0,50#
80744,$JYJ,13311426334,20111101092930,116.413849,39.856060,429170995,146930541,15,268,1,1,50#
59569,$JYJ,13331063440,20111101092824,116.411430,39.855652,429162085,146929040,49,88,0,0,50#
75000,$JYJ,13301184063,20111101093354,116.417450,39.850502,429184255,146910054,30,170,1,1,50#
9772,$JYJ,13311020624,20111101093028,116.418053,39.856838,429186498,146933414,0,0,1,1,50#
3087,$JYJ,13321164304,20111101093011,116.414886,39.855255,429174828,146927590,25,252,1,1,50#
31803,$JYJ,13381235476,20111101093136,116.413780,39.856041,429170758,146930495,12,258,1,1,50#
31229,$JYJ,13301174979,20111101093644,116.417396,39.856079,429184087,146930623,8,70,1,1,50#
36006,$JYJ,13311022994,20111101093700,116.410202,39.855923,429157572,146930064,12,264,1,1,50#
44747,$JYJ,13331194967,20111101093733,116.417648,39.856178,429184990,146930997,12,66,1,1,50#
86770,$JYJ,13301164953,20111101094426,116.413750,39.856106,429170641,146930730,0,274,1,1,50#
16847,$JYJ,13311431041,20111101094052,116.415428,39.857933,429176845,146937447,0,154,0,0,50#
87823,$JYJ,13311470398,20111101094431,116.418083,39.856327,429186607,146931513,8,44,1,1,50#
25320,$JYJ,13321174756,20111101094119,116.417549,39.855671,429184636,146929117,0,30,0,0,50#
69626,$JYJ,13311495083,20111101095328,116.417419,39.855438,429184143,146928267,15,126,0,0,50#
93764,$JYJ,13321164471,20111101095440,116.417450,39.855782,429184283,146929516,38,122,1,1,50#
31950,$JYJ,13301254339,20111101095639,116.413780,39.855534,429170760,146928623,0,80,0,0,50#
4080,$JYJ,13311492105,20111101095507,116.415016,39.856571,429175313,146932437,0,178,1,1,50#
313,$JYJ,13321199644,20111101095501,116.415520,39.855797,429177149,146929593,25,76,1,1,50#
81174,$JYJ,13370126448,20111101095914,116.417931,39.856770,429186039,146933145,0,0,0,0,50#
67610,$JYJ,13381100547,20111101095828,116.417480,39.854572,429184396,146925055,15,344,0,0,50#
79059,$JYJ,13301174389,20111101100428,116.412880,39.855587,429167443,146928814,39,92,0,0,50#
8187,$JYJ,13311489456,20111101100023,116.414780,39.856148,429174435,146930859,26,256,1,1,50#
74475,$JYJ,13311495380,20111101100412,116.417831,39.856728,429185677,146933016,13,258,0,0,50#
13807,$JYJ,13311486598,20111101100544,116.412186,39.855652,429164891,146929036,34,94,0,0,50#
15486,$JYJ,13301214031,20111101101050,116.416496,39.855991,429180746,146930311,19,70,1,1,50#
21648,$JYJ,13370122446,20111101101111,116.413696,39.856041,429170444,146930497,15,246,1,1,50#
11368,$JYJ,13370126448,20111101101040,116.419098,39.856941,429190350,146933774,32,260,0,0,50#
5532,$JYJ,13311486207,20111101101514,116.414970,39.856220,429175163,146931151,2,254,1,1,50#
70028,$JYJ,13321164607,20111101101842,116.415916,39.858105,429178610,146938080,4,8,0,0,50#
14769,$JYJ,13370129503,20111101101543,116.412384,39.855900,429165636,146929952,8,210,1,1,50#
39454,$JYJ,13311191493,20111101102209,116.419632,39.852779,429192325,146918450,0,268,0,0,50#
43045,$JYJ,13311495377,20111101102217,116.415283,39.855770,429176299,146929472,12,90,1,1,50#
31532,$JYJ,13381096584,20111101102135,116.417335,39.856644,429183863,146932702,6,256,1,1,50#
44848,$JYJ,13381100547,20111101102226,116.417419,39.856098,429184178,146930703,0,118,1,1,50#
58487,$JYJ,13311403498,20111101102802,116.413368,39.856007,429169254,146930353,12,238,1,1,50#
31542,$JYJ,13301157674,20111101103140,116.414635,39.856110,429173908,146930729,17,254,1,1,50#
10184,$JYJ,13370122412,20111101103030,116.415070,39.856262,429175523,146931302,4,258,1,1,50#
81876,$JYJ,13311486302,20111101103926,116.414368,39.855637,429172936,146929003,0,92,0,0,50#
79582,$JYJ,13381068954,20111101103919,116.414001,39.855530,429171579,146928607,0,0,0,0,50#
5781,$JYJ,13381068954,20111101104017,116.414001,39.855530,429171557,146928614,0,0,1,1,50#
55117,$JYJ,13301214012,20111101104756,116.415535,39.852798,429177233,146918512,0,180,0,0,50#
32264,$JYJ,13301214187,20111101104639,116.417435,39.854820,429184216,146925986,0,0,1,1,50#
18854,$JYJ,13301254332,20111101104555,116.419487,39.856983,429191789,146933928,32,252,0,0,50#
24880,$JYJ,13311431075,20111101104617,116.415604,39.854286,429177484,146923999,4,182,1,1,50#
13805,$JYJ,13331187195,20111101104545,116.414497,39.856209,429173394,146931109,15,256,1,1,50#
26891,$JYJ,13381271941,20111101104623,116.411270,39.855804,429161529,146929630,17,266,1,1,50#
27770,$JYJ,13301155144,20111101105126,116.413803,39.855541,429170835,146928649,13,88,0,0,50#
82161,$JYJ,13301155144,20111101105410,116.417320,39.856102,429183806,146930697,8,60,1,1,50#
52097,$JYJ,13311585854,20111101105238,116.413536,39.855507,429169853,146928523,15,84,1,1,50#
58811,$JYJ,13311403715,20111101105808,116.418785,39.853031,429189208,146919369,0,84,0,0,50#
4742,$JYJ,13311426293,20111101105512,116.413948,39.855530,429171388,146928603,0,94,0,0,50#
72385,$JYJ,13311480664,20111101105858,116.419083,39.856995,429190299,146933973,0,236,1,1,50#
52080,$JYJ,13331194743,20111101105746,116.415901,39.855576,429178580,146928767,0,356,0,0,50#
62192,$JYJ,13311021874,20111101110311,116.414215,39.855526,429172371,146928570,0,182,0,0,50#
75284,$JYJ,13311021874,20111101110349,116.414200,39.855526,429172285,146928598,0,0,1,1,50#
72943,$JYJ,13311431132,20111101110348,116.413170,39.855572,429168522,146928771,17,78,1,1,50#
25432,$JYJ,13311431283,20111101110115,116.417114,39.856800,429183034,146933282,6,278,0,0,50#
91405,$JYJ,13311453479,20111101110440,116.415550,39.852310,429177280,146916713,34,180,1,1,50#
19113,$JYJ,13311489626,20111101110100,116.414001,39.856106,429171567,146930707,0,0,0,0,50#
64216,$JYJ,13311489626,20111101110319,116.414001,39.856106,429171561,146930735,0,0,0,0,50#
70471,$JYJ,13311489626,20111101110340,116.414001,39.856106,429171584,146930708,0,0,1,1,50#
3587,$JYJ,13331184783,20111101110006,116.415863,39.856945,429178439,146933802,0,0,0,0,50#
19048,$JYJ,13331184783,20111101110056,116.415863,39.856957,429178450,146933871,0,288,1,1,50#
83459,$JYJ,13331188504,20111101110415,116.417984,39.857208,429186258,146934769,0,286,0,0,50#
21689,$JYJ,13331194743,20111101110106,116.411530,39.855900,429162472,146929968,13,252,1,1,50#
1085,$JYJ,13301127492,20111101110459,116.415764,39.857334,429178070,146935232,0,178,0,0,50#
50268,$JYJ,13301127492,20111101110739,116.412651,39.855995,429166612,146930331,34,266,1,1,50#
32101,$JYJ,13301214050,20111101110639,116.418716,39.854466,429188922,146924651,0,348,0,0,50#
58413,$JYJ,13301214650,20111101110805,116.415581,39.857563,429177401,146936099,8,162,1,1,50#
5511,$JYJ,13311489465,20111101110516,116.419067,39.857010,429190250,146934028,0,310,0,0,50#
25793,$JYJ,13311489465,20111101110621,116.417603,39.856716,429184857,146932979,21,256,1,1,50#
85852,$JYJ,13311492260,20111101110934,116.414116,39.856068,429171998,146930597,13,248,0,0,50#
30002,$JYJ,13311495339,20111101110636,116.415916,39.854347,429178621,146924243,45,4,0,0,50#
73456,$JYJ,13381063104,20111101110856,116.412880,39.855358,429167458,146927976,4,98,1,1,50#
37447,$JYJ,13301214462,20111101111159,116.413963,39.855408,429171412,146928152,8,78,1,1,50#
78823,$JYJ,13311403774,20111101111407,116.417480,39.857037,429184400,146934161,13,274,1,1,50#
87684,$JYJ,13370122426,20111101111438,116.413544,39.855507,429169909,146928520,25,94,0,0,50#
12298,$JYJ,13301127412,20111101111535,116.414902,39.856251,429174910,146931256,8,216,1,1,50#
44333,$JYJ,13311431062,20111101111716,116.417198,39.856667,429183367,146932798,4,276,0,0,50#
67213,$JYJ,13311489646,20111101111849,116.414535,39.855633,429173543,146928964,0,112,1,1,50#
41552,$JYJ,13311581543,20111101111708,116.414017,39.852230,429171633,146916425,0,186,0,0,50#
40038,$JYJ,13331159426,20111101111707,116.419037,39.856819,429190136,146933347,19,78,1,1,50#
8523,$JYJ,13331194990,20111101111520,116.416786,39.855927,429181826,146930069,0,44,1,1,50#
23396,$JYJ,13370122483,20111101111610,116.413635,39.856060,429170226,146930561,12,256,1,1,50#
82931,$JYJ,13311021694,20111101112438,116.417381,39.850872,429184033,146911420,8,170,0,0,50#
25714,$JYJ,13311431062,20111101112123,116.413780,39.855946,429170779,146930118,17,258,1,1,50#
81226,$JYJ,13311480664,20111101112429,116.417801,39.856701,429185569,146932908,6,258,0,0,50#
17900,$JYJ,13311495198,20111101112053,116.415634,39.856972,429177569,146933912,19,182,1,1,50#
56577,$JYJ,13321174848,20111101112309,116.413117,39.856033,429168316,146930463,28,260,1,1,50#
38637,$JYJ,13381068954,20111101112211,116.417915,39.856228,429185995,146931150,17,68,1,1,50#
42580,$JYJ,13301156482,20111101112710,116.417381,39.852222,429184014,146916383,0,178,0,0,50#
43188,$JYJ,13301156482,20111101112716,116.417381,39.852222,429184031,146916406,0,154,1,1,50#
73347,$JYJ,13311403191,20111101112845,116.412903,39.855957,429167541,146930181,17,266,1,1,50#
63062,$JYJ,13311480664,20111101112817,116.414947,39.856262,429175054,146931280,0,258,1,1,50#
37490,$JYJ,13321164760,20111101112652,116.419563,39.857059,429192069,146934233,26,260,1,1,50#
44716,$JYJ,13381153642,20111101112716,116.414719,39.856403,429174200,146931834,32,318,0,0,50#
56797,$JYJ,13381153642,20111101112752,116.414780,39.856484,429174439,146932106,13,298,1,1,50#
92563,$JYJ,13301254035,20111101113433,116.415497,39.853119,429177060,146919721,0,186,0,0,50#
82681,$JYJ,13311431427,20111101113401,116.417748,39.856754,429185367,146933115,0,236,0,0,50#
97234,$JYJ,13311431584,20111101113449,116.413315,39.855476,429169054,146928418,0,346,1,1,50#
51488,$JYJ,13331194664,20111101113232,116.418648,39.856903,429188706,146933663,2,252,0,0,50#
55167,$JYJ,13301204901,20111101113741,116.417900,39.856743,429185948,146933077,0,262,0,0,50#
64875,$JYJ,13301254035,20111101113809,116.415520,39.852737,429177160,146918315,4,176,1,1,50#
49176,$JYJ,13311431200,20111101113727,116.411430,39.855991,429162122,146930291,4,300,1,1,50#
33738,$JYJ,13311431427,20111101113638,116.414413,39.856117,429173102,146930748,26,256,1,1,50#
61916,$JYJ,13311487231,20111101113805,116.412720,39.856129,429166850,146930799,21,62,1,1,50#
86609,$JYJ,13321164417,20111101113919,116.415863,39.858147,429178437,146938246,8,180,1,1,50#
73713,$JYJ,13331188544,20111101113836,116.417931,39.856281,429186034,146931357,10,68,1,1,50#
24597,$JYJ,13301204901,20111101114112,116.413719,39.856064,429170554,146930569,6,250,1,1,50#
61560,$JYJ,13311191458,20111101114303,116.419548,39.854206,429192013,146923722,17,100,0,0,50#
93693,$JYJ,13311403229,20111101114440,116.416550,39.855969,429180948,146930208,10,78,1,1,50#
11626,$JYJ,13311563540,20111101114534,116.414284,39.855652,429172594,146929042,26,82,0,0,50#
31512,$JYJ,13301254035,20111101115134,116.413666,39.856094,429170357,146930680,6,252,1,1,50#
20595,$JYJ,13311025845,20111101115058,116.413681,39.855526,429170391,146928597,0,102,0,0,50#
58638,$JYJ,13311025845,20111101115253,116.417282,39.856140,429183644,146930855,13,72,1,1,50#
87709,$JYJ,13311426070,20111101115420,116.413651,39.855446,429170278,146928285,10,356,0,0,50#
68862,$JYJ,13311489373,20111101115326,116.413132,39.855354,429168376,146927969,21,266,1,1,50#
58551,$JYJ,13331154816,20111101115257,116.415619,39.853058,429177517,146919495,51,182,0,0,50#
62368,$JYJ,13331194085,20111101115304,116.413399,39.856037,429169347,146930478,2,276,0,0,50#
253,$JYJ,13301157141,20111101115456,116.414833,39.856205,429174623,146931081,17,258,1,1,50#
19151,$JYJ,13301214685,20111101115554,116.411034,39.855984,429160632,146930273,26,262,1,1,50#
14635,$JYJ,13311486414,20111101115545,116.419540,39.856648,429191995,146932715,4,76,0,0,50#
96236,$JYJ,13311489359,20111101115950,116.417580,39.853958,429184743,146922782,0,0,0,0,50#
54104,$JYJ,13331154816,20111101115737,116.412033,39.855789,429164301,146929572,12,84,1,1,50#
94602,$JYJ,13331194752,20111101115946,116.418167,39.856869,429186909,146933536,17,264,1,1,50#
56382,$JYJ,13311403552,20111101120254,116.416435,39.855888,429180547,146929925,13,70,0,0,50#
30599,$JYJ,13311492066,20111101120136,116.419296,39.856937,429191080,146933782,12,266,0,0,50#
28713,$JYJ,13301214878,20111101120635,116.413887,39.853920,429171158,146922650,13,174,0,0,50#
43010,$JYJ,13370129354,20111101121233,116.416054,39.855713,429179114,146929263,13,0,0,0,50#
4299,$JYJ,13311403239,20111101121511,116.419296,39.857021,429191089,146934077,10,250,1,1,50#
36212,$JYJ,13311488202,20111101121724,116.413765,39.856129,429170697,146930793,0,0,0,0,50#
40398,$JYJ,13311488202,20111101121740,116.413765,39.856129,429170709,146930812,0,0,0,0,50#
42710,$JYJ,13311488202,20111101121750,116.413765,39.856129,429170685,146930805,0,0,0,0,50#
7039,$JYJ,13331194905,20111101121527,116.412750,39.856087,429166969,146930649,23,264,1,1,50#
74730,$JYJ,13311480650,20111101122449,116.414955,39.856270,429175088,146931319,0,0,0,0,50#
24254,$JYJ,13311480650,20111101122646,116.414955,39.856270,429175073,146931319,0,0,0,0,50#
39477,$JYJ,13301155954,20111101123248,116.413513,39.856071,429169755,146930599,23,260,2,0,50#
15019,$JYJ,13321164421,20111101123100,116.413696,39.856079,429170468,146930629,8,258,1,1,50#
34013,$JYJ,13331191584,20111101123227,116.417419,39.856762,429184166,146933150,4,260,1,1,50#
75201,$JYJ,13311021074,20111101123918,116.411964,39.855892,429164058,146929949,19,264,0,0,50#
57456,$JYJ,13311426273,20111101123822,116.419113,39.857029,429190414,146934104,26,260,1,1,50#
63293,$JYJ,13331194368,20111101123842,116.414535,39.855789,429173559,146929570,0,80,0,0,50#
5559,$JYJ,13301214674,20111101124016,116.415848,39.856850,429178372,146933464,6,112,0,0,50#
58654,$JYJ,13311162412,20111101124803,116.418854,39.854618,429189425,146925233,0,8,0,0,50#
15783,$JYJ,13311426273,20111101124548,116.412750,39.856022,429166973,146930425,19,272,1,1,50#
60356,$JYJ,13311488202,20111101124817,116.413765,39.856129,429170685,146930822,0,0,0,0,50#
62346,$JYJ,13311488202,20111101124824,116.413658,39.856060,429170304,146930560,17,260,1,1,50#
26741,$JYJ,13331188643,20111101124626,116.417938,39.856293,429186092,146931418,19,74,1,1,50#
84685,$JYJ,13301214432,20111101125440,116.417396,39.856690,429184084,146932876,0,262,0,0,50#
43123,$JYJ,13311486433,20111101125229,116.417580,39.856690,429184744,146932879,6,256,1,1,50#
54857,$JYJ,13311492137,20111101125305,116.413231,39.850079,429168737,146908489,13,312,0,0,50#
34359,$JYJ,13321164884,20111101125200,116.413719,39.856094,429170531,146930676,6,256,1,1,50#
43294,$JYJ,13331194942,20111101125223,116.413437,39.856110,429169502,146930741,10,236,1,1,50#
22543,$JYJ,13301214432,20111101125614,116.415764,39.858662,429178062,146940149,36,356,1,1,50#
60089,$JYJ,13311470445,20111101125818,116.417549,39.854519,429184655,146924870,8,184,0,0,50#
8656,$JYJ,13381102934,20111101125530,116.413528,39.855270,429169837,146927627,0,0,0,0,50#
9975,$JYJ,13381102934,20111101125534,116.413528,39.855270,429169838,146927637,0,0,0,0,50#
64405,$JYJ,13381102934,20111101125835,116.413528,39.855270,429169815,146927626,0,0,0,0,50#
37106,$JYJ,13301128438,20111101130204,116.417503,39.852402,429184479,146917071,13,358,1,1,50#
36051,$JYJ,13301151546,20111101130156,116.414467,39.855618,429173292,146928922,0,84,0,0,50#
79266,$JYJ,13311426302,20111101130445,116.416397,39.855839,429180378,146929728,30,92,0,0,50#
77577,$JYJ,13311453295,20111101130442,116.410850,39.855503,429159961,146928513,23,84,1,1,50#
34731,$JYJ,13311489500,20111101130153,116.413834,39.855583,429170969,146928791,0,72,0,0,50#
45974,$JYJ,13331194560,20111101130230,116.410049,39.855846,429157032,146929761,21,272,2,0,50#
53141,$JYJ,13301151546,20111101130746,116.413284,39.856018,429168921,146930415,4,260,1,1,50#
69831,$JYJ,13301155433,20111101130846,116.415764,39.858700,429178077,146940267,38,352,1,1,50#
76635,$JYJ,13301157141,20111101130900,116.413864,39.856071,429171088,146930597,10,262,1,1,50#
46903,$JYJ,13301254257,20111101130731,116.416237,39.853153,429179797,146919838,56,180,0,0,50#
88438,$JYJ,13331156444,20111101130942,116.419136,39.857101,429190498,146934373,32,262,0,0,50#
9381,$JYJ,13301214477,20111101131025,116.417564,39.856197,429184707,146931050,6,54,1,1,50#
63355,$JYJ,13370129334,20111101131310,116.417396,39.856106,429184060,146930717,13,62,0,0,50#
53895,$JYJ,13301214295,20111101131807,116.413780,39.855564,429170747,146928726,8,88,0,0,50#
82551,$JYJ,13311489639,20111101131933,116.412521,39.855507,429166127,146928532,8,96,1,1,50#
36525,$JYJ,13321164858,20111101131709,116.414932,39.856060,429174987,146930545,0,266,1,1,50#
1629,$JYJ,13301155485,20111101132002,116.414902,39.855701,429174894,146929235,10,88,1,1,50#
30707,$JYJ,13301214295,20111101132137,116.418961,39.856411,429189829,146931851,6,80,1,1,50#
94188,$JYJ,13301252468,20111101132445,116.419800,39.856464,429192927,146932021,28,76,1,1,50#
71745,$JYJ,13311403516,20111101132341,116.417503,39.855980,429184487,146930267,15,176,1,1,50#
35596,$JYJ,13311426078,20111101132151,116.417603,39.856350,429184839,146931609,15,60,1,1,50#
87955,$JYJ,13311470467,20111101132426,116.413902,39.856094,429171202,146930667,0,254,1,1,50#
57715,$JYJ,13301208453,20111101132759,116.415565,39.857288,429177316,146935082,0,176,0,0,50#
81049,$JYJ,13301208453,20111101132907,116.413567,39.856056,429169985,146930535,15,246,1,1,50#
83339,$JYJ,13321174891,20111101132917,116.411636,39.854656,429162854,146925377,21,84,0,0,50#
56190,$JYJ,13311020344,20111101133247,116.415985,39.851250,429178876,146912823,0,0,0,0,50#
86832,$JYJ,13311470316,20111101133421,116.419136,39.856571,429190471,146932430,23,84,1,1,50#
36999,$JYJ,13311486435,20111101133153,116.418182,39.856838,429186994,146933400,25,266,0,0,50#
50077,$JYJ,13311486435,20111101133230,116.417084,39.856648,429182939,146932727,10,248,1,1,50#
28234,$JYJ,13311489359,20111101133127,116.411240,39.855530,429161406,146928597,19,88,1,1,50#
43216,$JYJ,13311489658,20111101133207,116.417320,39.856617,429183809,146932610,26,256,1,1,50#
53579,$JYJ,13321174891,20111101133244,116.414818,39.857155,429174591,146934577,8,252,1,1,50#
22212,$JYJ,13331111430,20111101133106,116.419365,39.857006,429191346,146934044,0,264,0,0,50#
3048,$JYJ,13301155428,20111101133511,116.417633,39.856785,429184945,146933223,12,248,1,1,50#
28498,$JYJ,13301157498,20111101133631,116.414017,39.855572,429171624,146928758,13,96,0,0,50#
18488,$JYJ,13301204927,20111101133558,116.415031,39.856338,429175376,146931582,0,264,1,1,50#
53436,$JYJ,13311403353,20111101133748,116.415451,39.858715,429176917,146940325,0,274,0,0,50#
79676,$JYJ,13311403353,20111101133920,116.415031,39.856365,429175362,146931682,0,220,1,1,50#
31220,$JYJ,13301104099,20111101134129,116.417633,39.856190,429184933,146931035,10,48,1,1,50#
13161,$JYJ,13301157498,20111101134041,116.414665,39.856243,429174024,146931213,8,246,1,1,50#
29605,$JYJ,13301214163,20111101134131,116.417862,39.854500,429185772,146924796,12,280,0,0,50#
70840,$JYJ,13301125461,20111101134838,116.417664,39.855720,429185054,146929288,8,126,0,0,50#
52370,$JYJ,13301153649,20111101134742,116.415382,39.856270,429176639,146931340,13,254,0,0,50#
59066,$JYJ,13301153649,20111101134802,116.414467,39.856159,429173293,146930902,8,256,1,1,50#
75491,$JYJ,13311492317,20111101134854,116.417885,39.856213,429185882,146931108,19,70,1,1,50#
56517,$JYJ,13311495323,20111101134758,116.417831,39.856274,429185685,146931339,19,74,1,1,50#
33769,$JYJ,13331187106,20111101134641,116.413032,39.855640,429168007,146928994,0,90,0,0,50#
1965,$JYJ,13331194430,20111101134502,116.415932,39.854233,429178689,146923818,19,356,1,1,50#
7175,$JYJ,13301125461,20111101135025,116.417580,39.854725,429184771,146925640,19,350,1,1,50#
59525,$JYJ,13301184063,20111101135311,116.417465,39.850800,429184346,146911137,21,354,1,1,50#
40088,$JYJ,13311431256,20111101135204,116.413750,39.856045,429170629,146930513,15,268,1,1,50#
91839,$JYJ,13311426412,20111101140447,116.413300,39.855469,429168970,146928372,17,250,0,0,50#
91885,$JYJ,13381066648,20111101140449,116.418732,39.852955,429189009,146919110,0,112,0,0,50#
2983,$JYJ,13311495137,20111101140508,116.417503,39.855553,429184482,146928664,4,176,0,0,50#
91583,$JYJ,13301204886,20111101141450,116.413887,39.856113,429171173,146930767,0,250,1,1,50#
36251,$JYJ,13311486481,20111101141159,116.416847,39.856682,429182036,146932842,0,0,0,0,50#
85071,$JYJ,13311487129,20111101141430,116.415184,39.856331,429175933,146931535,4,228,1,1,50#
70904,$JYJ,13331194908,20111101141342,116.418098,39.857075,429186653,146934270,13,270,0,0,50#
87887,$JYJ,13301184063,20111101141942,116.419167,39.856533,429190593,146932299,36,74,1,1,50#
41202,$JYJ,13311489452,20111101142202,116.417252,39.850773,429183563,146911052,0,6,0,0,50#
24814,$JYJ,13381083416,20111101142108,116.410919,39.855503,429160218,146928520,0,66,0,0,50#
1736,$JYJ,13301104075,20111101142502,116.413467,39.856071,429169606,146930611,32,260,1,1,50#
491,$JYJ,13301125487,20111101142459,116.415001,39.856342,429175247,146931606,13,244,1,1,50#
21721,$JYJ,13301209466,20111101142604,116.415916,39.857231,429178638,146934864,0,350,0,0,50#
55874,$JYJ,13321164377,20111101142748,116.414047,39.855568,429171740,146928730,0,82,0,0,50#
80525,$JYJ,13321164377,20111101142848,116.414116,39.855583,429172014,146928809,10,76,1,1,50#
49364,$JYJ,13381063124,20111101142734,116.418152,39.857006,429186880,146934048,0,250,1,1,50#
11412,$JYJ,13311300824,20111101143028,116.417564,39.856716,429184692,146932972,17,256,0,0,50#
33559,$JYJ,13311300824,20111101143124,116.415863,39.857395,429178425,146935466,32,354,1,1,50#
77065,$JYJ,13311403696,20111101143310,116.414864,39.856571,429174741,146932422,2,246,1,1,50#
26059,$JYJ,13311480745,20111101143106,116.413933,39.855556,429171307,146928692,0,88,0,0,50#
118909,$JYJ,13321199349,20111101143456,116.411552,39.856171,429162553,146930956,10,278,1,1,50#
58618,$JYJ,13370122414,20111101143229,116.415436,39.856777,429176845,146933195,0,214,1,1,50#
74432,$JYJ,13370122414,20111101143304,116.415436,39.856781,429176839,146933200,0,214,0,0,50#
111011,$JYJ,13370122414,20111101143438,116.413948,39.856167,429171356,146930951,0,290,1,1,50#
86157,$JYJ,13311492289,20111101143834,116.410103,39.857140,429157220,146934548,2,62,0,0,50#
64945,$JYJ,13331154889,20111101144242,116.418716,39.856361,429188942,146931657,0,86,1,1,50#
65726,$JYJ,13331194480,20111101144244,116.417396,39.853535,429184087,146921239,0,206,0,0,50#
63744,$JYJ,13301150149,20111101144738,116.414085,39.855633,429171902,146928992,0,94,0,0,50#
10196,$JYJ,13301128403,20111101145022,116.415047,39.856403,429175434,146931820,0,262,1,1,50#
100896,$JYJ,13311403274,20111101145413,116.415817,39.858055,429178283,146937902,2,226,0,0,50#
47198,$JYJ,13370122446,20111101145157,116.411217,39.856045,429161304,146930491,12,268,1,1,50#
113663,$JYJ,13381066774,20111101145444,116.412865,39.856029,429167392,146930459,6,266,1,1,50#
75819,$JYJ,13301209584,20111101145806,116.414116,39.855660,429172001,146929093,2,116,0,0,50#
14746,$JYJ,13311480668,20111101145541,116.413460,39.856140,429169581,146930836,6,262,1,1,50#
82521,$JYJ,13321174593,20111101145826,116.417099,39.856777,429183001,146933206,0,284,1,1,50#
62216,$JYJ,13381066648,20111101145734,116.415001,39.856331,429175254,146931564,2,262,1,1,50#
78830,$JYJ,13311480792,20111101150321,116.415047,39.856304,429175427,146931438,10,232,1,1,50#
44338,$JYJ,13311490952,20111101150152,116.417335,39.856178,429183868,146930990,2,156,0,0,50#
83977,$JYJ,13311490952,20111101150339,116.417435,39.856102,429184232,146930701,13,150,1,1,50#
98504,$JYJ,13301156497,20111101150907,116.415970,39.858437,429178841,146939327,43,358,0,0,50#
111651,$JYJ,13311486346,20111101150939,116.414436,39.855606,429173170,146928876,0,86,0,0,50#
34381,$JYJ,13321164535,20111101150631,116.413635,39.855637,429170245,146928980,6,82,0,0,50#
103482,$JYJ,13321174754,20111101150920,116.415047,39.856342,429175420,146931600,0,340,1,1,50#
19310,$JYJ,13311426129,20111101151051,116.415665,39.857803,429177680,146936991,13,164,1,1,50#
67907,$JYJ,13311426129,20111101151312,116.415787,39.856770,429178161,146933182,0,168,0,0,50#
68590,$JYJ,13311426129,20111101151317,116.415787,39.856796,429178141,146933249,0,168,1,1,50#
25253,$JYJ,13311480650,20111101151109,116.415093,39.856300,429175600,146931433,0,0,0,0,50#
26496,$JYJ,13311480650,20111101151113,116.415093,39.856300,429175602,146931423,0,0,0,0,50#
53266,$JYJ,13311480650,20111101151231,116.415093,39.856300,429175606,146931424,0,0,0,0,50#
55813,$JYJ,13311480650,20111101151243,116.415093,39.856300,429175586,146931422,0,0,1,1,50#
27195,$JYJ,13321164555,20111101151110,116.417465,39.856182,429184321,146931010,17,74,0,0,50#
90346,$JYJ,13321174590,20111101151410,116.418167,39.856777,429186907,146933177,4,250,1,1,50#
11886,$JYJ,13321164535,20111101151531,116.418365,39.854900,429187667,146926283,0,100,1,1,50#
27640,$JYJ,13321199546,20111101151602,116.415817,39.856400,429178243,146931805,30,254,1,1,50#
29873,$JYJ,13331194017,20111101151615,116.413536,39.855534,429169873,146928623,0,98,0,0,50#
74561,$JYJ,13331194017,20111101151810,116.414467,39.855545,429173288,146928654,8,76,1,1,50#
20613,$JYJ,13331194845,20111101151553,116.413902,39.855789,429171205,146929559,10,260,1,1,50#
20789,$JYJ,13331194845,20111101151555,116.413864,39.855820,429171085,146929684,6,258,0,0,50#
39058,$JYJ,13331194845,20111101151639,116.413818,39.855869,429170917,146929864,8,264,1,1,50#
57719,$JYJ,13301204886,20111101152229,116.414635,39.855724,429173919,146929325,0,106,0,0,50#
54186,$JYJ,13301214861,20111101152223,116.413612,39.855213,429170137,146927440,0,0,0,0,50#
55937,$JYJ,13301214861,20111101152227,116.413612,39.855213,429170141,146927426,0,0,0,0,50#
71535,$JYJ,13311431244,20111101152307,116.415604,39.854935,429177475,146926407,10,174,1,1,50#
54460,$JYJ,13311488229,20111101152224,116.413818,39.855103,429170881,146927020,4,164,0,0,50#
98369,$JYJ,13301208423,20111101152912,116.414230,39.855488,429172402,146928456,0,90,0,0,50#
91056,$JYJ,13301214511,20111101152850,116.416000,39.854813,429178944,146925967,23,348,0,0,50#
1274,$JYJ,13301214861,20111101152503,116.413612,39.855213,429170123,146927447,0,0,0,0,50#
104728,$JYJ,13311470499,20111101152928,116.417915,39.856331,429186004,146931535,25,78,1,1,50#
27404,$JYJ,13311570481,20111101152610,116.418816,39.856918,429189306,146933713,13,256,1,1,50#
65908,$JYJ,13331156411,20111101152747,116.415230,39.856300,429176077,146931428,36,254,1,1,50#
65497,$JYJ,13301204905,20111101153257,116.414368,39.855640,429172910,146929019,0,84,0,0,50#
106789,$JYJ,13301204905,20111101153444,116.415565,39.855625,429177347,146928961,10,162,1,1,50#
41041,$JYJ,13301214511,20111101153141,116.414635,39.856312,429173894,146931468,19,256,1,1,50#
12076,$JYJ,13301214861,20111101153030,116.411484,39.856564,429162307,146932419,0,0,0,0,50#
13249,$JYJ,13301214861,20111101153034,116.411484,39.856564,429162294,146932429,0,0,0,0,50#
1893,$JYJ,13331154948,20111101153002,116.413834,39.855473,429170947,146928402,2,114,0,0,50#
106993,$JYJ,13381235470,20111101153446,116.416702,39.855850,429181534,146929778,10,74,1,1,50#
107306,$JYJ,13301156074,20111101153939,116.414703,39.856258,429174174,146931289,12,252,1,1,50#
75067,$JYJ,13321164900,20111101154308,116.412804,39.855480,429167144,146928405,2,92,0,0,50#
72840,$JYJ,13311426408,20111101154800,116.418419,39.856811,429187858,146933309,17,250,0,0,50#
7641,$JYJ,13311480708,20111101154515,116.411499,39.855957,429162362,146930178,13,266,1,1,50#
103418,$JYJ,13311492215,20111101154913,116.417084,39.856663,429182906,146932760,0,268,0,0,50#
6684,$JYJ,13321164900,20111101154505,116.415787,39.859428,429178165,146942962,2,12,1,1,50#
34579,$JYJ,13301155547,20111101155125,116.414803,39.856232,429174534,146931182,6,248,1,1,50#
114689,$JYJ,13331154833,20111101155443,116.418953,39.856915,429189806,146933700,4,252,2,0,50#
69405,$JYJ,13331194285,20111101155250,116.417213,39.856781,429183411,146933220,0,266,0,0,50#
26087,$JYJ,13311021664,20111101155604,116.417900,39.856800,429185933,146933289,0,0,0,0,50#
69358,$JYJ,13311489489,20111101155753,116.415916,39.854752,429178608,146925739,28,346,1,1,50#
82711,$JYJ,13331194285,20111101155827,116.415337,39.855705,429176477,146929238,10,148,1,1,50#
80438,$JYJ,13331184839,20111101160318,116.417396,39.854793,429184065,146925861,8,354,1,1,50#
12194,$JYJ,13301214130,20111101160527,116.415901,39.857224,429178574,146934841,0,352,0,0,50#
69517,$JYJ,13301214130,20111101160755,116.415817,39.858379,429178274,146939108,0,0,1,1,50#
101944,$JYJ,13311470356,20111101160919,116.417847,39.856758,429185721,146933111,0,260,0,0,50#
65039,$JYJ,13311492206,20111101160743,116.415932,39.856819,429178699,146933365,2,354,0,0,50#
22120,$JYJ,13311563411,20111101161059,116.417053,39.856071,429182819,146930595,8,60,1,1,50#
29127,$JYJ,13331194102,20111101161127,116.419785,39.852863,429192885,146918763,0,256,0,0,50#
30173,$JYJ,13311486520,20111101161620,116.415909,39.857460,429178602,146935705,32,358,0,0,50#
40589,$JYJ,13321164840,20111101161646,116.415886,39.855232,429178520,146927505,0,18,0,0,50#
87623,$JYJ,13331194009,20111101161848,116.412865,39.856045,429167382,146930492,4,242,1,1,50#
105883,$JYJ,13331194102,20111101161937,116.410118,39.855720,429157262,146929314,0,290,0,0,50#
63762,$JYJ,13301251462,20111101162241,116.412598,39.855454,429166386,146928335,13,96,1,1,50#
22649,$JYJ,13331194341,20111101162056,116.415916,39.850872,429178619,146911431,0,4,0,0,50#
85253,$JYJ,13311453398,20111101162835,116.416931,39.855660,429182379,146929081,2,70,0,0,50#
105631,$JYJ,13311453398,20111101162929,116.417183,39.855866,429183295,146929816,23,64,1,1,50#
37752,$JYJ,13321164827,20111101162638,116.415985,39.854504,429178869,146924797,12,28,0,0,50#
40838,$JYJ,13321174614,20111101162643,116.415565,39.854301,429177334,146924057,13,172,1,1,50#
511,$JYJ,13321180448,20111101162459,116.418350,39.856842,429187611,146933435,0,276,0,0,50#
49928,$JYJ,13311486495,20111101163211,116.415550,39.858768,429177295,146940550,0,156,0,0,50#
88547,$JYJ,13311486495,20111101163351,116.415047,39.856304,429175443,146931437,6,266,1,1,50#
6989,$JYJ,13301214286,20111101163518,116.413734,39.855549,429170599,146928674,26,82,0,0,50#
26416,$JYJ,13311486435,20111101163626,116.419487,39.856800,429191759,146933269,36,264,0,0,50#
8181,$JYJ,13331154821,20111101163525,116.417396,39.856697,429184075,146932878,0,250,0,0,50#
68993,$JYJ,13331154821,20111101163857,116.417168,39.856674,429183217,146932817,21,258,1,1,50#
85112,$JYJ,13311495228,20111101164336,116.413368,39.850033,429169258,146908331,0,316,0,0,50#
41148,$JYJ,13311403101,20111101164646,116.410751,39.857422,429159598,146935564,0,220,0,0,50#
86952,$JYJ,13311489345,20111101164843,116.411331,39.855267,429161755,146927647,2,38,0,0,50#
50418,$JYJ,13301157334,20111101165211,116.417885,39.856201,429185862,146931082,17,78,1,1,50#
16940,$JYJ,13301277578,20111101165045,116.413383,39.857758,429169298,146936818,2,318,0,0,50#
58339,$JYJ,13311403687,20111101165230,116.414665,39.855717,429174020,146929303,13,74,0,0,50#
95022,$JYJ,13311403687,20111101165400,116.414581,39.856071,429173699,146930609,26,256,1,1,50#
35683,$JYJ,13311453241,20111101165137,116.414711,39.855660,429174194,146929091,23,80,1,1,50#
30291,$JYJ,13311470433,20111101165123,116.417519,39.851528,429184536,146913827,25,354,1,1,50#
109386,$JYJ,13311492332,20111101165439,116.416580,39.855892,429181078,146929917,12,78,0,0,50#
116429,$JYJ,13321164415,20111101165459,116.413590,39.855267,429170046,146927640,0,0,0,0,50#
47740,$JYJ,13321174891,20111101165207,116.412903,39.850395,429167522,146909664,21,116,0,0,50#
14807,$JYJ,13301151438,20111101165541,116.417580,39.851280,429184739,146912921,2,180,0,0,50#
66124,$JYJ,13301151438,20111101165753,116.417519,39.851208,429184511,146912650,2,70,1,1,50#
80056,$JYJ,13301164944,20111101165828,116.417633,39.856186,429184942,146930998,4,80,1,1,50#
36348,$JYJ,13301214280,20111101165630,116.414085,39.855911,429171863,146929998,6,288,1,1,50#
10009,$JYJ,13301277578,20111101165522,116.413513,39.856216,429169771,146931115,15,264,1,1,50#
31185,$JYJ,13311426263,20111101165622,116.417465,39.850082,429184309,146908502,0,202,0,0,50#
42979,$JYJ,13311489345,20111101165649,116.412964,39.855511,429167730,146928534,2,60,1,1,50#
26357,$JYJ,13311492332,20111101165606,116.417183,39.856014,429183274,146930380,13,82,1,1,50#
1135,$JYJ,13321164415,20111101165504,116.413590,39.855267,429170058,146927638,0,0,0,0,50#
23862,$JYJ,13321164415,20111101165603,116.413590,39.855267,429170055,146927613,0,0,0,0,50#
32172,$JYJ,13321164415,20111101165624,116.413590,39.855267,429170074,146927645,0,0,0,0,50#
45115,$JYJ,13321164415,20111101165656,116.413590,39.855267,429170036,146927622,0,0,0,0,50#
54774,$JYJ,13321164415,20111101165720,116.413490,39.855354,429169698,146927947,0,0,0,0,50#
58921,$JYJ,13321164415,20111101165724,116.413490,39.855354,429169683,146927940,0,0,0,0,50#
51539,$JYJ,13381066544,20111101165708,116.411964,39.855900,429164071,146929968,28,268,0,0,50#
65626,$JYJ,13381066544,20111101165747,116.411034,39.855846,429160640,146929777,0,252,1,1,50#
67917,$JYJ,13301155347,20111101170314,116.413963,39.856022,429171453,146930427,30,262,0,0,50#
93106,$JYJ,13301155347,20111101170416,116.411819,39.855984,429163530,146930263,8,316,1,1,50#
75273,$JYJ,13311426263,20111101170330,116.418983,39.857269,429189929,146934994,10,250,1,1,50#
101396,$JYJ,13311495301,20111101170440,116.415787,39.858040,429178171,146937846,13,170,0,0,50#
43882,$JYJ,13321164415,20111101170211,116.413490,39.855354,429169673,146927954,0,0,0,0,50#
39757,$JYJ,13321164415,20111101170641,116.417511,39.852890,429184494,146918873,0,0,0,0,50#
41558,$JYJ,13321164415,20111101170646,116.417511,39.852890,429184508,146918850,0,0,0,0,50#
82426,$JYJ,13311426452,20111101171322,116.412148,39.856186,429164739,146931004,28,270,1,1,50#
103026,$JYJ,13311495377,20111101171412,116.414101,39.855583,429171937,146928785,12,76,1,1,50#
74386,$JYJ,13321164415,20111101171305,116.417511,39.852890,429184489,146918865,0,0,0,0,50#
106688,$JYJ,13321174597,20111101171425,116.417091,39.856022,429182974,146930415,6,68,1,1,50#
95493,$JYJ,13331194814,20111101171359,116.417213,39.851620,429183388,146914171,6,310,0,0,50#
76333,$JYJ,13301157214,20111101171808,116.413032,39.850357,429168022,146909547,0,280,0,0,50#
25647,$JYJ,13301204810,20111101171608,116.412613,39.855587,429166466,146928819,4,76,0,0,50#
3773,$JYJ,13301209452,20111101171507,116.417480,39.855793,429184395,146929571,0,194,0,0,50#
119374,$JYJ,13311431472,20111101171955,116.416519,39.856579,429180844,146932453,0,236,0,0,50#
69693,$JYJ,13311470433,20111101171755,116.412285,39.856014,429165244,146930375,15,272,1,1,50#
48383,$JYJ,13331194814,20111101171703,116.417480,39.853371,429184378,146920616,0,30,1,1,50#
46448,$JYJ,13301214239,20111101172150,116.414780,39.856216,429174451,146931140,12,256,1,1,50#
41684,$JYJ,13311191474,20111101172141,116.411766,39.856255,429163333,146931269,8,96,1,1,50#
113653,$JYJ,13311431158,20111101172436,116.415016,39.856281,429175322,146931353,8,234,1,1,50#
60681,$JYJ,13311431472,20111101172229,116.413933,39.856113,429171328,146930749,4,248,1,1,50#
91256,$JYJ,13311566486,20111101172342,116.419083,39.856693,429190270,146932877,0,238,0,0,50#
106870,$JYJ,13311566486,20111101172425,116.418465,39.856808,429188010,146933310,0,268,1,1,50#
75308,$JYJ,13321180054,20111101172304,116.416702,39.856609,429181524,146932576,8,232,1,1,50#
81185,$JYJ,13301251402,20111101172824,116.413467,39.855846,429169626,146929758,0,80,0,0,50#
110846,$JYJ,13331188504,20111101172931,116.417396,39.856678,429184084,146932833,10,254,1,1,50#
15746,$JYJ,13381066824,20111101172536,116.419151,39.857010,429190521,146934034,8,262,1,1,50#
114777,$JYJ,13301214271,20111101173445,116.412148,39.855496,429164739,146928459,0,82,1,1,50#
22303,$JYJ,13301251402,20111101173052,116.414764,39.855637,429174393,146928994,12,80,1,1,50#
62248,$JYJ,13301155944,20111101173732,116.415665,39.854767,429177683,146925798,23,178,1,1,50#
95388,$JYJ,13311403098,20111101173853,116.419487,39.856552,429191772,146932362,0,190,0,0,50#
77964,$JYJ,13311426388,20111101173810,116.416115,39.855377,429179339,146928033,2,6,0,0,50#
22262,$JYJ,13301156454,20111101174054,116.418068,39.850712,429186530,146910813,0,340,0,0,50#
17696,$JYJ,13301164915,20111101174042,116.417480,39.855145,429184405,146927178,0,174,0,0,50#
88677,$JYJ,13311431170,20111101174337,116.414452,39.856010,429173232,146930381,26,256,1,1,50#
51091,$JYJ,13311489416,20111101174204,116.416016,39.857864,429178993,146937217,23,0,0,0,50#
102199,$JYJ,13301151546,20111101174914,116.413849,39.856083,429171018,146930648,0,260,1,1,50#
115431,$JYJ,13301214271,20111101174948,116.417984,39.856216,429186238,146931127,0,58,1,1,50#
97296,$JYJ,13311426388,20111101174900,116.411301,39.856094,429161637,146930680,2,276,1,1,50#
53429,$JYJ,13311486286,20111101174710,116.412148,39.855591,429164752,146928830,2,98,1,1,50#
66164,$JYJ,13311489623,20111101174747,116.415367,39.856495,429176602,146932138,8,228,1,1,50#
110221,$JYJ,13331185124,20111101174935,116.413414,39.855454,429169401,146928312,0,76,0,0,50#
92394,$JYJ,13311025843,20111101175345,116.413383,39.856140,429169309,146930845,12,282,0,0,50#
113266,$JYJ,13311025843,20111101175439,116.410698,39.855942,429159391,146930119,25,270,1,1,50#
92996,$JYJ,13381068894,20111101175349,116.417702,39.856720,429185223,146932965,6,254,0,0,50#
73273,$JYJ,13311470371,20111101175800,116.411964,39.856113,429164089,146930750,10,278,1,1,50#
33126,$JYJ,13381068894,20111101175620,116.416733,39.856598,429181633,146932546,12,258,1,1,50#
73281,$JYJ,13301251462,20111101180301,116.413849,39.855774,429171006,146929504,2,64,0,0,50#
103012,$JYJ,13301251462,20111101180414,116.413864,39.855591,429171069,146928840,2,52,1,1,50#
108298,$JYJ,13311453490,20111101180424,116.414986,39.856296,429175205,146931410,0,274,1,1,50#
106972,$JYJ,13311488102,20111101180423,116.414635,39.856304,429173888,146931455,6,258,1,1,50#
110969,$JYJ,13381078249,20111101180935,116.419098,39.856484,429190357,146932104,32,78,0,0,50#
78784,$JYJ,13301104001,20111101181314,116.417351,39.856121,429183928,146930787,6,72,0,0,50#
89095,$JYJ,13301104001,20111101181341,116.417503,39.856133,429184453,146930806,0,54,1,1,50#
93415,$JYJ,13301214090,20111101181352,116.413719,39.856045,429170539,146930501,15,256,1,1,50#
5491,$JYJ,13311426351,20111101181011,116.415337,39.859150,429176488,146941957,6,196,0,0,50#
58543,$JYJ,13311426351,20111101181225,116.415337,39.856827,429176481,146933389,12,200,1,1,50#
113980,$JYJ,13331187128,20111101181448,116.418915,39.856384,429189657,146931752,10,84,0,0,50#
21996,$JYJ,13301204937,20111101181553,116.413498,39.854992,429169738,146926603,2,336,0,0,50#
51989,$JYJ,13301204937,20111101181714,116.413483,39.855282,429169673,146927693,4,56,1,1,50#
4613,$JYJ,13311495021,20111101181509,116.415299,39.854450,429176331,146924616,13,184,0,0,50#
31223,$JYJ,13311495021,20111101181619,116.415398,39.854431,429176733,146924561,6,168,1,1,50#
5422,$JYJ,13311495315,20111101181512,116.417252,39.850128,429183561,146908693,4,200,0,0,50#
36946,$JYJ,13311495377,20111101181632,116.415947,39.854546,429178735,146924949,0,16,0,0,50#
28191,$JYJ,13311576745,20111101181609,116.417664,39.855446,429185055,146928289,0,210,0,0,50#
2899,$JYJ,13301214632,20111101182006,116.414253,39.855663,429172497,146929078,0,74,0,0,50#
36629,$JYJ,13311431328,20111101182130,116.417519,39.856731,429184535,146933026,8,266,1,1,50#
40860,$JYJ,13301156794,20111101182639,116.417396,39.850060,429184077,146908415,12,186,0,0,50#
4532,$JYJ,13311431584,20111101182510,116.415649,39.855255,429177634,146927568,13,176,1,1,50#
42684,$JYJ,13301156441,20111101183141,116.414146,39.856110,429172113,146930722,21,260,1,1,50#
52319,$JYJ,13311162447,20111101183211,116.416130,39.855820,429179414,146929674,2,48,1,1,50#
31711,$JYJ,13311431547,20111101183116,116.418434,39.856957,429187893,146933844,10,260,1,1,50#
58709,$JYJ,13311487167,20111101183228,116.410484,39.855473,429158624,146928394,30,90,0,0,50#
13209,$JYJ,13311495141,20111101183028,116.413185,39.855534,429168568,146928631,0,86,0,0,50#
100174,$JYJ,13311585854,20111101183407,116.417748,39.851932,429185365,146915334,0,128,0,0,50#
71074,$JYJ,13331063459,20111101183256,116.414070,39.855633,429171838,146928962,13,82,0,0,50#
31553,$JYJ,13381096694,20111101183116,116.415466,39.857052,429176977,146934200,0,254,1,1,50#
4856,$JYJ,13381100954,20111101183013,116.417389,39.851269,429184060,146912891,2,180,0,0,50#
52220,$JYJ,13381100954,20111101183211,116.417534,39.852806,429184561,146918566,10,356,1,1,50#
75134,$JYJ,13301156794,20111101183804,116.415016,39.856296,429175314,146931437,0,252,1,1,50#
96784,$JYJ,13301254176,20111101183858,116.414436,39.855583,429173163,146928791,0,90,0,0,50#
66840,$JYJ,13311453309,20111101183744,116.417648,39.856739,429184989,146933060,0,0,1,1,50#
92129,$JYJ,13311566934,20111101183844,116.414780,39.856255,429174435,146931283,0,252,1,1,50#
45088,$JYJ,13311585854,20111101183649,116.417419,39.855244,429184175,146927527,21,358,1,1,50#
12035,$JYJ,13331194892,20111101183529,116.417603,39.851982,429184830,146915525,15,164,0,0,50#
12055,$JYJ,13381083450,20111101183528,116.418030,39.856728,429186432,146933002,10,252,0,0,50#
8676,$JYJ,13311453373,20111101184023,116.415901,39.858120,429178574,146938147,0,14,1,1,50#
117779,$JYJ,13331156412,20111101184453,116.417534,39.855797,429184582,146929583,0,0,0,0,50#
116790,$JYJ,13331194042,20111101184447,116.415848,39.855114,429178381,146927078,0,186,0,0,50#
44569,$JYJ,13331194892,20111101184148,116.413986,39.855949,429171503,146930149,0,260,1,1,50#
37476,$JYJ,13301204818,20111101184634,116.413528,39.855328,429169820,146927868,0,0,0,0,50#
39375,$JYJ,13301204818,20111101184638,116.413528,39.855328,429169844,146927864,0,0,0,0,50#
80351,$JYJ,13301204818,20111101184819,116.413528,39.855328,429169823,146927843,0,0,0,0,50#
91426,$JYJ,13301204818,20111101184847,116.413460,39.855255,429169583,146927574,0,0,0,0,50#
93229,$JYJ,13301204818,20111101184851,116.413460,39.855255,429169572,146927572,0,0,0,0,50#
20695,$JYJ,13311431027,20111101184548,116.414917,39.856289,429174928,146931397,15,254,1,1,50#
77303,$JYJ,13311470301,20111101184813,116.414818,39.855660,429174576,146929090,4,82,1,1,50#
101576,$JYJ,13331194042,20111101184909,116.414635,39.856216,429173894,146931117,6,238,1,1,50#
45055,$JYJ,13381063247,20111101184653,116.415497,39.855545,429177098,146928637,13,136,1,1,50#
32863,$JYJ,13301204818,20111101185122,116.413460,39.855255,429169595,146927572,0,0,0,0,50#
4633,$JYJ,13311486352,20111101185010,116.417870,39.851490,429185838,146913711,0,18,0,0,50#
76916,$JYJ,13311486476,20111101185313,116.415932,39.855236,429178666,146927513,0,352,0,0,50#
108496,$JYJ,13311486476,20111101185429,116.414833,39.856258,429174644,146931282,8,252,1,1,50#
14205,$JYJ,13311495021,20111101185034,116.415863,39.858395,429178442,146939164,23,352,1,1,50#
39413,$JYJ,13331156412,20111101185140,116.413773,39.856087,429170747,146930659,8,254,1,1,50#
109969,$JYJ,13331156462,20111101185432,116.414978,39.856274,429175175,146931345,6,248,1,1,50#
63734,$JYJ,13370122453,20111101185238,116.412781,39.850338,429167093,146909474,17,136,0,0,50#
104659,$JYJ,13381100954,20111101185419,116.414642,39.856175,429173932,146930985,15,250,1,1,50#
48742,$JYJ,13301125432,20111101185659,116.413567,39.855591,429169976,146928828,4,86,0,0,50#
45236,$JYJ,13301204886,20111101185648,116.414169,39.855629,429172178,146928977,6,86,0,0,50#
88979,$JYJ,13311480686,20111101185843,116.418350,39.852886,429187583,146918827,0,0,0,0,50#
72486,$JYJ,13311480780,20111101185758,116.415848,39.855007,429178390,146926674,4,0,0,0,50#
18958,$JYJ,13311486433,20111101185551,116.418449,39.856403,429187951,146931823,15,28,1,1,50#
44623,$JYJ,13311492081,20111101185653,116.418365,39.856895,429187654,146933610,0,290,1,1,50#
71031,$JYJ,13321164848,20111101185755,116.418915,39.856834,429189666,146933412,2,264,0,0,50#
11895,$JYJ,13301127400,20111101190029,116.412231,39.856007,429165048,146930343,25,268,0,0,50#
94772,$JYJ,13301164958,20111101190357,116.417687,39.856907,429185161,146933676,2,286,0,0,50#
15809,$JYJ,13301204886,20111101190040,116.413963,39.856087,429171417,146930652,4,262,1,1,50#
95324,$JYJ,13311403042,20111101190358,116.413483,39.855446,429169643,146928281,17,84,1,1,50#
24899,$JYJ,13311564441,20111101190102,116.417015,39.855709,429182692,146929269,12,66,1,1,50#
104099,$JYJ,13301214678,20111101190918,116.417732,39.850124,429185299,146908676,0,92,0,0,50#
58084,$JYJ,13301254311,20111101190725,116.414169,39.855629,429172204,146928964,10,78,1,1,50#
54323,$JYJ,13311403053,20111101190718,116.410767,39.855446,429159662,146928310,0,90,0,0,50#
59789,$JYJ,13311426473,20111101190727,116.417534,39.853485,429184591,146921053,4,358,1,1,50#
104535,$JYJ,13311487116,20111101190919,116.418648,39.855247,429188696,146927552,0,168,0,0,50#
18386,$JYJ,13311495172,20111101190545,116.415535,39.856773,429177222,146933174,19,196,0,0,50#
50637,$JYJ,13331187098,20111101190705,116.415665,39.855362,429177709,146927965,21,174,1,1,50#
92828,$JYJ,13331194251,20111101190848,116.413666,39.854305,429170356,146924072,2,170,0,0,50#
41566,$JYJ,13301155048,20111101191148,116.415001,39.856102,429175236,146930716,23,252,1,1,50#
55419,$JYJ,13301214678,20111101191223,116.417450,39.853855,429184294,146922431,12,358,1,1,50#
87832,$JYJ,13311431200,20111101191339,116.415565,39.855469,429177355,146928380,0,178,1,1,50#
64814,$JYJ,13311453484,20111101191246,116.413887,39.856075,429171167,146930616,19,258,1,1,50#
47798,$JYJ,13311571674,20111101191159,116.414230,39.856129,429172425,146930806,30,254,1,1,50#
6997,$JYJ,13311426074,20111101191516,116.414833,39.854435,429174649,146924554,0,292,0,0,50#
8315,$JYJ,13311470499,20111101191519,116.414864,39.856266,429174746,146931298,0,252,1,1,50#
36139,$JYJ,13311486426,20111101191632,116.414886,39.856262,429174854,146931293,4,244,1,1,50#
24621,$JYJ,13311486469,20111101191600,116.417335,39.850559,429183838,146910280,0,186,0,0,50#
25389,$JYJ,13311489645,20111101191603,116.414635,39.856209,429173921,146931106,17,254,1,1,50#
69954,$JYJ,13311492309,20111101191756,116.415352,39.859024,429176563,146941490,12,152,1,1,50#
117855,$JYJ,13331154937,20111101191948,116.411369,39.855949,429161870,146930155,8,276,0,0,50#
57748,$JYJ,13331194214,20111101191726,116.414932,39.855644,429175014,146929035,10,78,1,1,50#
24531,$JYJ,13301104087,20111101192100,116.414597,39.855576,429173768,146928772,15,80,1,1,50#
94522,$JYJ,13301156475,20111101192355,116.418587,39.856918,429188485,146933712,36,274,0,0,50#
54688,$JYJ,13301214286,20111101192215,116.410065,39.855915,429157077,146930025,17,276,0,0,50#
45678,$JYJ,13311426405,20111101192155,116.418640,39.856342,429188670,146931595,25,76,0,0,50#
74178,$JYJ,13311426405,20111101192308,116.419769,39.856583,429192796,146932470,0,0,1,1,50#
97939,$JYJ,13311486469,20111101192402,116.415016,39.856327,429175317,146931540,4,240,1,1,50#
111903,$JYJ,13331154937,20111101192439,116.417320,39.856045,429183796,146930501,8,72,1,1,50#
104328,$JYJ,13381102604,20111101192420,116.417320,39.856773,429183816,146933179,6,228,1,1,50#
61666,$JYJ,13301156475,20111101192733,116.413231,39.855454,429168730,146928332,8,90,1,1,50#
8752,$JYJ,13301214507,20111101192520,116.412849,39.855568,429167315,146928738,13,90,1,1,50#
31802,$JYJ,13311453209,20111101192621,116.417450,39.853538,429184285,146921236,0,0,0,0,50#
92462,$JYJ,13311453209,20111101192851,116.417519,39.852943,429184532,146919072,8,336,1,1,50#
57178,$JYJ,13311453484,20111101192719,116.414047,39.855572,429171731,146928767,15,86,0,0,50#
97598,$JYJ,13321164542,20111101192903,116.413620,39.854603,429170174,146925168,15,340,0,0,50#
23816,$JYJ,13331184980,20111101192602,116.419167,39.856544,429190593,146932342,17,74,1,1,50#
33807,$JYJ,13381069194,20111101192623,116.417534,39.856476,429184584,146932078,19,250,0,0,50#
67615,$JYJ,13381069194,20111101192745,116.416153,39.857269,429179517,146935024,41,348,1,1,50#
65162,$JYJ,13381083460,20111101192739,116.412048,39.855801,429164395,146929615,26,86,1,1,50#
34266,$JYJ,13321164542,20111101193128,116.413437,39.855114,429169487,146927053,0,0,0,0,50#
59419,$JYJ,13381066924,20111101193228,116.414597,39.856186,429173778,146931004,23,254,1,1,50#
63403,$JYJ,13381069947,20111101193238,116.413414,39.856056,429169419,146930543,12,256,1,1,50#
5391,$JYJ,13301214861,20111101193515,116.413796,39.855556,429170825,146928714,0,0,0,0,50#
39884,$JYJ,13301214861,20111101193640,116.414703,39.856182,429174140,146930995,17,250,1,1,50#
8982,$JYJ,13311486413,20111101193521,116.416199,39.856632,429179684,146932672,13,308,0,0,50#
76281,$JYJ,13311486413,20111101193811,116.415901,39.858154,429178573,146938271,30,354,1,1,50#
28270,$JYJ,13311495379,20111101193611,116.414070,39.856258,429171822,146931290,23,246,1,1,50#
94612,$JYJ,13321164542,20111101193856,116.413437,39.855114,429169502,146927077,0,0,0,0,50#
105053,$JYJ,13321164542,20111101193922,116.413345,39.855507,429169177,146928513,12,56,1,1,50#
16907,$JYJ,13331063422,20111101193541,116.418884,39.856312,429189547,146931471,0,58,1,1,50#
7700,$JYJ,13381068143,20111101193517,116.410233,39.855534,429157698,146928618,0,96,0,0,50#
48785,$JYJ,13381068143,20111101193659,116.415085,39.856358,429175560,146931645,15,224,1,1,50#
10067,$JYJ,13301155224,20111101194022,116.414970,39.856304,429175147,146931461,8,236,1,1,50#
88640,$JYJ,13301214270,20111101194345,116.413948,39.855866,429171376,146929850,17,254,1,1,50#
44200,$JYJ,13301251462,20111101194151,116.415550,39.858208,429177298,146938483,0,330,1,1,50#
110874,$JYJ,13311495306,20111101194437,116.412216,39.855732,429165015,146929360,4,108,1,1,50#
13905,$JYJ,13321164794,20111101194034,116.417297,39.853386,429183727,146920702,4,222,0,0,50#
25831,$JYJ,13321174713,20111101194109,116.415909,39.856953,429178617,146933825,17,344,0,0,50#
46991,$JYJ,13321174803,20111101194158,116.417953,39.856411,429186141,146931849,0,320,0,0,50#
59269,$JYJ,13321190147,20111101194228,116.418098,39.856792,429186646,146933256,0,286,1,1,50#
34169,$JYJ,13301127416,20111101194623,116.412270,39.855682,429165213,146929178,0,98,0,0,50#
43472,$JYJ,13301164954,20111101194646,116.413917,39.855526,429171259,146928599,0,144,0,0,50#
26193,$JYJ,13311025847,20111101194602,116.415817,39.858089,429178266,146938017,10,162,0,0,50#
43689,$JYJ,13311431208,20111101194645,116.416870,39.856754,429182150,146933106,12,230,1,1,50#
98999,$JYJ,13301156134,20111101195414,116.413948,39.855564,429171374,146928709,0,76,0,0,50#
1611,$JYJ,13311025847,20111101195003,116.414352,39.856033,429172848,146930447,12,212,1,1,50#
102590,$JYJ,13311453377,20111101195422,116.417946,39.856239,429186122,146931207,34,70,1,1,50#
56671,$JYJ,13381093014,20111101195221,116.417984,39.852928,429186236,146919014,0,266,0,0,50#
84418,$JYJ,13381093014,20111101195333,116.417885,39.852947,429185865,146919080,12,18,1,1,50#
11234,$JYJ,13311426210,20111101195525,116.413963,39.855720,429171448,146929297,10,88,0,0,50#
99646,$JYJ,13311488196,20111101195944,116.411202,39.856064,429161253,146930579,13,266,1,1,50#
65002,$JYJ,13311489532,20111101195821,116.417450,39.851353,429184279,146913195,0,194,0,0,50#
26613,$JYJ,13321199467,20111101195610,116.413971,39.855576,429171455,146928781,0,0,1,1,50#
81667,$JYJ,13331194214,20111101195900,116.416786,39.856190,429181825,146931012,8,68,1,1,50#
47166,$JYJ,13381063104,20111101195733,116.415535,39.854809,429177203,146925944,32,266,1,1,50#
68342,$JYJ,13301152486,20111101200248,116.416916,39.856022,429182302,146930412,21,66,1,1,50#
14037,$JYJ,13301214441,20111101200537,116.415985,39.858562,429178869,146939763,19,358,0,0,50#
21735,$JYJ,13311191441,20111101200556,116.416382,39.855995,429180340,146930321,15,70,1,1,50#
44369,$JYJ,13311431418,20111101200652,116.413635,39.856129,429170212,146930795,6,272,1,1,50#
16094,$JYJ,13311495306,20111101200542,116.415848,39.859566,429178380,146943458,2,288,0,0,50#
52060,$JYJ,13311570984,20111101200711,116.418068,39.857052,429186534,146934199,10,252,1,1,50#
34668,$JYJ,13321174731,20111101200628,116.414131,39.855667,429172033,146929105,0,146,1,1,50#
22656,$JYJ,13321199467,20111101200601,116.417145,39.856094,429183132,146930668,0,0,1,1,50#
37988,$JYJ,13331194184,20111101200636,116.413017,39.855980,429167953,146930266,36,262,1,1,50#
20791,$JYJ,13331194622,20111101200554,116.415382,39.855179,429176641,146927304,13,176,1,1,50#
27568,$JYJ,13311495311,20111101201112,116.413849,39.856110,429171013,146930737,0,312,1,1,50#
10737,$JYJ,13331154908,20111101201025,116.417152,39.856224,429183170,146931137,26,84,0,0,50#
25512,$JYJ,13331194266,20111101201104,116.418930,39.856438,429189738,146931935,0,92,0,0,50#
8508,$JYJ,13311020524,20111101201523,116.416511,39.855976,429180799,146930245,10,78,1,1,50#
65590,$JYJ,13311480682,20111101201741,116.414734,39.856239,429174290,146931226,4,254,1,1,50#
51476,$JYJ,13311489639,20111101201710,116.414429,39.856182,429173164,146931010,15,260,1,1,50#
115212,$JYJ,13301214281,20111101202446,116.417534,39.854755,429184567,146925752,0,186,0,0,50#
60214,$JYJ,13311403577,20111101202230,116.412430,39.856018,429165793,146930390,17,262,1,1,50#
92879,$JYJ,13311470489,20111101202355,116.416016,39.857090,429178993,146934346,0,342,0,0,50#
69408,$JYJ,13311495340,20111101202254,116.412285,39.856033,429165255,146930442,23,264,1,1,50#
46219,$JYJ,13331093410,20111101202155,116.417419,39.850216,429184165,146908988,0,352,0,0,50#
98705,$JYJ,13331093410,20111101202404,116.417381,39.851517,429184027,146913781,4,358,1,1,50#
57314,$JYJ,13331156468,20111101202221,116.413986,39.856159,429171502,146930916,0,256,0,0,50#
87023,$JYJ,13381096545,20111101202335,116.414001,39.855587,429171594,146928795,0,96,0,0,50#
16083,$JYJ,13301214248,20111101202537,116.412148,39.856094,429164738,146930668,28,266,1,1,50#
21966,$JYJ,13301214688,20111101202552,116.416283,39.855984,429179971,146930257,0,64,1,1,50#
100023,$JYJ,13311492339,20111101202906,116.413651,39.854199,429170298,146923705,2,126,0,0,50#
18891,$JYJ,13311495057,20111101202543,116.414947,39.856148,429175052,146930862,10,250,1,1,50#
66146,$JYJ,13311495253,20111101202742,116.414001,39.856125,429171589,146930784,8,248,1,1,50#
120299,$JYJ,13321164445,20111101202957,116.417114,39.856773,429183027,146933190,2,284,1,1,50#
22640,$JYJ,13331093488,20111101202559,116.416618,39.855965,429181222,146930205,19,72,1,1,50#
27518,$JYJ,13331154900,20111101202610,116.412964,39.856071,429167741,146930582,8,260,1,1,50#
2214,$JYJ,13301214281,20111101203003,116.415932,39.857929,429178699,146937428,0,4,1,1,50#
87899,$JYJ,13311453259,20111101203338,116.417213,39.850071,429183404,146908453,0,158,0,0,50#
8042,$JYJ,13321164517,20111101203017,116.413902,39.856186,429171203,146931007,0,254,1,1,50#
36007,$JYJ,13370122423,20111101203126,116.415581,39.854301,429177411,146924063,0,182,0,0,50#
67048,$JYJ,13301207941,20111101203745,116.414436,39.855629,429173159,146928960,12,80,1,1,50#
81147,$JYJ,13321164497,20111101203819,116.416016,39.854679,429178972,146925462,26,4,1,1,50#
35367,$JYJ,13370122423,20111101203627,116.416252,39.855869,429179842,146929836,4,52,1,1,50#
5206,$JYJ,13301251431,20111101204012,116.415947,39.854683,429178755,146925464,52,6,0,0,50#
56583,$JYJ,13311488196,20111101204235,116.417465,39.851288,429184314,146912947,0,194,0,0,50#
5824,$JYJ,13311495253,20111101204013,116.413917,39.856094,429171246,146930673,10,242,1,1,50#
34599,$JYJ,13331194990,20111101204144,116.418083,39.856930,429186604,146933762,0,268,0,0,50#
13756,$JYJ,13301254560,20111101204539,116.417687,39.851265,429185133,146912878,4,152,0,0,50#
64345,$JYJ,13311025840,20111101204741,116.415581,39.857002,429177411,146934039,12,188,1,1,50#
22931,$JYJ,13311426361,20111101204600,116.417625,39.856133,429184936,146930821,0,0,0,0,50#
33369,$JYJ,13311426361,20111101204626,116.417664,39.856190,429185075,146931023,13,60,1,1,50#
29466,$JYJ,13311426385,20111101204611,116.411385,39.855938,429161916,146930108,10,258,1,1,50#
32182,$JYJ,13311488196,20111101204617,116.417450,39.850964,429184260,146911770,0,184,1,1,50#
76362,$JYJ,13301156482,20111101205313,116.415581,39.855473,429177411,146928372,10,154,1,1,50#
3608,$JYJ,13311426039,20111101205008,116.413887,39.856079,429171164,146930640,0,244,1,1,50#
28605,$JYJ,13311453259,20111101205111,116.417519,39.850021,429184505,146908287,0,338,1,1,50#
14051,$JYJ,13311453391,20111101205035,116.414040,39.856068,429171731,146930589,0,0,0,0,50#
52174,$JYJ,13311453391,20111101205215,116.414040,39.856068,429171702,146930578,0,0,0,0,50#
54534,$JYJ,13311453391,20111101205221,116.414070,39.856014,429171812,146930378,8,254,1,1,50#
21671,$JYJ,13311581407,20111101205054,116.417351,39.854500,429183919,146924803,15,74,0,0,50#
79967,$JYJ,13311581407,20111101205321,116.417534,39.854336,429184592,146924205,0,138,1,1,50#
102188,$JYJ,13321164535,20111101205416,116.418182,39.851105,429186973,146912270,2,136,0,0,50#
46541,$JYJ,13381100994,20111101205156,116.417580,39.854431,429184767,146924557,15,354,1,1,50#
84090,$JYJ,13311581455,20111101205830,116.414535,39.855576,429173552,146928751,0,84,0,0,50#
82869,$JYJ,13331185104,20111101205826,116.414017,39.856071,429171637,146930611,4,262,1,1,50#
96577,$JYJ,13381100774,20111101205903,116.417519,39.853027,429184522,146919373,15,346,1,1,50#
91245,$JYJ,13311486541,20111101210344,116.417953,39.856697,429186132,146932894,10,274,1,1,50#
70590,$JYJ,13311489304,20111101210258,116.417450,39.850903,429184259,146911536,0,164,0,0,50#
7290,$JYJ,13321164535,20111101210019,116.417465,39.855724,429184335,146929294,2,50,1,1,50#
83266,$JYJ,13321164848,20111101210329,116.413651,39.855785,429170287,146929534,0,182,0,0,50#
3709,$JYJ,13311489304,20111101210511,116.417503,39.853088,429184491,146919606,0,348,1,1,50#
83859,$JYJ,13301214840,20111101211326,116.419586,39.852367,429192163,146916916,0,92,0,0,50#
47456,$JYJ,13311403581,20111101211157,116.410263,39.859112,429157786,146941793,4,178,0,0,50#
2419,$JYJ,13301214223,20111101211503,116.414085,39.855823,429171864,146929672,0,92,1,1,50#
35184,$JYJ,13311487230,20111101211629,116.417267,39.856670,429183601,146932781,25,260,1,1,50#
58252,$JYJ,13311495272,20111101211720,116.414047,39.856285,429171726,146931377,6,84,0,0,50#
115769,$JYJ,13321164532,20111101211940,116.417549,39.856617,429184647,146932582,10,270,1,1,50#
105909,$JYJ,13321174877,20111101211913,116.417030,39.856621,429182724,146932600,0,268,1,1,50#
111458,$JYJ,13331154736,20111101211930,116.413132,39.850239,429168375,146909111,2,328,0,0,50#
69723,$JYJ,13331194973,20111101211748,116.417396,39.850178,429184061,146908857,21,180,0,0,50#
46580,$JYJ,13311431220,20111101212151,116.417084,39.856640,429182926,146932669,0,352,0,0,50#
105218,$JYJ,13311480659,20111101212413,116.416817,39.856033,429181958,146930459,12,116,0,0,50#
74759,$JYJ,13331154756,20111101212304,116.415550,39.855507,429177260,146928503,10,150,1,1,50#
23173,$JYJ,13331194727,20111101212100,116.412598,39.855606,429166407,146928886,41,90,0,0,50#
94892,$JYJ,13381083496,20111101212352,116.413612,39.855499,429170121,146928478,13,90,0,0,50#
52593,$JYJ,13301214032,20111101212709,116.415985,39.857678,429178889,146936506,19,354,1,1,50#
3065,$JYJ,13311486250,20111101212503,116.412514,39.855915,429166095,146930038,8,264,0,0,50#
80907,$JYJ,13321164909,20111101212818,116.413765,39.855614,429170693,146928912,36,82,0,0,50#
12110,$JYJ,13331194107,20111101212528,116.417503,39.853855,429184461,146922407,0,16,0,0,50#
44993,$JYJ,13311403721,20111101213150,116.414269,39.855984,429172554,146930275,4,258,1,1,50#
61217,$JYJ,13311453260,20111101213231,116.412552,39.855953,429166220,146930146,21,264,1,1,50#
34088,$JYJ,13311480787,20111101213127,116.414917,39.856262,429174933,146931310,0,248,1,1,50#
18178,$JYJ,13311488132,20111101213049,116.419800,39.856583,429192909,146932466,0,166,0,0,50#
39971,$JYJ,13321164518,20111101213138,116.410736,39.857300,429159538,146935113,17,348,0,0,50#
95848,$JYJ,13301157141,20111101213857,116.414047,39.856029,429171749,146930449,12,242,1,1,50#
7753,$JYJ,13301214602,20111101213517,116.416054,39.859520,429179116,146943314,0,0,0,0,50#
26125,$JYJ,13311426360,20111101213604,116.415665,39.855549,429177695,146928649,15,160,1,1,50#
99043,$JYJ,13311453484,20111101213906,116.413986,39.856052,429171522,146930526,19,254,1,1,50#
54073,$JYJ,13311486241,20111101213718,116.415565,39.852600,429177336,146917782,0,0,0,0,50#
21258,$JYJ,13301155429,20111101214053,116.415680,39.857395,429177769,146935460,0,144,1,1,50#
72858,$JYJ,13301214280,20111101214302,116.413963,39.856094,429171446,146930692,10,254,1,1,50#
49221,$JYJ,13311431361,20111101214201,116.417351,39.850273,429183922,146909228,0,244,0,0,50#
57006,$JYJ,13311431361,20111101214222,116.417419,39.850941,429184155,146911667,10,354,1,1,50#
45343,$JYJ,13311486241,20111101214156,116.416763,39.855976,429181750,146930253,8,84,1,1,50#
80959,$JYJ,13311492176,20111101214322,116.414703,39.856175,429174141,146930965,12,250,1,1,50#
108277,$JYJ,13311563794,20111101214429,116.417480,39.851025,429184385,146911976,0,200,0,0,50#
112570,$JYJ,13321199542,20111101214440,116.412697,39.855469,429166751,146928376,15,82,1,1,50#
60021,$JYJ,13331093432,20111101214234,116.417503,39.854023,429184456,146923047,23,178,0,0,50#
96608,$JYJ,13301214422,20111101214857,116.413887,39.856079,429171149,146930610,13,244,1,1,50#
57686,$JYJ,13311431243,20111101214723,116.414848,39.856213,429174689,146931125,6,246,1,1,50#
10889,$JYJ,13311563794,20111101214526,116.417450,39.850929,429184267,146911639,15,180,1,1,50#
116868,$JYJ,13321180445,20111101214954,116.415634,39.858429,429177580,146939288,21,178,0,0,50#
64249,$JYJ,13331093434,20111101214737,116.416100,39.855911,429179285,146930002,2,80,1,1,50#
17766,$JYJ,13311426068,20111101215041,116.414269,39.856068,429172570,146930592,23,258,1,1,50#
23398,$JYJ,13311426477,20111101215056,116.414986,39.856293,429175207,146931409,4,260,1,1,50#
28977,$JYJ,13311486442,20111101215114,116.418899,39.853161,429189592,146919871,2,170,0,0,50#
93523,$JYJ,13311492257,20111101215355,116.418899,39.855949,429189630,146930150,0,110,0,0,50#
11089,$JYJ,13311495356,20111101215026,116.416031,39.850369,429179067,146909553,6,12,0,0,50#
94621,$JYJ,13311495356,20111101215354,116.419380,39.856476,429191406,146932079,30,74,1,1,50#
117945,$JYJ,13331186194,20111101215451,116.414818,39.856232,429174601,146931183,17,244,1,1,50#
82239,$JYJ,13381095174,20111101215324,116.417816,39.854034,429185628,146923078,4,80,0,0,50#
22051,$JYJ,13301155429,20111101215553,116.414452,39.855579,429173241,146928775,10,254,1,1,50#
98342,$JYJ,13311403721,20111101215904,116.412834,39.855972,429167279,146930241,0,280,1,1,50#
45330,$JYJ,13311453374,20111101215656,116.416016,39.856972,429178987,146933918,0,0,0,0,50#
98676,$JYJ,13331154882,20111101215906,116.412170,39.855965,429164830,146930220,17,262,1,1,50#
50940,$JYJ,13381063148,20111101215708,116.416481,39.856033,429180700,146930435,21,76,0,0,50#
52631,$JYJ,13381095174,20111101215716,116.418770,39.857197,429189156,146934720,0,358,1,1,50#
65558,$JYJ,13301155410,20111101220240,116.413803,39.858478,429170843,146939469,6,326,0,0,50#
35194,$JYJ,13301204818,20111101220131,116.414764,39.856186,429174367,146931028,10,254,1,1,50#
68705,$JYJ,13301214745,20111101220250,116.417252,39.856766,429183563,146933133,8,262,1,1,50#
7951,$JYJ,13311426473,20111101220022,116.414146,39.855522,429172090,146928583,0,80,1,1,50#
297,$JYJ,13311431191,20111101220003,116.417633,39.856701,429184945,146932916,0,270,0,0,50#
103986,$JYJ,13311431191,20111101220421,116.415520,39.855556,429177169,146928679,12,146,1,1,50#
55656,$JYJ,13321164532,20111101220222,116.419182,39.856998,429190645,146933986,0,274,0,0,50#
100910,$JYJ,13331156495,20111101220411,116.411163,39.855831,429161112,146929698,8,274,1,1,50#
82028,$JYJ,13331194477,20111101220323,116.417366,39.850163,429183965,146908811,0,170,0,0,50#
31840,$JYJ,13331194897,20111101220124,116.414612,39.856152,429173821,146930878,17,254,1,1,50#
8649,$JYJ,13331194988,20111101220023,116.414551,39.855598,429173602,146928851,10,88,0,0,50#
41919,$JYJ,13331194988,20111101220148,116.414566,39.855598,429173637,146928843,0,0,1,1,50#
102010,$JYJ,13381100964,20111101220412,116.414116,39.855610,429171974,146928893,6,74,0,0,50#
116825,$JYJ,13301155340,20111101220944,116.412697,39.855873,429166748,146929873,39,260,1,1,50#
40168,$JYJ,13311426382,20111101220642,116.414047,39.856029,429171759,146930429,12,250,1,1,50#
38643,$JYJ,13311453472,20111101220634,116.417847,39.856159,429185732,146930918,0,68,0,0,50#
67744,$JYJ,13311453472,20111101220747,116.417915,39.856201,429185971,146931067,15,66,1,1,50#
4999,$JYJ,13331194237,20111101220515,116.414467,39.856190,429173288,146931015,13,252,1,1,50#
84261,$JYJ,13381068142,20111101220827,116.418098,39.852962,429186657,146919130,4,54,0,0,50#
11747,$JYJ,13301277710,20111101221026,116.415634,39.857983,429177569,146937640,0,174,0,0,50#
118905,$JYJ,13301277710,20111101221457,116.414818,39.856213,429174560,146931128,17,250,1,1,50#
12764,$JYJ,13311495394,20111101221535,116.415466,39.852097,429176985,146915954,4,202,0,0,50#
6484,$JYJ,13321164884,20111101221516,116.410683,39.855946,429159332,146930133,23,264,1,1,50#
1242,$JYJ,13331156495,20111101221501,116.415115,39.856205,429175656,146931100,15,200,1,1,50#
72366,$JYJ,13331159413,20111101221758,116.415619,39.855412,429177531,146928144,12,168,1,1,50#
67470,$JYJ,13301125447,20111101222244,116.414681,39.856087,429174064,146930666,6,256,0,0,50#
46221,$JYJ,13311495394,20111101222150,116.415932,39.855610,429178689,146928877,6,352,1,1,50#
118264,$JYJ,13321164509,20111101222449,116.410019,39.855927,429156894,146930052,32,270,0,0,50#
88794,$JYJ,13321199542,20111101222336,116.414482,39.855576,429173341,146928762,17,78,1,1,50#
2702,$JYJ,13301127472,20111101222505,116.417366,39.854752,429183962,146925715,0,266,0,0,50#
118010,$JYJ,13311403259,20111101222953,116.414329,39.855576,429172795,146928776,0,86,0,0,50#
81494,$JYJ,13311431087,20111101222825,116.415642,39.858868,429177612,146940915,2,180,0,0,50#
24738,$JYJ,13311486598,20111101222603,116.416580,39.856701,429181067,146932895,13,254,1,1,50#
77796,$JYJ,13311488229,20111101222815,116.417068,39.855858,429182892,146929807,0,344,0,0,50#
96709,$JYJ,13311488229,20111101222900,116.417267,39.855393,429183604,146928071,10,54,1,1,50#
111211,$JYJ,13311492282,20111101222941,116.415985,39.852879,429178899,146918822,19,358,1,1,50#
37829,$JYJ,13321164515,20111101222634,116.411484,39.855663,429162303,146929101,56,88,0,0,50#
38068,$JYJ,13381093014,20111101222632,116.411636,39.851170,429162841,146912527,0,306,0,0,50#
37939,$JYJ,13301127472,20111101223134,116.417480,39.854610,429184390,146925216,19,180,1,1,50#
119340,$JYJ,13311495253,20111101223456,116.413933,39.856113,429171339,146930739,10,252,1,1,50#
34482,$JYJ,13301164970,20111101223626,116.415169,39.856300,429175868,146931423,17,230,1,1,50#
117928,$JYJ,13301214148,20111101223956,116.419502,39.851624,429191836,146914170,25,276,0,0,50#
5474,$JYJ,13301214565,20111101223516,116.410934,39.851482,429160253,146913674,32,134,0,0,50#
72660,$JYJ,13311431361,20111101223802,116.413651,39.855488,429170283,146928461,13,72,1,1,50#
106834,$JYJ,13311453279,20111101223928,116.417580,39.854057,429184763,146923170,0,82,0,0,50#
65017,$JYJ,13311470388,20111101223746,116.411301,39.855969,429161631,146930214,0,272,0,0,50#
115161,$JYJ,13311563409,20111101223946,116.415703,39.857258,429177837,146934963,25,176,0,0,50#
15614,$JYJ,13321164499,20111101223539,116.417900,39.856426,429185912,146931911,21,266,1,1,50#
28896,$JYJ,13301214148,20111101224115,116.417519,39.852680,429184530,146918071,15,6,1,1,50#
33611,$JYJ,13311431251,20111101224123,116.419182,39.856842,429190654,146933414,43,262,0,0,50#
86882,$JYJ,13311453269,20111101224330,116.413750,39.856033,429170645,146930444,0,270,1,1,50#
110422,$JYJ,13311470308,20111101224428,116.419914,39.857059,429193359,146934220,8,240,1,1,50#
100592,$JYJ,13311486427,20111101224408,116.415634,39.855320,429177595,146927811,21,164,1,1,50#
81738,$JYJ,13311495297,20111101224323,116.416870,39.856026,429182139,146930421,4,76,0,0,50#
65499,$JYJ,13311495382,20111101224243,116.414551,39.856175,429173579,146930975,6,264,1,1,50#
74228,$JYJ,13331093471,20111101224258,116.417381,39.854359,429184027,146924283,0,180,0,0,50#
82687,$JYJ,13311453279,20111101224824,116.414757,39.856228,429174375,146931185,0,0,0,0,50#
84956,$JYJ,13321180455,20111101224830,116.417953,39.855522,429186147,146928575,0,102,0,0,50#
121643,$JYJ,13321180455,20111101225000,116.419083,39.856110,429190300,146930733,13,88,1,1,50#
56299,$JYJ,13331194664,20111101224721,116.412048,39.855614,429164379,146928914,21,84,1,1,50#
30410,$JYJ,13381063104,20111101224617,116.414803,39.855823,429174545,146929666,26,248,1,1,50#
86194,$JYJ,13301214223,20111101225333,116.417503,39.850826,429184451,146911261,2,194,0,0,50#
998,$JYJ,13311020694,20111101225000,116.414970,39.856289,429175163,146931410,4,242,1,1,50#
29012,$JYJ,13311426333,20111101225115,116.416985,39.856686,429182544,146932855,0,264,0,0,50#
114651,$JYJ,13311453279,20111101225446,116.414757,39.856228,429174337,146931157,0,0,0,0,50#
46796,$JYJ,13381100364,20111101225156,116.411003,39.855881,429160524,146929893,52,270,1,1,50#
105174,$JYJ,13301164973,20111101225926,116.419235,39.857075,429190834,146934269,4,22,0,0,50#
79653,$JYJ,13301214861,20111101225824,116.411415,39.855995,429162044,146930309,0,0,0,0,50#
80980,$JYJ,13301214861,20111101225828,116.411415,39.855995,429162065,146930332,0,0,0,0,50#
89044,$JYJ,13301214861,20111101225847,116.411415,39.855995,429162065,146930315,0,0,0,0,50#
93117,$JYJ,13301214861,20111101225858,116.411415,39.855995,429162058,146930321,0,0,0,0,50#
67287,$JYJ,13311426125,20111101225754,116.415886,39.851372,429178532,146913280,19,0,1,1,50#
117719,$JYJ,13311431096,20111101225955,116.413765,39.855450,429170707,146928298,0,62,1,1,50#
88294,$JYJ,13331194664,20111101225843,116.416985,39.856293,429182580,146931410,32,66,1,1,50#
107559,$JYJ,13301164101,20111101230427,116.414368,39.855598,429172926,146928867,15,84,0,0,50#
13090,$JYJ,13301164973,20111101230035,116.419235,39.857010,429190871,146934059,4,94,1,1,50#
19336,$JYJ,13331159413,20111101230047,116.416420,39.855949,429180470,146930137,12,76,1,1,50#
41454,$JYJ,13331194443,20111101230141,116.417381,39.856159,429184020,146930908,0,72,0,0,50#
73768,$JYJ,13331194443,20111101230303,116.418915,39.856415,429189676,146931866,6,76,1,1,50#
164,$JYJ,13331194564,20111101230000,116.415604,39.850098,429177464,146908582,62,180,1,1,50#
84612,$JYJ,13311486430,20111101230827,116.417435,39.852165,429184235,146916177,2,176,0,0,50#
34966,$JYJ,13331184966,20111101230631,116.414581,39.855610,429173716,146928908,6,76,1,1,50#
1765,$JYJ,13301214148,20111101231007,116.411552,39.855915,429162530,146930040,28,272,0,0,50#
72589,$JYJ,13301207492,20111101231805,116.413147,39.850151,429168422,146908785,17,302,0,0,50#
31949,$JYJ,13311191408,20111101231624,116.417511,39.852707,429184482,146918171,8,184,0,0,50#
5481,$JYJ,13321164495,20111101231512,116.414436,39.855579,429173180,146928771,2,84,1,1,50#
82603,$JYJ,13321174898,20111101231824,116.415764,39.857548,429178076,146936032,0,24,1,1,50#
94630,$JYJ,13301155134,20111101232350,116.413597,39.856003,429170069,146930355,0,254,1,1,50#
18419,$JYJ,13301272048,20111101232045,116.417465,39.855152,429184320,146927213,0,210,0,0,50#
38562,$JYJ,13311486538,20111101232135,116.417435,39.853558,429184223,146921306,6,166,0,0,50#
80782,$JYJ,13311486538,20111101232302,116.417465,39.853302,429184336,146920370,2,200,1,1,50#
73040,$JYJ,13311495355,20111101232301,116.414032,39.853008,429171690,146919295,0,182,0,0,50#
5554,$JYJ,13311565364,20111101232012,116.417252,39.856724,429183566,146932992,28,258,1,1,50#
49135,$JYJ,13331156447,20111101232202,116.414368,39.855934,429172906,146930081,12,92,1,1,50#
54628,$JYJ,13331184782,20111101232219,116.417030,39.856003,429182724,146930326,23,74,0,0,50#
80486,$JYJ,13301184092,20111101232822,116.415916,39.857483,429178625,146935798,30,356,1,1,50#
24620,$JYJ,13301214861,20111101232603,116.411415,39.855995,429162033,146930307,0,0,0,0,50#
28937,$JYJ,13311487119,20111101232609,116.413383,39.856033,429169317,146930458,0,222,1,1,50#
5017,$JYJ,13311492275,20111101232511,116.417419,39.851624,429184179,146914202,0,6,0,0,50#
40968,$JYJ,13331156447,20111101232642,116.412285,39.855534,429165262,146928601,21,90,1,1,50#
58905,$JYJ,13301156744,20111101233226,116.417534,39.854740,429184591,146925695,32,4,1,1,50#
9644,$JYJ,13311453430,20111101233026,116.416969,39.856007,429182510,146930341,15,74,1,1,50#
81935,$JYJ,13311495253,20111101233324,116.415047,39.856354,429175430,146931650,17,246,1,1,50#
109135,$JYJ,13301214651,20111101233936,116.417503,39.853073,429184450,146919550,0,78,0,0,50#
55785,$JYJ,13311492186,20111101233726,116.411583,39.855980,429162653,146930247,2,292,0,0,50#
35013,$JYJ,13301272972,20111101234128,116.417931,39.856773,429186029,146933190,12,248,1,1,50#
94338,$JYJ,13311495341,20111101234359,116.413986,39.850037,429171497,146908362,19,16,0,0,50#
67038,$JYJ,13311486207,20111101234751,116.411598,39.855938,429162731,146930115,13,268,1,1,50#
17340,$JYJ,13331194969,20111101234546,116.417450,39.856422,429184257,146931873,2,102,0,0,50#
38239,$JYJ,13381083484,20111101234638,116.411247,39.851368,429161437,146913276,13,128,0,0,50#
65589,$JYJ,13311487199,20111101235247,116.413513,39.856052,429169771,146930540,0,270,0,0,50#
108639,$JYJ,13311492170,20111101235436,116.417419,39.850483,429184180,146910001,0,354,1,1,50#
76879,$JYJ,13301254332,20111101235819,116.410530,39.857494,429158806,146935844,0,246,0,0,50#
93823,$JYJ,13321164415,20111101235903,116.413567,39.855328,429169982,146927865,0,0,0,0,50#
