96311,$JYJ,13311426257,20111101000446,116.427261,39.857140,429220385,146934493,25,86,0,0,50#
82721,$JYJ,13321199784,20111101000359,116.426147,39.854359,429216314,146924261,13,264,1,1,50#
36029,$JYJ,13321199449,20111101000655,116.422287,39.853550,429202104,146921281,0,92,0,0,50#
93898,$JYJ,13331194677,20111101000951,116.422386,39.853817,429202470,146922278,0,170,0,0,50#
19626,$JYJ,13381069741,20111101000607,116.425774,39.858345,429214918,146938945,0,358,0,0,50#
77444,$JYJ,13311431490,20111101001354,116.422569,39.852840,429203126,146918646,0,324,0,0,50#
40254,$JYJ,13331194677,20111101001204,116.422318,39.854370,429202211,146924305,15,4,1,1,50#
24726,$JYJ,13311495132,20111101001612,116.426453,39.854317,429217441,146924079,0,174,0,0,50#
44201,$JYJ,13311495132,20111101001717,116.426514,39.854515,429217628,146924816,0,334,1,1,50#
71513,$JYJ,13331194143,20111101001837,116.426537,39.850060,429217725,146908385,28,94,0,0,50#
39318,$JYJ,13301164962,20111101002209,116.428070,39.854252,429223391,146923861,0,120,0,0,50#
74476,$JYJ,13301164962,20111101002349,116.426453,39.854923,429217416,146926310,10,350,1,1,50#
9826,$JYJ,13311470388,20111101002033,116.428337,39.857235,429224355,146934828,0,82,0,0,50#
58061,$JYJ,13331154900,20111101002302,116.423035,39.856705,429204838,146932917,0,80,1,1,50#
21013,$JYJ,13331188634,20111101002556,116.427849,39.854027,429222581,146923030,13,90,0,0,50#
61808,$JYJ,13331188634,20111101002800,116.428085,39.854214,429223439,146923720,8,236,1,1,50#
58292,$JYJ,13331194971,20111101003257,116.422386,39.853504,429202446,146921094,4,194,0,0,50#
94027,$JYJ,13311021954,20111101004942,116.424637,39.852821,429210717,146918575,36,274,1,1,50#
62484,$JYJ,13321164815,20111101004804,116.424835,39.855816,429211479,146929631,0,252,0,0,50#
91788,$JYJ,13321164543,20111101005433,116.422897,39.853867,429204336,146922446,0,214,0,0,50#
6385,$JYJ,13331093471,20111101005013,116.427315,39.850933,429220594,146911627,23,352,1,1,50#
46617,$JYJ,13381068841,20111101005219,116.420967,39.857048,429197213,146934172,0,10,0,0,50#
42788,$JYJ,13321164543,20111101005704,116.422432,39.853992,429202625,146922900,19,356,1,1,50#
6209,$JYJ,13331159486,20111101005513,116.428566,39.857609,429225216,146936209,19,266,1,1,50#
33611,$JYJ,13331194860,20111101010134,116.426651,39.854515,429218159,146924817,8,162,0,0,50#
61471,$JYJ,13331194860,20111101010303,116.425148,39.853722,429212619,146921917,0,314,1,1,50#
78790,$JYJ,13331194399,20111101010902,116.426300,39.852810,429216855,146918543,2,254,0,0,50#
44099,$JYJ,13311191473,20111101011207,116.422234,39.857636,429201887,146936348,0,180,0,0,50#
37904,$JYJ,13331187031,20111101011151,116.426186,39.856976,429216437,146933907,17,80,1,1,50#
19187,$JYJ,13331194399,20111101011056,116.426247,39.852798,429216652,146918482,12,252,1,1,50#
34007,$JYJ,13381095547,20111101011144,116.426582,39.854191,429217905,146923634,4,120,0,0,50#
64527,$JYJ,13381095547,20111101011316,116.426498,39.854595,429217570,146925120,0,330,1,1,50#
34689,$JYJ,13331187824,20111101012647,116.425064,39.859974,429212306,146944965,0,276,0,0,50#
47109,$JYJ,13331187824,20111101012727,116.425087,39.859966,429212392,146944918,8,88,1,1,50#
84497,$JYJ,13381069149,20111101012926,116.421684,39.850071,429199855,146908455,2,228,0,0,50#
46356,$JYJ,13301214467,20111101013223,116.426453,39.854252,429217432,146923856,0,72,1,1,50#
1545,$JYJ,13370189159,20111101012959,116.427452,39.857544,429221116,146935999,13,268,1,1,50#
20821,$JYJ,13381153638,20111101013107,116.422417,39.852528,429202557,146917514,2,358,0,0,50#
51566,$JYJ,13381153638,20111101013246,116.422386,39.852508,429202437,146917449,15,192,1,1,50#
61466,$JYJ,13311488241,20111101013815,116.421997,39.856613,429201003,146932564,0,80,0,0,50#
82847,$JYJ,13311488196,20111101014426,116.427498,39.857101,429221271,146934363,0,90,0,0,50#
10720,$JYJ,13311495369,20111101014531,116.425720,39.857025,429214734,146934070,12,36,1,1,50#
18391,$JYJ,13331156485,20111101014556,116.424568,39.857422,429210501,146935541,23,264,1,1,50#
58461,$JYJ,13370122497,20111101015310,116.427086,39.853333,429219738,146920453,86,206,1,1,50#
11625,$JYJ,13331194924,20111101015534,116.426270,39.856934,429216751,146933746,13,80,1,1,50#
2940,$JYJ,13301125473,20111101020001,116.426201,39.855759,429216514,146929423,10,2,1,1,50#
40393,$JYJ,13301204954,20111101020712,116.425385,39.859924,429213514,146944753,10,264,1,1,50#
30539,$JYJ,13301214218,20111101020640,116.425636,39.859406,429214408,146942851,0,170,0,0,50#
53854,$JYJ,13311492134,20111101022302,116.424637,39.852783,429210752,146918453,13,94,0,0,50#
8610,$JYJ,13311492134,20111101022522,116.426231,39.855930,429216599,146930051,17,354,1,1,50#
75113,$JYJ,13381102964,20111101022915,116.426048,39.850082,429215950,146908466,0,274,0,0,50#
57871,$JYJ,13311470476,20111101023319,116.424728,39.859924,429211067,146944783,2,84,0,0,50#
44472,$JYJ,13381102964,20111101023229,116.426750,39.853359,429218502,146920558,17,356,1,1,50#
35538,$JYJ,13311486533,20111101025200,116.426948,39.852974,429219232,146919148,2,352,0,0,50#
25328,$JYJ,13311486411,20111101025631,116.426598,39.854382,429217977,146924316,19,348,1,1,50#
33514,$JYJ,13331187189,20111101025656,116.424568,39.854752,429210481,146925715,0,180,0,0,50#
64630,$JYJ,13321174588,20111101032353,116.427383,39.854069,429220845,146923178,0,172,1,1,50#
35617,$JYJ,13311403101,20111101033209,116.427132,39.851345,429219910,146913142,4,182,0,0,50#
59625,$JYJ,13311403101,20111101033339,116.426567,39.854313,429217862,146924093,12,342,1,1,50#
28777,$JYJ,13301214254,20111101035647,116.428917,39.851673,429226505,146914338,8,264,1,1,50#
32716,$JYJ,13331156497,20111101041704,116.424301,39.857079,429209513,146934290,10,248,1,1,50#
64047,$JYJ,13311453468,20111101043905,116.422310,39.851383,429202182,146913292,19,178,1,1,50#
44892,$JYJ,13301184068,20111101051236,116.427063,39.852016,429219664,146915615,0,294,1,1,50#
37815,$JYJ,13370126456,20111101051709,116.422737,39.856815,429203730,146933331,15,80,1,1,50#
60212,$JYJ,13331154913,20111101053822,116.422501,39.854389,429202877,146924386,2,352,1,1,50#
35428,$JYJ,13331154815,20111101055150,116.424797,39.859482,429211314,146943134,15,90,1,1,50#
33944,$JYJ,13370126422,20111101055643,116.421547,39.857170,429199376,146934616,23,258,1,1,50#
60281,$JYJ,13311495257,20111101060809,116.426834,39.852543,429218822,146917557,32,354,1,1,50#
79614,$JYJ,13381102284,20111101061359,116.422333,39.854778,429202276,146925793,38,6,1,1,50#
6946,$JYJ,13301214223,20111101061514,116.423668,39.857353,429207178,146935278,17,268,1,1,50#
9496,$JYJ,13311495283,20111101062025,116.426430,39.854523,429217352,146924850,2,154,0,0,50#
31034,$JYJ,13311495283,20111101062130,116.426430,39.854588,429217345,146925092,13,338,1,1,50#
90835,$JYJ,13311431118,20111101063425,116.429680,39.852703,429229301,146918126,0,280,1,1,50#
39409,$JYJ,13311403178,20111101064150,116.421120,39.856705,429197798,146932906,10,78,1,1,50#
97625,$JYJ,13301251451,20111101070437,116.423653,39.856861,429207115,146933465,13,74,1,1,50#
91998,$JYJ,13311470445,20111101071419,116.426270,39.857395,429216742,146935451,2,82,1,1,50#
81630,$JYJ,13311486286,20111101071350,116.422333,39.852070,429202240,146915833,8,354,1,1,50#
75430,$JYJ,13301277588,20111101072837,116.421234,39.856724,429198217,146932977,0,78,1,1,50#
16675,$JYJ,13381100054,20111101072545,116.422218,39.856750,429201831,146933062,6,152,1,1,50#
67592,$JYJ,13301174901,20111101073809,116.425919,39.858013,429215453,146937714,4,30,0,0,50#
40828,$JYJ,13311403763,20111101073654,116.425117,39.856991,429212530,146933952,0,102,0,0,50#
46924,$JYJ,13381100054,20111101073708,116.423851,39.851414,429207855,146913409,2,130,0,0,50#
93592,$JYJ,13381100054,20111101073928,116.422302,39.852585,429202160,146917736,2,352,1,1,50#
4556,$JYJ,13311403763,20111101074009,116.428467,39.857559,429224854,146936023,23,260,1,1,50#
47633,$JYJ,13311495393,20111101074217,116.421135,39.856785,429197853,146933207,26,72,1,1,50#
27200,$JYJ,13311426420,20111101074620,116.423843,39.857368,429207819,146935351,0,0,0,0,50#
28804,$JYJ,13311426420,20111101074624,116.423843,39.857368,429207800,146935354,0,0,0,0,50#
58979,$JYJ,13311426420,20111101074752,116.423843,39.857368,429207835,146935362,0,0,0,0,50#
43851,$JYJ,13301214006,20111101075200,116.426147,39.857052,429216281,146934169,13,80,1,1,50#
58137,$JYJ,13311495388,20111101075246,116.421005,39.856667,429197373,146932778,17,90,0,0,50#
49466,$JYJ,13301156040,20111101075720,116.426819,39.857067,429218766,146934236,32,84,1,1,50#
51105,$JYJ,13321174754,20111101075725,116.429848,39.857403,429229917,146935436,0,86,1,1,50#
64856,$JYJ,13311486318,20111101081334,116.423935,39.856651,429208164,146932722,25,88,0,0,50#
55930,$JYJ,13311487185,20111101081306,116.427650,39.857418,429221815,146935505,19,94,0,0,50#
67857,$JYJ,13301156114,20111101081910,116.426132,39.855759,429216265,146929394,0,6,1,1,50#
20909,$JYJ,13321174891,20111101081614,116.427200,39.850964,429220194,146911734,0,10,1,1,50#
84903,$JYJ,13311495132,20111101082456,116.425667,39.858173,429214516,146938298,0,204,1,1,50#
33267,$JYJ,13311470490,20111101083143,116.420418,39.856983,429195216,146933944,0,242,0,0,50#
82593,$JYJ,13311489431,20111101083422,116.420319,39.856705,429194856,146932907,32,92,0,0,50#
91733,$JYJ,13381232432,20111101083452,116.424347,39.857441,429209672,146935609,26,264,0,0,50#
80529,$JYJ,13381235458,20111101083417,116.426582,39.854374,429217883,146924287,6,334,1,1,50#
9347,$JYJ,13311489431,20111101083525,116.422714,39.856842,429203666,146933414,28,132,1,1,50#
13771,$JYJ,13311486563,20111101084044,116.428978,39.854084,429226725,146923232,2,244,0,0,50#
22074,$JYJ,13301254150,20111101084634,116.425919,39.856781,429215464,146933161,0,174,0,0,50#
60067,$JYJ,13301254150,20111101084839,116.425934,39.856770,429215508,146933143,0,350,1,1,50#
77665,$JYJ,13311021954,20111101084940,116.425766,39.859890,429214916,146944628,0,0,1,1,50#
54941,$JYJ,13311431466,20111101084830,116.426918,39.852730,429219148,146918234,17,346,1,1,50#
60900,$JYJ,13311579646,20111101084845,116.422348,39.855545,429202323,146928619,8,358,0,0,50#
13501,$JYJ,13381083428,20111101084545,116.425736,39.858002,429214799,146937686,0,172,1,1,50#
4350,$JYJ,13311403347,20111101085012,116.421234,39.856773,429198204,146933161,15,88,0,0,50#
49162,$JYJ,13311403347,20111101085226,116.423714,39.857338,429207350,146935232,32,260,1,1,50#
18750,$JYJ,13311426412,20111101085057,116.425880,39.854038,429215301,146923080,2,188,0,0,50#
38429,$JYJ,13311426412,20111101085204,116.426063,39.853813,429216007,146922220,2,22,1,1,50#
18408,$JYJ,13311579646,20111101085057,116.424637,39.857296,429210723,146935079,15,254,1,1,50#
65777,$JYJ,13311470499,20111101085837,116.421249,39.857174,429198284,146934653,0,256,1,1,50#
71553,$JYJ,13331194892,20111101085857,116.422485,39.854729,429202814,146925606,13,350,1,1,50#
64424,$JYJ,13301204956,20111101090349,116.424965,39.857414,429211959,146935527,4,262,1,1,50#
61171,$JYJ,13311431584,20111101090341,116.421814,39.857792,429200357,146936923,0,14,0,0,50#
20975,$JYJ,13311495147,20111101090106,116.421585,39.859989,429199509,146945026,13,174,1,1,50#
42910,$JYJ,13311566403,20111101090239,116.428337,39.857185,429224345,146934652,12,66,1,1,50#
27689,$JYJ,13321199495,20111101090130,116.420647,39.856655,429196047,146932747,21,72,1,1,50#
21841,$JYJ,13311403597,20111101090608,116.429497,39.857708,429228640,146936577,17,258,1,1,50#
10129,$JYJ,13311431584,20111101090531,116.421532,39.859398,429199292,146942855,4,174,1,1,50#
54263,$JYJ,13311488100,20111101090805,116.421898,39.857437,429200669,146935620,10,348,1,1,50#
20669,$JYJ,13311495374,20111101090609,116.422310,39.855175,429202180,146927270,0,0,0,0,50#
54752,$JYJ,13311495374,20111101090809,116.422302,39.855358,429202136,146927953,25,0,1,1,50#
69508,$JYJ,13301155411,20111101091331,116.425919,39.857594,429215462,146936189,4,352,1,1,50#
28418,$JYJ,13311431443,20111101091121,116.422920,39.856895,429204411,146933623,23,70,1,1,50#
55793,$JYJ,13311492260,20111101091254,116.422302,39.855549,429202143,146928664,2,152,0,0,50#
26611,$JYJ,13331194732,20111101091121,116.422165,39.856442,429201620,146931935,2,154,0,0,50#
67902,$JYJ,13331194732,20111101091330,116.422050,39.854622,429201222,146925235,6,182,1,1,50#
453,$JYJ,13311492260,20111101091501,116.422470,39.856529,429202741,146932275,12,20,1,1,50#
58593,$JYJ,13331194553,20111101091807,116.420418,39.856819,429195200,146933321,8,70,0,0,50#
72931,$JYJ,13311426334,20111101092357,116.422119,39.855808,429201452,146929616,25,168,0,0,50#
76915,$JYJ,13331156483,20111101092419,116.425903,39.857788,429215417,146936897,8,350,1,1,50#
89055,$JYJ,13321174756,20111101094434,116.427536,39.857101,429221402,146934341,0,86,0,0,50#
96256,$JYJ,13301157544,20111101094956,116.425766,39.859287,429214915,146942408,19,0,0,0,50#
94857,$JYJ,13311489623,20111101094949,116.425797,39.857716,429214995,146936617,0,348,0,0,50#
61245,$JYJ,13311492230,20111101094805,116.425781,39.858646,429214956,146940050,21,176,0,0,50#
10737,$JYJ,13381101554,20111101094530,116.424233,39.854313,429209265,146924076,4,302,0,0,50#
2207,$JYJ,13311480650,20111101095505,116.421417,39.859440,429198905,146943010,0,0,1,1,50#
81531,$JYJ,13311490919,20111101095916,116.428932,39.857433,429226552,146935560,26,266,1,1,50#
19919,$JYJ,13311495083,20111101095559,116.421432,39.856682,429198925,146932839,30,82,1,1,50#
56536,$JYJ,13301156246,20111101100304,116.422302,39.850788,429202159,146911112,10,188,0,0,50#
64505,$JYJ,13301174985,20111101100330,116.423782,39.852837,429207601,146918647,0,72,0,0,50#
26175,$JYJ,13321180425,20111101100122,116.427536,39.857185,429221400,146934650,2,78,0,0,50#
80020,$JYJ,13370122446,20111101100431,116.425163,39.857037,429212674,146934133,21,46,0,0,50#
3756,$JYJ,13301156246,20111101100508,116.422287,39.852955,429202099,146919085,15,4,1,1,50#
7500,$JYJ,13301174985,20111101100520,116.422333,39.853447,429202257,146920906,0,2,1,1,50#
7352,$JYJ,13301214857,20111101100516,116.424667,39.856895,429210862,146933589,8,102,0,0,50#
23468,$JYJ,13301214857,20111101100618,116.425346,39.856998,429213357,146933975,25,84,1,1,50#
28575,$JYJ,13311426171,20111101101627,116.426483,39.854359,429217540,146924254,0,172,0,0,50#
43296,$JYJ,13311426171,20111101101716,116.426552,39.854370,429217767,146924290,8,26,1,1,50#
60249,$JYJ,13311431073,20111101102311,116.422302,39.853493,429202137,146921052,21,356,1,1,50#
27182,$JYJ,13311426183,20111101102621,116.422302,39.856724,429202127,146932994,15,92,0,0,50#
8716,$JYJ,13311489688,20111101102527,116.429840,39.857197,429229893,146934700,0,0,1,1,50#
22613,$JYJ,13301214710,20111101103111,116.421684,39.858616,429199868,146939967,6,172,1,1,50#
91645,$JYJ,13311022094,20111101103451,116.420937,39.856640,429197129,146932686,25,84,0,0,50#
92684,$JYJ,13311495138,20111101103956,116.423065,39.857281,429204954,146935041,6,258,1,1,50#
22917,$JYJ,13331187195,20111101103609,116.426231,39.855331,429216617,146927825,15,164,0,0,50#
65593,$JYJ,13370189251,20111101103827,116.428902,39.854271,429226441,146923898,17,266,0,0,50#
62927,$JYJ,13301254332,20111101104317,116.429069,39.857700,429227050,146936561,28,262,1,1,50#
4055,$JYJ,13311492171,20111101104007,116.426231,39.855576,429216616,146928741,2,348,1,1,50#
14269,$JYJ,13321180448,20111101104043,116.429985,39.857224,429230446,146934782,13,80,1,1,50#
80036,$JYJ,13331063459,20111101104414,116.425667,39.859253,429214524,146942279,2,172,1,1,50#
179,$JYJ,13301254507,20111101104456,116.424149,39.857365,429208953,146935339,15,252,1,1,50#
90918,$JYJ,13331194177,20111101104943,116.429352,39.851780,429228108,146914731,2,74,0,0,50#
63429,$JYJ,13370189251,20111101104816,116.429001,39.857693,429226812,146936532,10,262,1,1,50#
92963,$JYJ,13381083428,20111101104949,116.420700,39.857334,429196235,146935238,2,300,1,1,50#
14595,$JYJ,13321180448,20111101105043,116.429565,39.857273,429228887,146934960,28,88,0,0,50#
20109,$JYJ,13321180448,20111101105103,116.429916,39.857269,429230167,146934968,6,80,1,1,50#
64962,$JYJ,13331194419,20111101105315,116.423019,39.857155,429204782,146934574,36,262,0,0,50#
4660,$JYJ,13311480664,20111101105510,116.427002,39.857658,429219452,146936413,0,262,0,0,50#
60685,$JYJ,13311566994,20111101105818,116.421036,39.856609,429197486,146932562,0,92,1,1,50#
68408,$JYJ,13331194220,20111101110333,116.426498,39.854057,429217572,146923140,0,182,0,0,50#
91061,$JYJ,13331194220,20111101110443,116.426735,39.853832,429218468,146922290,0,114,1,1,50#
85301,$JYJ,13301156943,20111101110929,116.427269,39.850765,429220433,146910980,0,164,0,0,50#
75406,$JYJ,13311403774,20111101110859,116.421547,39.856758,429199366,146933123,0,74,0,0,50#
22522,$JYJ,13311563421,20111101110613,116.421600,39.857117,429199566,146934427,13,240,1,1,50#
58527,$JYJ,13331159439,20111101111305,116.422287,39.850311,429202102,146909327,23,358,0,0,50#
62386,$JYJ,13301157664,20111101111830,116.423950,39.854343,429208199,146924186,0,192,0,0,50#
21862,$JYJ,13331159439,20111101111605,116.422302,39.855194,429202151,146927340,6,4,1,1,50#
37197,$JYJ,13301155641,20111101112204,116.421432,39.857212,429198933,146934776,6,264,2,0,50#
72057,$JYJ,13321164839,20111101112846,116.422249,39.854004,429201947,146922942,8,184,0,0,50#
76907,$JYJ,13301214713,20111101113346,116.422401,39.853813,429202488,146922248,0,358,1,1,50#
68597,$JYJ,13321164839,20111101113320,116.426598,39.854282,429217945,146923960,8,340,1,1,50#
60220,$JYJ,13311489409,20111101113757,116.420700,39.857124,429196250,146934456,17,272,0,0,50#
48177,$JYJ,13311492135,20111101113724,116.421463,39.859413,429199061,146942903,4,200,1,1,50#
19262,$JYJ,13311426447,20111101114058,116.422318,39.856411,429202206,146931842,0,50,1,1,50#
23066,$JYJ,13311431101,20111101114111,116.428169,39.857433,429223729,146935570,12,86,0,0,50#
86588,$JYJ,13311431101,20111101114419,116.425850,39.858822,429215192,146940696,10,338,1,1,50#
25440,$JYJ,13331156412,20111101114119,116.421310,39.857208,429198477,146934765,0,0,0,0,50#
46519,$JYJ,13331156412,20111101114220,116.421310,39.857208,429198476,146934781,0,0,1,1,50#
53541,$JYJ,13301155486,20111101114743,116.426567,39.854584,429217850,146925061,0,132,1,1,50#
15357,$JYJ,13301204943,20111101114549,116.427689,39.853588,429221980,146921407,0,0,0,0,50#
61938,$JYJ,13301204943,20111101114807,116.426544,39.854458,429217760,146924595,0,0,1,1,50#
50610,$JYJ,13311431339,20111101114732,116.422249,39.853169,429201940,146919866,6,176,0,0,50#
99362,$JYJ,13331063435,20111101114953,116.427300,39.850872,429220534,146911401,15,186,0,0,50#
69546,$JYJ,13301127443,20111101115327,116.426315,39.852875,429216934,146918789,0,276,2,0,50#
10836,$JYJ,13301214797,20111101114949,116.422318,39.850307,429202207,146909313,17,0,1,1,50#
86168,$JYJ,13321180134,20111101115417,116.425201,39.851700,429212809,146914435,8,20,0,0,50#
45795,$JYJ,13321183498,20111101115212,116.420883,39.857197,429196931,146934744,4,86,0,0,50#
37902,$JYJ,13311486414,20111101115653,116.420601,39.856754,429195892,146933094,4,66,1,1,50#
68176,$JYJ,13311566412,20111101115816,116.420799,39.857128,429196617,146934490,6,264,1,1,50#
24381,$JYJ,13321180134,20111101115610,116.424019,39.852818,429208483,146918570,0,262,1,1,50#
2842,$JYJ,13331154715,20111101115504,116.427231,39.854199,429220292,146923661,17,138,0,0,50#
12605,$JYJ,13301277587,20111101120037,116.421570,39.856907,429199457,146933645,0,90,0,0,50#
70718,$JYJ,13331194076,20111101120342,116.423920,39.857353,429208096,146935286,23,266,0,0,50#
46960,$JYJ,13311403313,20111101120741,116.421730,39.856770,429200035,146933157,0,86,0,0,50#
14762,$JYJ,13311492066,20111101120554,116.424637,39.856949,429210753,146933789,26,76,1,1,50#
22128,$JYJ,13331194076,20111101120615,116.421783,39.859600,429200219,146943577,10,0,1,1,50#
17462,$JYJ,13311495247,20111101121603,116.429886,39.857849,429230083,146937093,0,72,0,0,50#
71175,$JYJ,13331194905,20111101121940,116.420830,39.856442,429196715,146931932,0,104,0,0,50#
71277,$JYJ,13311022814,20111101122431,116.426651,39.853985,429218167,146922851,6,342,1,1,50#
15776,$JYJ,13311480749,20111101122057,116.422447,39.855381,429202659,146928021,13,328,1,1,50#
41969,$JYJ,13311563794,20111101122236,116.422386,39.850056,429202464,146908405,0,356,0,0,50#
30780,$JYJ,13381235449,20111101122153,116.425003,39.857117,429212073,146934413,8,26,1,1,50#
55591,$JYJ,13301125047,20111101122850,116.424751,39.857445,429211171,146935623,15,254,1,1,50#
41934,$JYJ,13311191412,20111101122756,116.425514,39.856800,429213950,146933252,6,86,0,0,50#
48788,$JYJ,13311470334,20111101122818,116.421867,39.859146,429200525,146941917,19,358,0,0,50#
7597,$JYJ,13301184068,20111101123026,116.426033,39.856636,429215889,146932651,12,350,1,1,50#
9720,$JYJ,13311020742,20111101123531,116.421616,39.856842,429199625,146933408,8,72,1,1,50#
4394,$JYJ,13311426399,20111101123508,116.422218,39.850136,429201827,146908681,17,358,1,1,50#
33402,$JYJ,13311489481,20111101123658,116.425865,39.856785,429215243,146933185,17,340,1,1,50#
85606,$JYJ,13311490909,20111101123956,116.420952,39.859768,429197169,146944220,6,204,0,0,50#
62551,$JYJ,13311492119,20111101123839,116.421135,39.857109,429197861,146934419,0,184,1,1,50#
68958,$JYJ,13321199754,20111101123900,116.426270,39.857437,429216734,146935611,19,268,0,0,50#
80689,$JYJ,13301128438,20111101124428,116.422737,39.856613,429203733,146932564,15,102,1,1,50#
31588,$JYJ,13301155433,20111101124144,116.422653,39.850151,429203446,146908757,21,100,1,1,50#
72240,$JYJ,13301156249,20111101124407,116.426315,39.854183,429216913,146923606,2,352,1,1,50#
43625,$JYJ,13311022344,20111101124228,116.422501,39.854053,429202871,146923129,23,178,0,0,50#
65745,$JYJ,13301214203,20111101124837,116.421951,39.857914,429200873,146937355,0,22,0,0,50#
26810,$JYJ,13331194300,20111101124623,116.420952,39.855041,429197182,146926765,0,150,0,0,50#
69488,$JYJ,13301214151,20111101125350,116.429352,39.857342,429228083,146935225,21,84,0,0,50#
75914,$JYJ,13301214151,20111101125416,116.429817,39.857296,429229797,146935047,15,76,1,1,50#
58,$JYJ,13311480778,20111101124958,116.429337,39.857750,429228046,146936751,0,276,0,0,50#
68783,$JYJ,13321180448,20111101125349,116.429283,39.857704,429227849,146936550,13,250,1,1,50#
55216,$JYJ,13331188564,20111101125305,116.422569,39.850922,429203135,146911573,0,340,0,0,50#
14164,$JYJ,13331194953,20111101125043,116.426666,39.854149,429218219,146923479,0,324,1,1,50#
20303,$JYJ,13331188564,20111101125605,116.422546,39.853958,429203024,146922786,8,342,1,1,50#
17811,$JYJ,13331154793,20111101130558,116.427834,39.857456,429222513,146935667,6,88,0,0,50#
26296,$JYJ,13321164581,20111101131632,116.421730,39.857224,429200058,146934809,17,260,1,1,50#
40072,$JYJ,13331156497,20111101131721,116.423737,39.856716,429207432,146932956,21,84,1,1,50#
72002,$JYJ,13321164846,20111101132339,116.424065,39.857262,429208647,146934964,0,248,0,0,50#
90578,$JYJ,13311022044,20111101132937,116.427597,39.857246,429221646,146934875,41,84,1,1,50#
88050,$JYJ,13311426213,20111101132930,116.421837,39.857277,429200425,146935014,12,76,1,1,50#
74736,$JYJ,13331186234,20111101132849,116.429314,39.857594,429227941,146936172,0,278,0,0,50#
17833,$JYJ,13381101204,20111101132553,116.426666,39.853878,429218191,146922473,0,100,0,0,50#
62750,$JYJ,13370129373,20111101133309,116.424454,39.850182,429210053,146908843,0,178,0,0,50#
75654,$JYJ,13311426074,20111101133913,116.429985,39.857330,429230408,146935177,6,74,1,1,50#
62228,$JYJ,13311495129,20111101133818,116.427383,39.851330,429220839,146913088,0,6,1,1,50#
71216,$JYJ,13301214163,20111101134339,116.423004,39.856945,429204710,146933806,21,64,1,1,50#
60651,$JYJ,13311487232,20111101134308,116.426384,39.858242,429217162,146938571,12,174,1,1,50#
2070,$JYJ,13311489667,20111101134507,116.426933,39.857513,429219185,146935859,17,268,1,1,50#
77734,$JYJ,13370126458,20111101140403,116.422417,39.852638,429202548,146917914,12,2,1,1,50#
41190,$JYJ,13311431322,20111101141216,116.420219,39.857170,429194477,146934633,19,272,1,1,50#
88896,$JYJ,13311453395,20111101141442,116.425705,39.859928,429214664,146944765,4,336,0,0,50#
40227,$JYJ,13331063422,20111101141212,116.427017,39.852489,429219496,146917341,4,2,1,1,50#
41819,$JYJ,13331194908,20111101141214,116.426132,39.856564,429216254,146932361,12,330,1,1,50#
51828,$JYJ,13301128446,20111101141750,116.426399,39.856850,429217209,146933432,15,66,1,1,50#
50496,$JYJ,13311453395,20111101141749,116.421967,39.857922,429200892,146937395,0,0,1,1,50#
27964,$JYJ,13311576745,20111101141626,116.429466,39.852852,429228510,146918672,0,304,0,0,50#
90893,$JYJ,13321164296,20111101141955,116.427536,39.852268,429221404,146916520,2,352,1,1,50#
69800,$JYJ,13331194608,20111101141852,116.428749,39.851368,429225854,146913213,0,44,0,0,50#
49151,$JYJ,13381102704,20111101141741,116.422302,39.856209,429202153,146931078,13,350,1,1,50#
32411,$JYJ,13311576745,20111101142131,116.426300,39.855831,429216848,146929685,17,170,1,1,50#
25689,$JYJ,13321164835,20111101142115,116.428932,39.854172,429226537,146923559,32,40,1,1,50#
32790,$JYJ,13331194608,20111101142137,116.426453,39.854507,429217418,146924799,12,338,1,1,50#
19908,$JYJ,13381153637,20111101142059,116.422264,39.856285,429201995,146931376,10,298,0,0,50#
63846,$JYJ,13381153637,20111101142309,116.422996,39.856716,429204718,146932933,25,64,1,1,50#
17916,$JYJ,13311426430,20111101142550,116.421570,39.859047,429199459,146941557,0,198,0,0,50#
44340,$JYJ,13301251436,20111101143147,116.421249,39.856590,429198289,146932479,0,282,0,0,50#
38839,$JYJ,13311403702,20111101143636,116.429764,39.857754,429229603,146936753,21,266,0,0,50#
11414,$JYJ,13321180419,20111101143528,116.421570,39.857185,429199437,146934695,4,268,0,0,50#
77023,$JYJ,13301277626,20111101144311,116.425537,39.850811,429214054,146911184,0,94,0,0,50#
119062,$JYJ,13301277626,20111101144455,116.424637,39.851627,429210718,146914188,17,342,1,1,50#
59935,$JYJ,13311020924,20111101144228,116.429932,39.857273,429230235,146934962,0,82,0,0,50#
89334,$JYJ,13311426434,20111101144345,116.421852,39.858322,429200482,146938862,17,168,0,0,50#
114786,$JYJ,13311426434,20111101144448,116.421883,39.857506,429200585,146935860,4,172,1,1,50#
50235,$JYJ,13331154708,20111101144158,116.425964,39.857761,429215627,146936775,19,338,1,1,50#
83560,$JYJ,13381095345,20111101144330,116.424446,39.850185,429210023,146908855,0,0,0,0,50#
85650,$JYJ,13381095345,20111101144335,116.424446,39.850185,429210048,146908858,0,0,0,0,50#
116819,$JYJ,13311492289,20111101144955,116.427147,39.857460,429219992,146935679,0,276,1,1,50#
69571,$JYJ,13331194480,20111101144755,116.420631,39.857140,429196003,146934530,15,262,1,1,50#
45682,$JYJ,13381232484,20111101144658,116.425819,39.858982,429215088,146941277,19,356,0,0,50#
98297,$JYJ,13301204880,20111101145907,116.421181,39.857170,429198012,146934612,8,270,0,0,50#
16463,$JYJ,13301214154,20111101145541,116.425415,39.857445,429213583,146935643,15,258,1,1,50#
23337,$JYJ,13381095345,20111101145601,116.424446,39.850185,429210050,146908882,0,0,0,0,50#
2163,$JYJ,13311021749,20111101145957,116.425468,39.857567,429213790,146936077,0,248,0,0,50#
30181,$JYJ,13381235448,20111101150113,116.427017,39.851715,429219485,146914491,0,258,0,0,50#
92367,$JYJ,13321174590,20111101150853,116.420219,39.851467,429194493,146913621,0,120,0,0,50#
60475,$JYJ,13331188041,20111101150734,116.427002,39.852539,429219451,146917521,0,216,0,0,50#
29586,$JYJ,13331194087,20111101150622,116.421547,39.857208,429199345,146934760,4,280,0,0,50#
88354,$JYJ,13381077410,20111101150844,116.425797,39.859825,429215011,146944412,4,20,0,0,50#
102457,$JYJ,13301133504,20111101151442,116.420448,39.856766,429195337,146933148,0,98,0,0,50#
17657,$JYJ,13331093471,20111101151047,116.421166,39.856682,429197956,146932836,0,94,0,0,50#
83320,$JYJ,13311495137,20111101151834,116.426636,39.852913,429218086,146918926,2,290,0,0,50#
78851,$JYJ,13311470445,20111101152322,116.426537,39.854553,429217734,146924962,12,346,0,0,50#
40408,$JYJ,13311495137,20111101152143,116.422485,39.852905,429202819,146918905,4,312,1,1,50#
60464,$JYJ,13301156476,20111101152732,116.421402,39.857342,429198825,146935250,0,78,0,0,50#
105328,$JYJ,13301156476,20111101152926,116.420685,39.857380,429196197,146935403,21,268,1,1,50#
22336,$JYJ,13301164924,20111101153055,116.424370,39.854187,429209749,146923627,12,80,0,0,50#
17496,$JYJ,13311191475,20111101153042,116.422501,39.852806,429202895,146918541,0,274,0,0,50#
63448,$JYJ,13311191475,20111101153252,116.422348,39.855476,429202293,146928381,17,8,1,1,50#
41092,$JYJ,13311495336,20111101153139,116.425736,39.858147,429214770,146938211,12,190,1,1,50#
60963,$JYJ,13301214199,20111101154232,116.421280,39.857197,429198383,146934743,13,260,1,1,50#
39383,$JYJ,13311570473,20111101154142,116.420601,39.854378,429195892,146924327,0,252,0,0,50#
20899,$JYJ,13381096734,20111101154053,116.426697,39.852825,429218343,146918585,8,272,1,1,50#
8948,$JYJ,13311492215,20111101154523,116.426682,39.854168,429218275,146923549,12,348,1,1,50#
97587,$JYJ,13331187061,20111101154859,116.425369,39.852791,429213439,146918479,8,94,0,0,50#
52369,$JYJ,13301254207,20111101155209,116.425850,39.858471,429215212,146939424,0,358,0,0,50#
6173,$JYJ,13311021064,20111101155015,116.422813,39.854347,429204006,146924210,0,0,0,0,50#
29716,$JYJ,13311021064,20111101155117,116.422478,39.856178,429202800,146930975,10,358,1,1,50#
63730,$JYJ,13321183419,20111101155241,116.426720,39.853004,429218417,146919266,0,292,0,0,50#
59679,$JYJ,13301104099,20111101155728,116.422287,39.850910,429202079,146911555,17,2,0,0,50#
7776,$JYJ,13301214027,20111101155517,116.421204,39.856739,429198082,146933037,0,120,0,0,50#
35698,$JYJ,13301214027,20111101155630,116.422264,39.856625,429202015,146932624,0,158,1,1,50#
60036,$JYJ,13311403569,20111101155729,116.429901,39.857368,429230138,146935323,0,354,0,0,50#
39317,$JYJ,13311563924,20111101155612,116.425217,39.856697,429212894,146932868,19,96,0,0,50#
43008,$JYJ,13321183419,20111101155652,116.422485,39.855713,429202810,146929246,0,172,1,1,50#
110620,$JYJ,13301156074,20111101160937,116.420364,39.857071,429194999,146934253,10,238,1,1,50#
22986,$JYJ,13311426408,20111101160555,116.422363,39.853508,429202374,146921109,0,188,0,0,50#
53027,$JYJ,13311570473,20111101160714,116.422333,39.853161,429202249,146919852,8,340,1,1,50#
85125,$JYJ,13331194110,20111101160837,116.425102,39.857433,429212442,146935595,23,264,1,1,50#
82670,$JYJ,13331194207,20111101160831,116.422348,39.850327,429202331,146909388,19,2,1,1,50#
20640,$JYJ,13381100794,20111101160548,116.422447,39.853836,429202687,146922349,2,358,1,1,50#
16133,$JYJ,13381100794,20111101161042,116.425499,39.859955,429213894,146944883,4,354,0,0,50#
82651,$JYJ,13301214607,20111101161838,116.429398,39.858692,429228274,146940220,0,292,1,1,50#
20302,$JYJ,13331194102,20111101161555,116.422234,39.855553,429201906,146928656,12,354,1,1,50#
16704,$JYJ,13331194260,20111101161544,116.421570,39.856682,429199431,146932842,10,78,1,1,50#
30926,$JYJ,13311566942,20111101162117,116.426804,39.853344,429218735,146920512,0,158,0,0,50#
77414,$JYJ,13311566942,20111101162319,116.427147,39.851612,429219959,146914108,10,122,1,1,50#
17666,$JYJ,13331194634,20111101162047,116.425636,39.859955,429214417,146944871,2,180,1,1,50#
110133,$JYJ,13301104099,20111101162945,116.425819,39.858795,429215074,146940606,12,170,1,1,50#
22632,$JYJ,13311489690,20111101163618,116.421204,39.857517,429198099,146935896,13,244,1,1,50#
45133,$JYJ,13321164415,20111101163746,116.422394,39.853989,429202501,146922910,0,0,1,1,50#
18804,$JYJ,13381095345,20111101163608,116.424171,39.850117,429209008,146908632,0,0,0,0,50#
20297,$JYJ,13381095345,20111101163612,116.424171,39.850117,429209022,146908609,0,0,0,0,50#
36246,$JYJ,13381095345,20111101163709,116.424171,39.850117,429209035,146908616,0,0,0,0,50#
71106,$JYJ,13381095345,20111101163904,116.422409,39.852108,429202519,146915977,0,0,0,0,50#
73126,$JYJ,13381095345,20111101163909,116.422409,39.852108,429202553,146915978,0,0,0,0,50#
77645,$JYJ,13331194490,20111101164818,116.429367,39.857689,429228170,146936513,4,266,0,0,50#
55284,$JYJ,13381066544,20111101164721,116.425003,39.854252,429212087,146923842,4,102,0,0,50#
21258,$JYJ,13301155224,20111101165056,116.422417,39.854336,429202551,146924188,0,4,0,0,50#
74990,$JYJ,13381066544,20111101165315,116.421234,39.857040,429198220,146934138,0,288,1,1,50#
77044,$JYJ,13331156497,20111101165817,116.423569,39.856815,429206817,146933315,4,112,0,0,50#
100791,$JYJ,13311486495,20111101170435,116.429565,39.857727,429228878,146936654,17,262,1,1,50#
31185,$JYJ,13321180417,20111101170121,116.421570,39.856667,429199443,146932763,0,110,0,0,50#
106792,$JYJ,13311162411,20111101170923,116.421051,39.856617,429197543,146932592,28,98,0,0,50#
49955,$JYJ,13311489356,20111101170707,116.429932,39.857220,429230242,146934787,0,304,0,0,50#
48586,$JYJ,13311489356,20111101171203,116.425911,39.857681,429215433,146936511,0,0,1,1,50#
39559,$JYJ,13370129373,20111101171137,116.422432,39.850136,429202612,146908678,0,276,0,0,50#
35229,$JYJ,13301164972,20111101171626,116.422417,39.856533,429202549,146932268,4,40,1,1,50#
68335,$JYJ,13301209452,20111101171746,116.425102,39.857014,429212465,146934038,10,24,1,1,50#
1439,$JYJ,13301214239,20111101171501,116.420136,39.856648,429194161,146932710,6,262,0,0,50#
53611,$JYJ,13321180394,20111101171716,116.422318,39.853924,429202186,146922651,8,184,0,0,50#
14548,$JYJ,13370129373,20111101171534,116.426697,39.852798,429218321,146918491,0,88,1,1,50#
4824,$JYJ,13381101974,20111101171509,116.425499,39.857456,429213914,146935667,0,272,1,1,50#
78592,$JYJ,13331185124,20111101172309,116.427536,39.857430,429221431,146935574,12,260,1,1,50#
77637,$JYJ,13301104037,20111101172809,116.425880,39.859302,429215324,146942482,0,8,0,0,50#
12620,$JYJ,13301151546,20111101173031,116.427414,39.850483,429220969,146909969,0,2,0,0,50#
117982,$JYJ,13301164970,20111101173452,116.428383,39.857132,429224534,146934471,0,86,0,0,50#
75479,$JYJ,13311487215,20111101173305,116.429421,39.851562,429228363,146913939,17,270,0,0,50#
67070,$JYJ,13321183402,20111101173249,116.422203,39.850872,429201796,146911414,2,176,0,0,50#
33485,$JYJ,13331154883,20111101173123,116.426598,39.854370,429217950,146924287,23,116,0,0,50#
56409,$JYJ,13301104037,20111101173720,116.425049,39.857334,429212251,146935233,12,234,1,1,50#
115757,$JYJ,13311403098,20111101173943,116.420601,39.856747,429195862,146933071,6,72,1,1,50#
41785,$JYJ,13311486517,20111101173645,116.428764,39.857582,429225937,146936125,19,258,1,1,50#
57531,$JYJ,13331154831,20111101173722,116.426483,39.854858,429217530,146926072,0,348,1,1,50#
105467,$JYJ,13331154883,20111101173918,116.427734,39.854004,429222135,146922939,17,88,1,1,50#
108192,$JYJ,13301214024,20111101174428,116.422363,39.853611,429202387,146921489,0,12,1,1,50#
16847,$JYJ,13301156454,20111101174542,116.421318,39.856674,429198532,146932814,25,110,1,1,50#
5747,$JYJ,13301164915,20111101174509,116.424866,39.857326,429211563,146935193,6,222,1,1,50#
29336,$JYJ,13311487215,20111101174611,116.425682,39.859219,429214609,146942180,2,356,1,1,50#
4403,$JYJ,13311495009,20111101174509,116.429367,39.857243,429228172,146934864,12,106,1,1,50#
76160,$JYJ,13311191494,20111101175308,116.426781,39.857594,429218654,146936174,13,264,1,1,50#
118193,$JYJ,13381096684,20111101175451,116.421135,39.857246,429197854,146934904,10,264,1,1,50#
64078,$JYJ,13301214271,20111101175736,116.426468,39.852913,429217486,146918915,0,300,0,0,50#
114930,$JYJ,13301214271,20111101180444,116.427750,39.857121,429222220,146934423,0,78,1,1,50#
8583,$JYJ,13311486286,20111101180015,116.426315,39.854385,429216927,146924352,0,192,0,0,50#
39041,$JYJ,13311486286,20111101180133,116.426285,39.854858,429216806,146926100,15,342,1,1,50#
11956,$JYJ,13301164972,20111101180531,116.424698,39.857399,429210980,146935464,15,260,1,1,50#
89594,$JYJ,13331187023,20111101180845,116.427231,39.851196,429220265,146912587,10,354,1,1,50#
61060,$JYJ,13301272970,20111101181229,116.429451,39.857716,429228450,146936604,0,0,0,0,50#
62440,$JYJ,13301272970,20111101181238,116.429466,39.857838,429228523,146937061,17,258,1,1,50#
31133,$JYJ,13381078249,20111101181117,116.421532,39.856979,429199289,146933920,0,100,1,1,50#
38154,$JYJ,13301157154,20111101181634,116.421432,39.857117,429198929,146934444,0,250,0,0,50#
50756,$JYJ,13301157154,20111101181711,116.420433,39.857033,429195272,146934109,19,268,1,1,50#
17908,$JYJ,13311487257,20111101181547,116.422363,39.852970,429202351,146919127,4,220,0,0,50#
58288,$JYJ,13311487257,20111101181730,116.422287,39.855011,429202100,146926676,19,358,1,1,50#
18470,$JYJ,13331187128,20111101181545,116.420769,39.856667,429196510,146932784,13,74,1,1,50#
28141,$JYJ,13301272722,20111101182609,116.424599,39.857334,429210596,146935225,0,258,1,1,50#
72055,$JYJ,13311431546,20111101182756,116.429970,39.857784,429230362,146936864,0,272,0,0,50#
62220,$JYJ,13311431547,20111101182732,116.424515,39.854591,429210302,146925100,0,336,0,0,50#
77612,$JYJ,13311489520,20111101182813,116.425568,39.857513,429214181,146935883,0,274,1,1,50#
90205,$JYJ,13331194447,20111101182842,116.421486,39.856712,429199145,146932924,8,90,0,0,50#
19161,$JYJ,13381100954,20111101182550,116.421020,39.857193,429197420,146934719,8,236,1,1,50#
53979,$JYJ,13381232419,20111101182711,116.427269,39.851086,429220426,146912169,4,348,1,1,50#
17726,$JYJ,13311431546,20111101183042,116.425598,39.859283,429214279,146942388,0,342,1,1,50#
30388,$JYJ,13331194447,20111101183115,116.420853,39.857163,429196816,146934617,30,264,1,1,50#
45089,$JYJ,13381153608,20111101183151,116.429398,39.857044,429228261,146934136,26,90,0,0,50#
4310,$JYJ,13301214270,20111101183508,116.422020,39.853298,429201109,146920344,0,314,1,1,50#
92522,$JYJ,13321164596,20111101183846,116.425819,39.858227,429215092,146938519,0,344,0,0,50#
68462,$JYJ,13331187030,20111101183747,116.421600,39.859215,429199541,146942164,0,162,0,0,50#
12888,$JYJ,13321164596,20111101184032,116.425652,39.859508,429214484,146943249,13,356,1,1,50#
73528,$JYJ,13321164907,20111101184305,116.422249,39.852589,429201948,146917721,2,180,0,0,50#
32951,$JYJ,13301254021,20111101184621,116.427200,39.851147,429220163,146912386,13,354,1,1,50#
83004,$JYJ,13321164907,20111101184825,116.420547,39.857311,429195702,146935167,0,276,1,1,50#
45293,$JYJ,13331093415,20111101184650,116.423485,39.857243,429206508,146934892,26,260,1,1,50#
33204,$JYJ,13331187744,20111101184618,116.426514,39.854618,429217629,146925187,21,356,1,1,50#
81262,$JYJ,13301208433,20111101185317,116.422386,39.850738,429202466,146910920,0,112,0,0,50#
24609,$JYJ,13311403503,20111101185100,116.423485,39.857311,429206506,146935140,12,266,1,1,50#
87101,$JYJ,13311431128,20111101185337,116.420036,39.857048,429193816,146934175,26,262,1,1,50#
28954,$JYJ,13331194475,20111101185110,116.420052,39.857033,429193860,146934111,0,154,1,1,50#
58928,$JYJ,13301208433,20111101185725,116.422470,39.856747,429202745,146933062,12,8,1,1,50#
38036,$JYJ,13311486352,20111101185632,116.420631,39.857227,429196001,146934844,0,264,1,1,50#
12508,$JYJ,13331035494,20111101185533,116.425903,39.857670,429215412,146936462,12,350,1,1,50#
31584,$JYJ,13301184032,20111101190123,116.424851,39.855823,429211518,146929640,0,324,0,0,50#
105096,$JYJ,13331194091,20111101190421,116.421387,39.857185,429198783,146934670,21,262,1,1,50#
26766,$JYJ,13311489645,20111101190610,116.422333,39.852943,429202260,146919058,15,182,0,0,50#
96632,$JYJ,13370126448,20111101190902,116.422378,39.856674,429202409,146932811,13,28,1,1,50#
70720,$JYJ,13311431424,20111101191258,116.420334,39.856690,429194882,146932863,15,60,1,1,50#
117894,$JYJ,13311495379,20111101191500,116.428803,39.857498,429226076,146935800,25,262,1,1,50#
41628,$JYJ,13381068840,20111101191144,116.429764,39.857788,429229594,146936876,0,276,0,0,50#
99576,$JYJ,13301277588,20111101191904,116.428146,39.857258,429223672,146934919,0,104,0,0,50#
87256,$JYJ,13381102604,20111101191834,116.421616,39.859600,429199598,146943594,0,188,0,0,50#
118100,$JYJ,13301214017,20111101192453,116.425819,39.852840,429215090,146918663,0,144,0,0,50#
107494,$JYJ,13301254172,20111101192427,116.422180,39.850323,429201700,146909377,0,192,0,0,50#
115646,$JYJ,13311492309,20111101192452,116.424347,39.854679,429209660,146925445,0,88,0,0,50#
84773,$JYJ,13311495306,20111101192334,116.424431,39.855068,429209969,146926878,8,194,0,0,50#
89313,$JYJ,13331184980,20111101192345,116.423813,39.857311,429207690,146935153,0,0,0,0,50#
81891,$JYJ,13301214017,20111101192825,116.425980,39.856140,429215686,146930801,4,336,1,1,50#
72277,$JYJ,13301251462,20111101192753,116.426567,39.853992,429217827,146922907,2,350,1,1,50#
80640,$JYJ,13301251497,20111101192821,116.429115,39.857403,429227222,146935460,21,266,1,1,50#
108433,$JYJ,13301254172,20111101192926,116.426865,39.852928,429218958,146918984,2,352,1,1,50#
93937,$JYJ,13311470338,20111101192855,116.427010,39.852249,429219470,146916462,6,170,0,0,50#
9404,$JYJ,13311492309,20111101192526,116.424454,39.854683,429210076,146925459,0,60,1,1,50#
55919,$JYJ,13370122461,20111101192715,116.426147,39.855438,429216295,146928210,0,170,0,0,50#
84686,$JYJ,13381068143,20111101192830,116.421516,39.858871,429199261,146940903,0,174,0,0,50#
109802,$JYJ,13381068143,20111101192935,116.421570,39.858337,429199449,146938933,17,180,1,1,50#
74162,$JYJ,13301155224,20111101193306,116.422348,39.853859,429202299,146922414,4,244,0,0,50#
12519,$JYJ,13311470338,20111101193035,116.427116,39.852078,429219850,146915826,0,0,1,1,50#
25480,$JYJ,13311495009,20111101193108,116.427101,39.852001,429219793,146915567,10,348,1,1,50#
69165,$JYJ,13311570984,20111101193250,116.429283,39.857723,429227857,146936648,10,256,1,1,50#
93823,$JYJ,13321164545,20111101193350,116.426468,39.854931,429217485,146926355,2,348,1,1,50#
32159,$JYJ,13331111419,20111101193121,116.421700,39.859268,429199945,146942378,12,336,1,1,50#
57652,$JYJ,13301214270,20111101193723,116.421684,39.859795,429199884,146944302,2,162,0,0,50#
28274,$JYJ,13301272970,20111101193608,116.429352,39.854183,429228113,146923598,0,0,0,0,50#
109021,$JYJ,13321164838,20111101193928,116.424217,39.850273,429209204,146909207,0,52,0,0,50#
34411,$JYJ,13381095304,20111101193629,116.427414,39.850094,429220973,146908513,0,180,0,0,50#
107387,$JYJ,13311026489,20111101194427,116.422302,39.852928,429202140,146918997,10,10,1,1,50#
50647,$JYJ,13311403120,20111101194206,116.420349,39.856750,429194957,146933075,19,242,1,1,50#
111545,$JYJ,13321164794,20111101194438,116.424286,39.856991,429209469,146933951,2,94,1,1,50#
47341,$JYJ,13321164838,20111101194202,116.423218,39.850109,429205503,146908594,4,222,1,1,50#
92892,$JYJ,13331194059,20111101194850,116.427269,39.850803,429220407,146911144,12,350,1,1,50#
49043,$JYJ,13331194214,20111101194659,116.427696,39.857174,429221981,146934635,21,34,1,1,50#
4432,$JYJ,13301214244,20111101195012,116.428680,39.854713,429225644,146925552,10,4,0,0,50#
35857,$JYJ,13311453260,20111101195132,116.428604,39.854774,429225324,146925755,2,316,0,0,50#
26110,$JYJ,13311453386,20111101195105,116.427467,39.850002,429221150,146908165,4,354,1,1,50#
28356,$JYJ,13311486404,20111101195114,116.425919,39.859665,429215445,146943806,0,346,0,0,50#
102985,$JYJ,13311487106,20111101195420,116.427437,39.857163,429221059,146934581,8,88,0,0,50#
73690,$JYJ,13331194073,20111101195306,116.428764,39.851517,429225949,146913747,2,114,0,0,50#
66916,$JYJ,13331194670,20111101195249,116.420036,39.857025,429193799,146934105,23,254,1,1,50#
27043,$JYJ,13301272217,20111101195612,116.422684,39.851170,429203553,146912494,2,356,1,1,50#
70973,$JYJ,13311431418,20111101195834,116.425270,39.854317,429213061,146924100,0,270,0,0,50#
32110,$JYJ,13311489639,20111101195624,116.428391,39.857624,429224570,146936265,0,0,0,0,50#
43906,$JYJ,13311489639,20111101195708,116.428391,39.857624,429224574,146936268,0,0,0,0,50#
43907,$JYJ,13311489639,20111101195712,116.428391,39.857624,429224565,146936283,0,0,0,0,50#
8293,$JYJ,13321164785,20111101195520,116.429703,39.857700,429229369,146936560,0,246,0,0,50#
3733,$JYJ,13311487146,20111101200011,116.429863,39.857277,429229972,146934999,0,86,0,0,50#
60632,$JYJ,13311487146,20111101200237,116.425934,39.857555,429215494,146936036,19,348,1,1,50#
116941,$JYJ,13311495009,20111101200455,116.428665,39.853443,429225588,146920859,6,144,0,0,50#
64996,$JYJ,13301214293,20111101200745,116.427483,39.857227,429221236,146934803,0,80,0,0,50#
18090,$JYJ,13301254176,20111101200548,116.424568,39.857059,429210468,146934215,0,92,0,0,50#
82633,$JYJ,13301254176,20111101200829,116.424782,39.857388,429211280,146935404,8,244,1,1,50#
12711,$JYJ,13311489639,20111101200536,116.428391,39.857624,429224547,146936290,0,0,0,0,50#
29003,$JYJ,13311495009,20111101200614,116.426682,39.853947,429218260,146922731,8,164,1,1,50#
11412,$JYJ,13311162472,20111101201030,116.426002,39.858288,429215774,146938718,0,14,0,0,50#
13429,$JYJ,13311162472,20111101201036,116.426018,39.858288,429215813,146938742,4,116,1,1,50#
17292,$JYJ,13311431056,20111101201043,116.427170,39.851826,429220061,146914888,17,350,1,1,50#
97802,$JYJ,13381069754,20111101201359,116.428284,39.857796,429224146,146936919,21,278,1,1,50#
78093,$JYJ,13301214870,20111101201812,116.421600,39.859283,429199572,146942402,15,162,0,0,50#
60836,$JYJ,13331194827,20111101201730,116.426552,39.854660,429217783,146925345,10,4,1,1,50#
110558,$JYJ,13381083493,20111101201933,116.428368,39.854317,429224471,146924099,19,64,0,0,50#
12112,$JYJ,13301156934,20111101202026,116.421715,39.858654,429199998,146940089,0,298,0,0,50#
13768,$JYJ,13311403715,20111101202532,116.425652,39.859386,429214490,146942784,0,182,0,0,50#
51002,$JYJ,13311489519,20111101202707,116.421303,39.856915,429198443,146933695,8,62,1,1,50#
74420,$JYJ,13311566894,20111101202803,116.429230,39.850471,429227634,146909893,0,48,0,0,50#
60766,$JYJ,13331093488,20111101202728,116.425201,39.857010,429212810,146934029,0,84,0,0,50#
23149,$JYJ,13331194943,20111101202600,116.422302,39.853996,429202161,146922910,6,178,0,0,50#
68454,$JYJ,13331194943,20111101202747,116.422836,39.852798,429204110,146918513,19,80,1,1,50#
43530,$JYJ,13381068348,20111101202649,116.427452,39.850098,429221121,146908531,15,352,1,1,50#
19463,$JYJ,13301254272,20111101203548,116.421516,39.859077,429199231,146941663,0,186,0,0,50#
85924,$JYJ,13311453217,20111101203835,116.429016,39.857708,429226851,146936588,10,268,1,1,50#
7914,$JYJ,13311480676,20111101203518,116.427597,39.857807,429221622,146936964,13,262,1,1,50#
58287,$JYJ,13331185104,20111101203723,116.427383,39.854343,429220857,146924181,0,42,0,0,50#
76366,$JYJ,13311403523,20111101204323,116.420570,39.856972,429195780,146933910,17,264,1,1,50#
5696,$JYJ,13311453259,20111101204013,116.423737,39.857323,429207432,146935166,13,286,1,1,50#
23303,$JYJ,13321199464,20111101204117,116.427513,39.857605,429221331,146936225,12,258,1,1,50#
73017,$JYJ,13331154915,20111101204314,116.426270,39.858795,429216771,146940588,0,358,0,0,50#
32358,$JYJ,13311191424,20111101204620,116.427933,39.857487,429222856,146935786,12,54,1,1,50#
58817,$JYJ,13311426064,20111101204727,116.426216,39.855606,429216559,146928851,2,342,1,1,50#
34675,$JYJ,13321164770,20111101204630,116.425980,39.852852,429215672,146918682,6,284,0,0,50#
40435,$JYJ,13301153461,20111101205140,116.428299,39.857407,429224221,146935462,0,14,0,0,50#
34934,$JYJ,13311403573,20111101205124,116.429718,39.854252,429229454,146923834,2,308,0,0,50#
2864,$JYJ,13331154734,20111101205005,116.423866,39.857521,429207916,146935927,0,278,1,1,50#
34487,$JYJ,13331154908,20111101205127,116.420486,39.854462,429195470,146924659,21,146,0,0,50#
46372,$JYJ,13321174623,20111101205656,116.425781,39.857368,429214936,146935342,15,256,0,0,50#
95009,$JYJ,13331187107,20111101205856,116.425514,39.857449,429213989,146935654,0,250,1,1,50#
57649,$JYJ,13331194412,20111101205725,116.426880,39.852902,429218995,146918883,6,156,0,0,50#
96505,$JYJ,13301174954,20111101210359,116.427216,39.854549,429220223,146924930,0,346,2,0,50#
40952,$JYJ,13311403525,20111101210139,116.425003,39.854698,429212103,146925494,0,258,0,0,50#
37253,$JYJ,13311486427,20111101210135,116.424896,39.852226,429211690,146916386,0,70,0,0,50#
112621,$JYJ,13311486427,20111101210441,116.422516,39.854824,429202938,146925982,15,358,1,1,50#
56305,$JYJ,13321164506,20111101210222,116.422562,39.859825,429203103,146944428,8,192,0,0,50#
57580,$JYJ,13381095345,20111101210724,116.422409,39.852108,429202540,146915965,0,0,0,0,50#
96201,$JYJ,13381095345,20111101210902,116.423981,39.850140,429208301,146908703,0,0,0,0,50#
98008,$JYJ,13381095345,20111101210906,116.423981,39.850140,429208314,146908684,0,0,0,0,50#
99836,$JYJ,13381095345,20111101210911,116.423981,39.850140,429208326,146908686,0,0,0,0,50#
117580,$JYJ,13301164984,20111101211451,116.428398,39.853313,429224573,146920395,0,338,0,0,50#
91643,$JYJ,13311403717,20111101211344,116.427185,39.851509,429220128,146913732,0,222,0,0,50#
28869,$JYJ,13311426349,20111101211613,116.422417,39.850960,429202561,146911741,12,358,1,1,50#
72578,$JYJ,13311565734,20111101211752,116.424698,39.857281,429210965,146935035,8,270,1,1,50#
47846,$JYJ,13321164532,20111101211657,116.422516,39.856846,429202921,146933418,13,86,0,0,50#
27570,$JYJ,13321164606,20111101211604,116.425964,39.859886,429215615,146944609,2,78,1,1,50#
54138,$JYJ,13301164971,20111101212210,116.421753,39.858406,429200132,146939169,0,350,0,0,50#
63546,$JYJ,13301214870,20111101212231,116.427185,39.854263,429220103,146923891,21,128,0,0,50#
67980,$JYJ,13321174735,20111101212247,116.421349,39.857117,429198651,146934446,8,260,1,1,50#
5431,$JYJ,13301277710,20111101212512,116.423698,39.857300,429207264,146935088,0,272,1,1,50#
101541,$JYJ,13311403042,20111101212908,116.429199,39.855751,429227546,146929356,8,306,0,0,50#
113056,$JYJ,13311403514,20111101212936,116.427254,39.857182,429220354,146934651,10,100,0,0,50#
65130,$JYJ,13311495315,20111101212736,116.425720,39.857864,429214713,146937186,12,170,1,1,50#
89563,$JYJ,13381083473,20111101212839,116.425736,39.854351,429214770,146924204,0,282,0,0,50#
25065,$JYJ,13311486302,20111101213106,116.420647,39.857071,429196047,146934255,12,250,1,1,50#
95103,$JYJ,13321180421,20111101213354,116.428886,39.857647,429226379,146936354,28,264,1,1,50#
111915,$JYJ,13331194477,20111101213429,116.429565,39.852745,429228879,146918277,0,90,0,0,50#
27730,$JYJ,13301253467,20111101213608,116.425835,39.857861,429215158,146937164,0,354,0,0,50#
32344,$JYJ,13311492176,20111101213621,116.426880,39.853008,429218996,146919270,15,172,0,0,50#
105608,$JYJ,13331154973,20111101213920,116.426369,39.855133,429217108,146927086,0,358,1,1,50#
80660,$JYJ,13301204967,20111101214320,116.427734,39.853870,429222148,146922455,4,64,0,0,50#
117338,$JYJ,13301214536,20111101214456,116.426582,39.853996,429217900,146922923,0,160,0,0,50#
43583,$JYJ,13301272172,20111101214149,116.427467,39.850079,429221161,146908465,10,358,1,1,50#
100216,$JYJ,13311403519,20111101214410,116.427437,39.850510,429221039,146910037,4,6,1,1,50#
2833,$JYJ,13321164485,20111101214004,116.422066,39.854656,429201261,146925367,15,190,0,0,50#
17559,$JYJ,13321164485,20111101214045,116.422119,39.854500,429201462,146924767,0,194,1,1,50#
14252,$JYJ,13381069974,20111101214036,116.425484,39.857407,429213877,146935499,0,270,0,0,50#
78601,$JYJ,13301214536,20111101214814,116.429115,39.857227,429227225,146934793,17,82,1,1,50#
26493,$JYJ,13311431361,20111101214606,116.425346,39.854271,429213345,146923936,0,274,0,0,50#
53075,$JYJ,13331194200,20111101214715,116.426765,39.853561,429218556,146921300,25,350,1,1,50#
95859,$JYJ,13381095345,20111101214859,116.423981,39.850140,429208341,146908702,0,0,0,0,50#
50827,$JYJ,13301155340,20111101215205,116.427368,39.850617,429220789,146910432,0,2,0,0,50#
118668,$JYJ,13311426356,20111101215456,116.425873,39.858212,429215272,146938443,13,356,1,1,50#
74780,$JYJ,13311486533,20111101215306,116.429100,39.857269,429227166,146934956,12,80,1,1,50#
4622,$JYJ,13311578473,20111101215509,116.428451,39.851406,429224760,146913345,26,86,0,0,50#
86252,$JYJ,13381093014,20111101215839,116.420631,39.852772,429195985,146918398,2,120,0,0,50#
1911,$JYJ,13331111446,20111101220004,116.424652,39.856899,429210807,146933602,0,84,0,0,50#
97630,$JYJ,13301214148,20111101220903,116.425720,39.859432,429214710,146942964,17,174,1,1,50#
97060,$JYJ,13311495228,20111101220859,116.422050,39.856899,429201215,146933635,0,262,1,1,50#
49688,$JYJ,13301204845,20111101221206,116.429535,39.857697,429228788,146936542,0,0,1,1,50#
110779,$JYJ,13331154856,20111101221437,116.427353,39.850796,429220756,146911121,4,352,0,0,50#
40004,$JYJ,13331184836,20111101221139,116.428596,39.858383,429225301,146939089,0,122,0,0,50#
14942,$JYJ,13301174932,20111101221538,116.424736,39.852791,429211114,146918480,12,94,0,0,50#
93612,$JYJ,13331184833,20111101221849,116.427063,39.851978,429219674,146915472,12,330,1,1,50#
93489,$JYJ,13311492153,20111101222348,116.425797,39.857880,429214992,146937219,13,10,0,0,50#
115807,$JYJ,13311492153,20111101222443,116.425903,39.858212,429215397,146938456,10,318,1,1,50#
12574,$JYJ,13301157484,20111101222534,116.420464,39.859573,429195381,146943485,4,192,0,0,50#
92991,$JYJ,13311431319,20111101222850,116.426613,39.853825,429218011,146922291,0,178,0,0,50#
93204,$JYJ,13321180438,20111101222853,116.427902,39.854187,429222772,146923601,15,90,0,0,50#
50373,$JYJ,13331156497,20111101222705,116.427170,39.850479,429220061,146909955,2,170,0,0,50#
86126,$JYJ,13301204892,20111101223335,116.426666,39.854279,429218204,146923943,0,204,0,0,50#
114263,$JYJ,13301204892,20111101223440,116.426582,39.854477,429217885,146924694,19,350,1,1,50#
16201,$JYJ,13301214870,20111101223041,116.422333,39.851547,429202270,146913911,8,358,1,1,50#
14172,$JYJ,13311486427,20111101223039,116.423485,39.851498,429206517,146913724,0,98,0,0,50#
14221,$JYJ,13331156497,20111101223029,116.422432,39.850678,429202602,146910704,0,8,1,1,50#
97615,$JYJ,13331188754,20111101223405,116.426865,39.853085,429218955,146919558,25,350,1,1,50#
22126,$JYJ,13311470445,20111101223559,116.420502,39.854382,429195525,146924366,0,302,0,0,50#
86874,$JYJ,13381068348,20111101223836,116.426186,39.855980,429216444,146930209,0,350,0,0,50#
50412,$JYJ,13311470308,20111101224207,116.421303,39.859730,429198472,146944056,10,186,0,0,50#
73103,$JYJ,13301164951,20111101224759,116.422180,39.856762,429201713,146933137,0,20,1,1,50#
76057,$JYJ,13311492257,20111101224807,116.422348,39.854645,429202296,146925308,15,0,1,1,50#
113865,$JYJ,13331156447,20111101224938,116.426765,39.854916,429218582,146926291,0,194,0,0,50#
78734,$JYJ,13381077407,20111101224811,116.429947,39.857143,429230281,146934490,0,84,0,0,50#
7080,$JYJ,13311470476,20111101225019,116.428902,39.853973,429226419,146922800,0,0,0,0,50#
98096,$JYJ,13311470476,20111101225405,116.428970,39.857613,429226671,146936235,15,256,1,1,50#
16180,$JYJ,13331156447,20111101225037,116.426651,39.854851,429218164,146926044,0,136,1,1,50#
80541,$JYJ,13311453447,20111101225823,116.425568,39.857681,429214177,146936497,19,264,1,1,50#
11525,$JYJ,13311486346,20111101225529,116.421486,39.856579,429199159,146932444,0,32,0,0,50#
100632,$JYJ,13311495150,20111101225910,116.428482,39.857193,429224885,146934690,0,96,0,0,50#
16073,$JYJ,13301174926,20111101230040,116.428764,39.857697,429225933,146936526,19,262,2,0,50#
118373,$JYJ,13311492153,20111101230459,116.425117,39.853958,429212497,146922784,0,192,0,0,50#
1496,$JYJ,13311495150,20111101230003,116.428581,39.857304,429225272,146935102,19,82,1,1,50#
101876,$JYJ,13331194850,20111101230912,116.426514,39.853317,429217655,146920391,0,246,0,0,50#
60596,$JYJ,13311486430,20111101231232,116.422470,39.856205,429202744,146931065,15,356,1,1,50#
36979,$JYJ,13311489635,20111101231130,116.426399,39.855091,429217209,146926936,2,304,0,0,50#
47445,$JYJ,13301104115,20111101231657,116.422302,39.855221,429202137,146927422,0,176,0,0,50#
100238,$JYJ,13301204851,20111101231911,116.429833,39.857288,429229867,146935034,23,86,1,1,50#
99773,$JYJ,13301272048,20111101232407,116.422447,39.856895,429202666,146933600,13,68,1,1,50#
89800,$JYJ,13301157547,20111101232846,116.427300,39.850807,429220553,146911158,10,346,1,1,50#
23287,$JYJ,13311489543,20111101232601,116.423584,39.857288,429206871,146935040,6,256,1,1,50#
117737,$JYJ,13321180134,20111101233451,116.425682,39.857620,429214571,146936288,2,180,1,1,50#
95467,$JYJ,13311489394,20111101233905,116.426102,39.855469,429216152,146928336,21,342,1,1,50#
69376,$JYJ,13311453360,20111101234258,116.425507,39.857483,429213923,146935769,19,262,1,1,50#
92044,$JYJ,13301214281,20111101234856,116.420448,39.851520,429195294,146913793,0,118,0,0,50#
70077,$JYJ,13311486430,20111101235302,116.426117,39.856247,429216184,146931211,12,172,0,0,50#
96798,$JYJ,13311495087,20111101235410,116.422584,39.853573,429203166,146921361,0,226,0,0,50#
98234,$JYJ,13311495217,20111101235409,116.424851,39.855919,429211541,146930009,0,248,0,0,50#
19182,$JYJ,13331194772,20111101235048,116.420914,39.853020,429197050,146919326,0,284,0,0,50#
86916,$JYJ,13301214241,20111101235841,116.427399,39.850357,429220916,146909490,0,106,0,0,50#
44983,$JYJ,13311492170,20111101235654,116.425499,39.852802,429213914,146918512,8,92,0,0,50#
104881,$JYJ,13311492170,20111101235932,116.427597,39.857170,429221616,146934618,10,80,1,1,50#
44200,$JYJ,13331184780,20111101235656,116.424881,39.853695,429211645,146921797,2,190,0,0,50#
