54494,$JYJ,13311431088,20111101000242,116.447830,39.947605,429296121,147267872,0,0,0,0,50#
55809,$JYJ,13311431088,20111101000246,116.447830,39.947605,429296110,147267869,0,0,0,0,50#
57034,$JYJ,13311431088,20111101000756,116.447830,39.947605,429296101,147267895,0,0,0,0,50#
47829,$JYJ,13301254389,20111101001223,116.444367,39.943169,429283361,147251564,13,164,1,1,50#
18665,$JYJ,13311426465,20111101001056,116.447845,39.947315,429296153,147266808,0,0,0,0,50#
16721,$JYJ,13311431088,20111101001050,116.441322,39.947956,429272185,147269239,0,0,0,0,50#
68200,$JYJ,13311162442,20111101001832,116.445999,39.949211,429289369,147273810,0,52,0,0,50#
14982,$JYJ,13311426465,20111101001547,116.447845,39.947315,429296179,147266814,0,0,0,0,50#
37965,$JYJ,13331184812,20111101002200,116.442017,39.944778,429274716,147257495,0,262,0,0,50#
91093,$JYJ,13321164501,20111101002931,116.444939,39.946327,429285488,147263180,23,80,0,0,50#
26591,$JYJ,13311300664,20111101003124,116.444206,39.940128,429282794,147240346,0,0,0,0,50#
17802,$JYJ,13321164501,20111101003053,116.447700,39.946629,429295619,147264279,0,0,0,0,50#
18966,$JYJ,13321164501,20111101003057,116.447700,39.946629,429295659,147264287,0,0,0,0,50#
35983,$JYJ,13301214681,20111101003643,116.442864,39.945553,429277830,147260366,0,254,0,0,50#
44214,$JYJ,13301214681,20111101003709,116.442848,39.945557,429277809,147260378,0,256,1,1,50#
100015,$JYJ,13311191407,20111101004454,116.445229,39.946674,429286554,147264480,12,64,0,0,50#
2749,$JYJ,13321180094,20111101004003,116.449234,39.942879,429301281,147250447,0,346,0,0,50#
14091,$JYJ,13311426442,20111101004540,116.443085,39.946979,429278664,147265610,30,128,1,1,50#
47304,$JYJ,13311453280,20111101005214,116.448853,39.947067,429299872,147265890,28,242,1,1,50#
75917,$JYJ,13301157477,20111101005847,116.449699,39.949776,429302976,147275868,0,190,0,0,50#
31221,$JYJ,13301184097,20111101005628,116.446419,39.945667,429290927,147260751,0,352,0,0,50#
72947,$JYJ,13301184097,20111101005839,116.444847,39.946446,429285125,147263644,17,244,1,1,50#
15689,$JYJ,13301157477,20111101010041,116.449982,39.946938,429304016,147265419,28,86,1,1,50#
3947,$JYJ,13311431081,20111101010011,116.449348,39.947842,429301691,147268747,13,170,1,1,50#
3440,$JYJ,13331191647,20111101010506,116.442413,39.947624,429276177,147267988,0,38,0,0,50#
48714,$JYJ,13331191647,20111101010733,116.442413,39.947624,429276214,147268004,0,140,1,1,50#
69035,$JYJ,13331191647,20111101010838,116.442452,39.947609,429276316,147267941,0,140,0,0,50#
30184,$JYJ,13311495105,20111101011132,116.449364,39.944611,429301733,147256828,17,180,1,1,50#
39595,$JYJ,13331191647,20111101011201,116.444618,39.946213,429284284,147262777,0,86,1,1,50#
27395,$JYJ,13311453332,20111101011623,116.449249,39.941410,429301351,147245033,23,356,1,1,50#
89325,$JYJ,13331194817,20111101011943,116.443100,39.945358,429278725,147259637,17,102,1,1,50#
41929,$JYJ,13321164894,20111101012710,116.448715,39.949818,429299365,147276021,0,312,0,0,50#
68521,$JYJ,13311021954,20111101013338,116.444633,39.946415,429284368,147263507,0,0,1,1,50#
33839,$JYJ,13321164894,20111101013144,116.449249,39.940628,429301340,147242142,4,188,1,1,50#
54172,$JYJ,13331184989,20111101013254,116.445328,39.948654,429286923,147271758,0,0,0,0,50#
65628,$JYJ,13331194817,20111101013834,116.440865,39.944412,429270516,147256176,17,324,1,1,50#
67877,$JYJ,13381102724,20111101014338,116.447807,39.947426,429296012,147267233,0,0,0,0,50#
81088,$JYJ,13381102724,20111101014424,116.447907,39.947487,429296403,147267463,0,0,0,0,50#
85953,$JYJ,13381102724,20111101014439,116.447907,39.947487,429296382,147267452,0,0,0,0,50#
86924,$JYJ,13381102724,20111101014443,116.447907,39.947487,429296406,147267456,0,0,0,0,50#
15505,$JYJ,13311426041,20111101014550,116.440247,39.948898,429268208,147272703,6,224,0,0,50#
24366,$JYJ,13311453379,20111101015118,116.444031,39.944088,429282149,147254955,0,184,0,0,50#
20744,$JYJ,13311565847,20111101015605,116.449219,39.947441,429301217,147267283,4,164,1,1,50#
46486,$JYJ,13301272321,20111101020734,116.449120,39.946217,429300877,147262755,21,172,1,1,50#
49194,$JYJ,13311403259,20111101020745,116.442497,39.947247,429276522,147266615,28,128,1,1,50#
1667,$JYJ,13381102724,20111101021503,116.447907,39.947487,429296392,147267440,0,0,0,0,50#
68094,$JYJ,13381102724,20111101021851,116.440643,39.949005,429269692,147273109,0,0,0,0,50#
48203,$JYJ,13321164521,20111101022742,116.441963,39.945160,429274532,147258894,12,276,1,1,50#
9315,$JYJ,13301214234,20111101023032,116.448433,39.948673,429298353,147271814,0,228,0,0,50#
82642,$JYJ,13331093453,20111101023943,116.449135,39.946095,429300932,147262321,23,168,1,1,50#
33404,$JYJ,13331154954,20111101024154,116.440620,39.948524,429269606,147271323,0,126,0,0,50#
59207,$JYJ,13321164501,20111101024828,116.447700,39.946629,429295620,147264298,0,0,0,0,50#
61471,$JYJ,13321164501,20111101024837,116.447700,39.946629,429295628,147264300,0,0,1,1,50#
32354,$JYJ,13321164521,20111101025150,116.441719,39.945309,429273647,147259463,15,266,1,1,50#
76359,$JYJ,13301214125,20111101034444,116.442429,39.949490,429276245,147274855,0,0,0,0,50#
49968,$JYJ,13311489688,20111101035308,116.447777,39.947472,429295910,147267397,0,0,0,0,50#
9248,$JYJ,13311489688,20111101040033,116.447777,39.947472,429295937,147267398,0,0,0,0,50#
581,$JYJ,13321164795,20111101035956,116.442970,39.946793,429278245,147264924,0,178,1,1,50#
25618,$JYJ,13331154919,20111101044132,116.444031,39.941235,429282123,147244417,0,250,0,0,50#
40056,$JYJ,13311495388,20111101051721,116.447800,39.947452,429296021,147267324,0,0,0,0,50#
41302,$JYJ,13311495388,20111101051725,116.447800,39.947452,429296018,147267316,0,0,0,0,50#
35826,$JYJ,13321180476,20111101051706,116.442535,39.947205,429276644,147266456,0,0,0,0,50#
37073,$JYJ,13321180476,20111101051710,116.442535,39.947205,429276650,147266437,0,0,0,0,50#
24067,$JYJ,13311495388,20111101052122,116.447800,39.947452,429296024,147267317,0,0,0,0,50#
86468,$JYJ,13311426213,20111101053945,116.448448,39.946884,429298394,147265214,0,190,1,1,50#
74386,$JYJ,13311486529,20111101053910,116.444946,39.946526,429285495,147263938,0,256,0,0,50#
76939,$JYJ,13370126426,20111101053919,116.442032,39.947761,429274777,147268514,10,120,1,1,50#
76624,$JYJ,13381083464,20111101054411,116.443893,39.946434,429281643,147263589,17,322,1,1,50#
5946,$JYJ,13381101834,20111101054016,116.449341,39.945889,429301649,147261549,0,0,0,0,50#
73215,$JYJ,13381101834,20111101054401,116.447769,39.947311,429295897,147266793,0,0,0,0,50#
28430,$JYJ,13381101834,20111101054632,116.447769,39.947311,429295907,147266808,0,0,0,0,50#
38447,$JYJ,13381101834,20111101054703,116.447899,39.947555,429296379,147267716,0,0,0,0,50#
39784,$JYJ,13381101834,20111101054708,116.447899,39.947555,429296378,147267690,0,0,0,0,50#
72295,$JYJ,13301272321,20111101055842,116.444603,39.943352,429284246,147252225,17,186,1,1,50#
37921,$JYJ,13311488204,20111101055659,116.440262,39.945206,429268288,147259086,13,80,1,1,50#
73384,$JYJ,13331184782,20111101055851,116.442001,39.944756,429274659,147257429,2,252,0,0,50#
16275,$JYJ,13321180476,20111101060051,116.442535,39.947205,429276634,147266456,0,0,0,0,50#
20897,$JYJ,13321180476,20111101060106,116.442535,39.947205,429276644,147266434,0,0,0,0,50#
22245,$JYJ,13321180476,20111101060110,116.442535,39.947205,429276639,147266452,0,0,0,0,50#
11082,$JYJ,13301184136,20111101061529,116.442100,39.944752,429275043,147257404,0,154,1,1,50#
26177,$JYJ,13381101834,20111101061619,116.447899,39.947555,429296369,147267691,0,0,0,0,50#
66135,$JYJ,13311470475,20111101062814,116.449303,39.947865,429301517,147268814,0,6,0,0,50#
81442,$JYJ,13311489693,20111101063359,116.448898,39.946682,429300063,147264460,2,170,0,0,50#
41947,$JYJ,13331194463,20111101063700,116.448669,39.946964,429299199,147265507,13,270,0,0,50#
41103,$JYJ,13301214660,20111101064155,116.446114,39.949413,429289817,147274563,8,216,0,0,50#
33435,$JYJ,13311487290,20111101064131,116.442047,39.947773,429274850,147268552,21,310,1,1,50#
40908,$JYJ,13381235405,20111101064826,116.442467,39.944542,429276392,147256645,0,98,1,1,50#
41793,$JYJ,13311453365,20111101065658,116.443787,39.948818,429281243,147272395,12,200,1,1,50#
35481,$JYJ,13331194208,20111101065641,116.440002,39.943123,429267344,147251403,13,202,2,0,50#
27521,$JYJ,13311403133,20111101070115,116.442520,39.947571,429276586,147267789,17,306,1,1,50#
48428,$JYJ,13321199574,20111101070215,116.444351,39.941006,429283311,147243594,2,334,0,0,50#
50906,$JYJ,13311489311,20111101070728,116.449135,39.946464,429300895,147263685,12,170,0,0,50#
75151,$JYJ,13311489311,20111101070840,116.449135,39.948185,429300908,147270027,8,194,1,1,50#
70256,$JYJ,13331063422,20111101070823,116.441849,39.945267,429274138,147259321,6,262,1,1,50#
21421,$JYJ,13311403259,20111101071058,116.449249,39.948765,429301321,147272162,21,0,1,1,50#
18325,$JYJ,13381102724,20111101071052,116.440643,39.949005,429269664,147273104,0,0,0,0,50#
65409,$JYJ,13311191458,20111101071804,116.442284,39.944500,429275710,147256462,0,258,1,1,50#
71385,$JYJ,13331154869,20111101071819,116.444237,39.945805,429282914,147261284,21,162,1,1,50#
48558,$JYJ,13311431001,20111101072219,116.444069,39.943909,429282287,147254293,25,166,0,0,50#
61101,$JYJ,13311431001,20111101072259,116.444099,39.943569,429282373,147253035,15,174,1,1,50#
47353,$JYJ,13331194859,20111101072216,116.447983,39.948689,429296662,147271870,4,274,0,0,50#
99224,$JYJ,13311021884,20111101072948,116.449913,39.946865,429303782,147265148,12,62,1,1,50#
74134,$JYJ,13321199406,20111101072836,116.440819,39.949448,429270323,147274719,25,38,1,1,50#
62018,$JYJ,13331154815,20111101072757,116.449120,39.943653,429300857,147253308,2,170,0,0,50#
67047,$JYJ,13301156478,20111101073314,116.444183,39.940876,429282681,147243097,23,2,0,0,50#
15146,$JYJ,13311492313,20111101073046,116.447830,39.943077,429296109,147251202,15,86,0,0,50#
56251,$JYJ,13301151403,20111101073738,116.449280,39.943687,429301429,147253426,21,172,0,0,50#
41793,$JYJ,13301156641,20111101074157,116.443787,39.941311,429281248,147244712,0,348,0,0,50#
9815,$JYJ,13311492055,20111101074025,116.443947,39.945183,429281845,147258989,15,244,1,1,50#
86469,$JYJ,13331194813,20111101074410,116.445320,39.940136,429286895,147240368,0,268,0,0,50#
59594,$JYJ,13311403196,20111101075247,116.443398,39.941200,429279817,147244309,15,266,0,0,50#
39978,$JYJ,13311489330,20111101075150,116.442268,39.947346,429275676,147266961,19,128,1,1,50#
86543,$JYJ,13301204942,20111101075906,116.442299,39.944717,429275787,147257286,8,210,1,1,50#
65449,$JYJ,13301214433,20111101075806,116.440201,39.948845,429268066,147272517,15,126,1,1,50#
97242,$JYJ,13301214594,20111101075937,116.443283,39.946781,429279408,147264885,30,128,0,0,50#
50139,$JYJ,13311403346,20111101075722,116.443001,39.941296,429278360,147244673,2,308,0,0,50#
60913,$JYJ,13311495005,20111101075753,116.448502,39.946590,429298579,147264149,0,228,1,1,50#
33763,$JYJ,13301125450,20111101080132,116.445297,39.946446,429286780,147263641,23,68,1,1,50#
13993,$JYJ,13311431368,20111101080029,116.445931,39.946411,429289114,147263512,0,68,0,0,50#
48441,$JYJ,13311431368,20111101080214,116.444763,39.946548,429284853,147264002,8,266,1,1,50#
104578,$JYJ,13370122455,20111101080453,116.441048,39.941936,429271165,147247040,4,290,0,0,50#
38150,$JYJ,13321174611,20111101080656,116.442413,39.941177,429276197,147244220,28,268,0,0,50#
60979,$JYJ,13321180418,20111101080828,116.449135,39.949139,429300913,147273543,13,176,0,0,50#
40037,$JYJ,13331194922,20111101080709,116.444130,39.943382,429282512,147252339,26,176,1,1,50#
4302,$JYJ,13321180418,20111101081015,116.449303,39.947956,429301514,147269183,19,160,1,1,50#
25635,$JYJ,13331035468,20111101081126,116.447792,39.947536,429295989,147267627,0,0,0,0,50#
26983,$JYJ,13331035468,20111101081130,116.447792,39.947536,429295975,147267647,0,0,0,0,50#
86944,$JYJ,13331035468,20111101081444,116.447792,39.947536,429295956,147267633,0,0,0,0,50#
67604,$JYJ,13331194462,20111101081340,116.442368,39.947662,429276048,147268138,26,300,1,1,50#
70884,$JYJ,13370129545,20111101081347,116.441467,39.940342,429272731,147241154,10,84,0,0,50#
30571,$JYJ,13331194426,20111101081649,116.444550,39.944454,429284035,147256288,21,288,1,1,50#
42631,$JYJ,13381232441,20111101081740,116.444397,39.943985,429283504,147254577,0,346,0,0,50#
66041,$JYJ,13301150147,20111101082353,116.445351,39.946560,429287017,147264064,4,298,0,0,50#
67719,$JYJ,13301156824,20111101082357,116.442146,39.947510,429275226,147267560,13,124,1,1,50#
79360,$JYJ,13301208409,20111101082436,116.449249,39.943104,429301312,147251283,0,358,0,0,50#
35397,$JYJ,13311191464,20111101082201,116.441483,39.940014,429272774,147239958,8,90,0,0,50#
42354,$JYJ,13331154768,20111101082232,116.449280,39.944096,429301456,147254948,17,6,0,0,50#
20916,$JYJ,13331187074,20111101082113,116.449203,39.942135,429301158,147247706,8,356,0,0,50#
14388,$JYJ,13301150147,20111101082545,116.443130,39.946987,429278847,147265648,19,308,1,1,50#
9777,$JYJ,13301156524,20111101082534,116.449203,39.948692,429301157,147271895,2,356,1,1,50#
9851,$JYJ,13301157148,20111101082530,116.446114,39.946541,429289821,147263964,15,266,1,1,50#
68487,$JYJ,13301208409,20111101082838,116.442268,39.947582,429275662,147267838,19,310,1,1,50#
29706,$JYJ,13311488221,20111101082640,116.449333,39.946377,429301626,147263356,12,164,1,1,50#
10475,$JYJ,13311566304,20111101083029,116.449219,39.941952,429301225,147247030,19,178,2,0,50#
18322,$JYJ,13311487115,20111101083601,116.449814,39.947189,429303405,147266329,12,258,0,0,50#
53211,$JYJ,13311487115,20111101083756,116.449203,39.943932,429301163,147254348,25,178,1,1,50#
15136,$JYJ,13311490922,20111101083546,116.449432,39.941681,429301988,147246049,0,356,0,0,50#
50103,$JYJ,13331053004,20111101083741,116.449303,39.942989,429301541,147250858,4,172,0,0,50#
77715,$JYJ,13301155435,20111101084422,116.442596,39.947392,429276887,147267119,45,126,0,0,50#
28564,$JYJ,13301204972,20111101084129,116.449234,39.943317,429301263,147252056,6,162,0,0,50#
16468,$JYJ,13311020094,20111101084049,116.445747,39.943016,429288454,147250998,0,0,0,0,50#
32023,$JYJ,13311426220,20111101084139,116.447464,39.946564,429294764,147264054,8,88,0,0,50#
24889,$JYJ,13311431479,20111101084120,116.442734,39.947269,429277359,147266693,23,306,1,1,50#
71751,$JYJ,13331186334,20111101084402,116.446480,39.944233,429291133,147255479,21,176,0,0,50#
33300,$JYJ,13381095347,20111101084147,116.444016,39.943588,429282080,147253092,21,152,0,0,50#
56106,$JYJ,13381095347,20111101084304,116.444031,39.943542,429282127,147252931,12,174,1,1,50#
46609,$JYJ,13301207492,20111101084758,116.446136,39.943939,429289868,147254374,13,216,0,0,50#
58952,$JYJ,13301207492,20111101084838,116.446167,39.943337,429290012,147252168,0,170,1,1,50#
67305,$JYJ,13301214447,20111101084908,116.449280,39.941120,429301449,147243953,0,350,0,0,50#
19825,$JYJ,13381083415,20111101084631,116.445435,39.946434,429287291,147263568,6,276,0,0,50#
32982,$JYJ,13381083415,20111101084716,116.445381,39.946457,429287130,147263655,12,236,1,1,50#
49707,$JYJ,13301156434,20111101085244,116.449333,39.945671,429301636,147260749,12,0,0,0,50#
25212,$JYJ,13301254101,20111101085120,116.444183,39.946033,429282688,147262108,0,342,2,0,50#
43565,$JYJ,13301254101,20111101085223,116.443886,39.946480,429281599,147263749,12,310,2,0,50#
25188,$JYJ,13321180464,20111101085121,116.445869,39.946556,429288886,147264023,38,260,0,0,50#
15253,$JYJ,13301156434,20111101085546,116.443565,39.945293,429280419,147259379,15,264,1,1,50#
48431,$JYJ,13311403518,20111101085738,116.448914,39.946705,429300096,147264568,15,104,0,0,50#
81415,$JYJ,13311403518,20111101085941,116.449181,39.944885,429301063,147257835,13,170,1,1,50#
79072,$JYJ,13311488233,20111101085927,116.449120,39.946407,429300850,147263464,19,350,2,0,50#
33705,$JYJ,13311426389,20111101090150,116.449150,39.945797,429300978,147261226,28,356,0,0,50#
76986,$JYJ,13311486264,20111101090435,116.445000,39.946575,429285685,147264111,23,258,0,0,50#
31394,$JYJ,13301208433,20111101090644,116.444336,39.941196,429283267,147244288,12,346,1,1,50#
33589,$JYJ,13311403397,20111101090653,116.443680,39.946487,429280846,147263801,21,320,0,0,50#
82691,$JYJ,13311426226,20111101090942,116.447586,39.943108,429295224,147251305,0,94,0,0,50#
12608,$JYJ,13311489354,20111101090543,116.447350,39.943005,429294343,147250932,2,68,0,0,50#
64145,$JYJ,13321164871,20111101090839,116.446167,39.943180,429290010,147251596,0,190,0,0,50#
80678,$JYJ,13301125487,20111101091406,116.444199,39.941685,429282748,147246095,30,6,0,0,50#
80993,$JYJ,13301214193,20111101091411,116.449264,39.946682,429301382,147264479,26,182,0,0,50#
67622,$JYJ,13311300594,20111101091329,116.442230,39.940041,429275521,147240050,15,276,0,0,50#
12927,$JYJ,13311403295,20111101091037,116.449264,39.942886,429301399,147250482,0,8,0,0,50#
72444,$JYJ,13311487176,20111101091344,116.449318,39.949009,429301601,147273059,17,174,1,1,50#
86847,$JYJ,13331154774,20111101091423,116.443169,39.946919,429278984,147265387,8,12,0,0,50#
63280,$JYJ,13381068146,20111101091310,116.449203,39.943054,429301181,147251111,0,356,0,0,50#
5110,$JYJ,13381096164,20111101091013,116.448334,39.947075,429297961,147265939,15,258,1,1,50#
49141,$JYJ,13301207488,20111101091738,116.442619,39.947243,429276969,147266569,17,128,1,1,50#
19977,$JYJ,13311162486,20111101091602,116.449150,39.949196,429300964,147273754,12,168,1,1,50#
10229,$JYJ,13311300704,20111101091529,116.449219,39.943363,429301226,147252253,28,178,0,0,50#
43550,$JYJ,13311300704,20111101091718,116.449219,39.940338,429301215,147241088,0,172,1,1,50#
70134,$JYJ,13311426122,20111101091841,116.440567,39.945202,429269382,147259090,21,260,1,1,50#
2903,$JYJ,13311495334,20111101091508,116.449242,39.942757,429301283,147250003,2,4,0,0,50#
13089,$JYJ,13331154774,20111101091539,116.444084,39.948700,429282335,147271936,0,120,1,1,50#
23028,$JYJ,13331184840,20111101091612,116.440597,39.948563,429269531,147271468,10,128,1,1,50#
36322,$JYJ,13311426199,20111101092206,116.444282,39.941639,429283074,147245924,19,4,0,0,50#
65949,$JYJ,13311426199,20111101092337,116.444336,39.944279,429283278,147255654,21,358,1,1,50#
31993,$JYJ,13331184793,20111101092150,116.440765,39.941967,429270137,147247133,15,288,0,0,50#
40694,$JYJ,13331184976,20111101092216,116.449219,39.943165,429301217,147251508,19,346,1,1,50#
22118,$JYJ,13331194413,20111101092116,116.445931,39.943020,429289122,147250999,0,94,0,0,50#
77427,$JYJ,13381063104,20111101092421,116.443398,39.940155,429279797,147240462,26,270,1,1,50#
63848,$JYJ,13381232400,20111101092329,116.445167,39.946613,429286331,147264241,2,274,0,0,50#
28087,$JYJ,13311486365,20111101092628,116.447434,39.943050,429294663,147251112,0,80,0,0,50#
75377,$JYJ,13311489690,20111101092912,116.444382,39.943649,429283416,147253340,15,2,0,0,50#
20050,$JYJ,13370129332,20111101092559,116.445618,39.946480,429287985,147263758,23,72,1,1,50#
86623,$JYJ,13311426403,20111101093438,116.442032,39.947761,429274773,147268501,30,306,1,1,50#
12628,$JYJ,13311489690,20111101093037,116.444313,39.944412,429283201,147256133,15,344,1,1,50#
46921,$JYJ,13331194432,20111101093227,116.440651,39.941120,429269693,147244018,0,24,0,0,50#
9525,$JYJ,13301214159,20111101093530,116.449196,39.949101,429301153,147273382,0,0,1,1,50#
69459,$JYJ,13311403108,20111101093849,116.444115,39.944645,429282471,147256988,34,182,0,0,50#
61691,$JYJ,13321199849,20111101093826,116.445213,39.944428,429286506,147256176,2,240,0,0,50#
27708,$JYJ,13370129521,20111101093626,116.449219,39.946060,429301213,147262175,17,358,0,0,50#
86728,$JYJ,13370129521,20111101093938,116.442947,39.947071,429278153,147265936,19,296,1,1,50#
27135,$JYJ,13311489326,20111101094130,116.444367,39.945957,429283379,147261824,30,354,0,0,50#
6472,$JYJ,13311495002,20111101094014,116.446266,39.943363,429290361,147252248,19,356,0,0,50#
22669,$JYJ,13311495002,20111101094110,116.446266,39.943611,429290349,147253175,10,194,1,1,50#
33165,$JYJ,13381102504,20111101094147,116.440498,39.943363,429269164,147252300,13,208,1,1,50#
24392,$JYJ,13301125460,20111101094617,116.449264,39.942734,429301367,147249910,26,2,0,0,50#
96383,$JYJ,13301174909,20111101094955,116.441116,39.948318,429271413,147270548,30,302,1,1,50#
67723,$JYJ,13311426489,20111101094827,116.443069,39.946754,429278592,147264775,0,88,0,0,50#
12372,$JYJ,13311431088,20111101094537,116.441322,39.947956,429272184,147269225,0,0,0,0,50#
96467,$JYJ,13311470345,20111101094954,116.443115,39.946930,429278787,147265440,0,332,0,0,50#
76646,$JYJ,13381063247,20111101094858,116.448151,39.946957,429297296,147265507,2,244,1,1,50#
95470,$JYJ,13381232432,20111101094947,116.447449,39.946758,429294722,147264762,23,258,1,1,50#
32411,$JYJ,13301156924,20111101095136,116.446220,39.942062,429290206,147247476,0,352,0,0,50#
66100,$JYJ,13301156924,20111101095318,116.446297,39.943020,429290455,147250991,10,56,1,1,50#
88498,$JYJ,13301157411,20111101095425,116.445579,39.946426,429287823,147263554,23,76,1,1,50#
41283,$JYJ,13311563924,20111101095203,116.444534,39.944355,429283989,147255933,21,270,0,0,50#
74124,$JYJ,13311578044,20111101095342,116.440750,39.942120,429270095,147247724,12,10,0,0,50#
72321,$JYJ,13301214065,20111101095844,116.443466,39.946880,429280072,147265233,15,310,0,0,50#
68995,$JYJ,13301214226,20111101095837,116.449249,39.948543,429301329,147271344,19,178,1,1,50#
2155,$JYJ,13301254063,20111101095502,116.449181,39.946335,429301086,147263186,6,164,0,0,50#
14836,$JYJ,13311486444,20111101095546,116.449219,39.949627,429301239,147275320,2,338,0,0,50#
71805,$JYJ,13321199471,20111101095846,116.449333,39.940807,429301647,147242814,2,14,0,0,50#
11926,$JYJ,13301214065,20111101100035,116.443451,39.946682,429280004,147264519,21,132,1,1,50#
38798,$JYJ,13301272292,20111101100152,116.449463,39.946335,429302132,147263190,8,76,1,1,50#
55841,$JYJ,13311403113,20111101100259,116.449150,39.946629,429300948,147264278,23,180,0,0,50#
33842,$JYJ,13321190147,20111101100140,116.444130,39.943459,429282504,147252608,4,196,1,1,50#
63600,$JYJ,13370126480,20111101100326,116.444282,39.943649,429283055,147253339,19,358,1,1,50#
18034,$JYJ,13311020064,20111101100559,116.449318,39.949101,429301581,147273392,6,358,1,1,50#
86443,$JYJ,13311162403,20111101100454,116.449264,39.946362,429301384,147263304,2,180,1,1,50#
17395,$JYJ,13311453222,20111101100556,116.449387,39.946239,429301848,147262838,0,358,0,0,50#
81505,$JYJ,13311486320,20111101100957,116.442184,39.944599,429275342,147256847,15,312,0,0,50#
75946,$JYJ,13311489624,20111101100941,116.445702,39.948982,429288283,147272960,0,252,0,0,50#
76246,$JYJ,13311495074,20111101100943,116.444130,39.946323,429282503,147263168,2,324,0,0,50#
46512,$JYJ,13321199456,20111101100745,116.444054,39.940289,429282211,147240951,8,186,1,1,50#
76093,$JYJ,13331154805,20111101100937,116.444031,39.943615,429282152,147253187,0,216,1,1,50#
5332,$JYJ,13370122424,20111101100513,116.449249,39.947708,429301346,147268244,8,174,1,1,50#
78066,$JYJ,13301157461,20111101101427,116.448601,39.946835,429298938,147265049,4,176,0,0,50#
50543,$JYJ,13311453214,20111101101303,116.449219,39.946449,429301229,147263609,10,350,1,1,50#
41320,$JYJ,13331191534,20111101101240,116.447632,39.942997,429295372,147250908,17,90,1,1,50#
65158,$JYJ,13311403352,20111101101825,116.444214,39.944538,429282821,147256609,21,354,1,1,50#
52251,$JYJ,13311426006,20111101101745,116.444351,39.941277,429283314,147244563,12,354,1,1,50#
73806,$JYJ,13311453444,20111101101855,116.445000,39.943047,429285696,147251112,26,90,0,0,50#
59716,$JYJ,13311486271,20111101101807,116.444115,39.940811,429282434,147242881,17,178,1,1,50#
54311,$JYJ,13301156747,20111101102251,116.440620,39.945206,429269590,147259077,12,266,1,1,50#
45336,$JYJ,13301204933,20111101102227,116.441597,39.945385,429273180,147259739,0,0,0,0,50#
46550,$JYJ,13301204933,20111101102231,116.441597,39.945385,429273197,147259746,0,0,0,0,50#
16616,$JYJ,13301207684,20111101102051,116.448830,39.949722,429299804,147275693,0,140,0,0,50#
87782,$JYJ,13311453270,20111101102433,116.443649,39.941074,429280751,147243846,12,278,0,0,50#
29662,$JYJ,13321164568,20111101102137,116.445091,39.944370,429286053,147255993,0,0,0,0,50#
73416,$JYJ,13321164568,20111101102354,116.444382,39.944824,429283440,147257661,15,356,1,1,50#
27463,$JYJ,13331184802,20111101102127,116.449318,39.948639,429301584,147271696,23,172,1,1,50#
14085,$JYJ,13381153639,20111101102046,116.449348,39.940369,429301688,147241181,13,152,0,0,50#
93885,$JYJ,13301164926,20111101102948,116.449684,39.949730,429302935,147275705,12,44,1,1,50#
84812,$JYJ,13301184068,20111101102923,116.449318,39.947330,429301598,147266872,0,342,0,0,50#
27307,$JYJ,13301204933,20111101102626,116.441597,39.945385,429273197,147259737,0,0,0,0,50#
26660,$JYJ,13311191425,20111101102623,116.442162,39.944641,429275268,147257007,0,352,0,0,50#
66160,$JYJ,13311403764,20111101102822,116.446014,39.943581,429289452,147253055,8,356,0,0,50#
24842,$JYJ,13311470432,20111101102618,116.444420,39.944359,429283562,147255951,15,66,0,0,50#
46792,$JYJ,13311495321,20111101102722,116.446236,39.942390,429290269,147248657,0,4,0,0,50#
63643,$JYJ,13321199346,20111101102819,116.443169,39.940056,429278980,147240070,0,272,0,0,50#
44873,$JYJ,13331188149,20111101102715,116.444115,39.943451,429282443,147252597,8,182,1,1,50#
70997,$JYJ,13301184116,20111101103348,116.449852,39.946655,429303570,147264377,13,50,2,0,50#
15049,$JYJ,13301214193,20111101103046,116.444481,39.941124,429283798,147244018,0,0,1,1,50#
22261,$JYJ,13301254260,20111101103109,116.445579,39.940380,429287833,147241252,17,326,1,1,50#
24008,$JYJ,13311020564,20111101103115,116.441437,39.941101,429272617,147243958,0,0,0,0,50#
54405,$JYJ,13311020564,20111101103255,116.440567,39.941670,429269387,147246044,13,290,1,1,50#
5062,$JYJ,13321180124,20111101103013,116.449348,39.941990,429301684,147247183,0,356,0,0,50#
80229,$JYJ,13331187139,20111101103418,116.448502,39.946678,429298579,147264468,19,80,0,0,50#
40838,$JYJ,13381096034,20111101103209,116.448700,39.946652,429299319,147264359,8,46,0,0,50#
82902,$JYJ,13301272013,20111101103925,116.442581,39.945225,429276822,147259130,21,270,1,1,50#
70780,$JYJ,13311453410,20111101103850,116.443214,39.946899,429279146,147265320,0,308,0,0,50#
27744,$JYJ,13331186646,20111101103631,116.446098,39.940056,429289723,147240060,0,300,0,0,50#
67684,$JYJ,13331186646,20111101103839,116.448547,39.943153,429298756,147251473,10,90,1,1,50#
34415,$JYJ,13331187139,20111101103653,116.449219,39.948639,429301232,147271685,8,338,1,1,50#
2628,$JYJ,13370126402,20111101103509,116.449051,39.942032,429300611,147247324,6,174,1,1,50#
36629,$JYJ,13301214629,20111101104153,116.446381,39.944588,429290789,147256787,0,266,0,0,50#
36327,$JYJ,13311453265,20111101104152,116.440567,39.943680,429269408,147253478,0,184,1,1,50#
58990,$JYJ,13321174843,20111101104259,116.440666,39.941876,429269772,147246794,25,16,0,0,50#
65996,$JYJ,13331154954,20111101104323,116.442551,39.942139,429276694,147247756,0,88,0,0,50#
18659,$JYJ,13331194029,20111101104056,116.449150,39.946033,429300969,147262084,15,346,0,0,50#
18857,$JYJ,13301214854,20111101104557,116.440247,39.940010,429268229,147239941,28,266,0,0,50#
76328,$JYJ,13311021074,20111101104858,116.443100,39.946785,429278727,147264909,0,0,0,0,50#
81365,$JYJ,13311489659,20111101104918,116.447998,39.941006,429296712,147243570,2,290,0,0,50#
85382,$JYJ,13331194361,20111101104927,116.444351,39.943039,429283335,147251062,0,4,0,0,50#
14459,$JYJ,13301127447,20111101105041,116.449234,39.943260,429301286,147251843,30,356,1,1,50#
29386,$JYJ,13301214226,20111101105113,116.445450,39.940044,429287350,147240034,6,252,1,1,50#
90213,$JYJ,13311489676,20111101105437,116.442184,39.944439,429275363,147256263,17,226,1,1,50#
65767,$JYJ,13311490905,20111101105317,116.444946,39.946537,429285531,147263963,12,262,1,1,50#
3146,$JYJ,13381069148,20111101105007,116.448784,39.943035,429299617,147251040,12,86,1,1,50#
80582,$JYJ,13301156469,20111101105925,116.449234,39.943070,429301262,147251157,4,14,2,0,50#
91110,$JYJ,13301164967,20111101105955,116.448883,39.942234,429299991,147248092,17,84,1,1,50#
62254,$JYJ,13301214244,20111101105823,116.446251,39.942135,429290327,147247745,2,0,0,0,50#
84882,$JYJ,13321174726,20111101105936,116.447533,39.941166,429295038,147244162,10,270,1,1,50#
23455,$JYJ,13370126496,20111101105617,116.442215,39.944511,429275470,147256521,0,230,0,0,50#
78541,$JYJ,13301155543,20111101110400,116.440201,39.941730,429268049,147246286,25,274,0,0,50#
31812,$JYJ,13301214244,20111101110141,116.449203,39.940838,429301146,147242940,15,162,1,1,50#
2009,$JYJ,13301214781,20111101110003,116.444099,39.943310,429282412,147252092,4,178,1,1,50#
80684,$JYJ,13331111471,20111101110407,116.442497,39.940029,429276480,147239986,21,272,0,0,50#
52613,$JYJ,13331154770,20111101110241,116.443214,39.946991,429279123,147265667,8,288,1,1,50#
20269,$JYJ,13381095414,20111101110105,116.444237,39.945950,429282882,147261798,8,344,0,0,50#
55072,$JYJ,13301150244,20111101110755,116.446281,39.942951,429290410,147250744,0,50,0,0,50#
32369,$JYJ,13301157645,20111101110644,116.444130,39.948200,429282492,147270105,0,0,0,0,50#
81202,$JYJ,13311431476,20111101110921,116.444351,39.946464,429283331,147263708,0,258,0,0,50#
59398,$JYJ,13311480749,20111101110807,116.448937,39.947086,429300182,147265975,0,246,0,0,50#
51175,$JYJ,13311486327,20111101110747,116.442452,39.940125,429276345,147240353,19,270,0,0,50#
6083,$JYJ,13331154954,20111101110519,116.443069,39.942127,429278603,147247733,0,154,1,1,50#
23116,$JYJ,13381153640,20111101110612,116.444183,39.940289,429282709,147240936,0,174,0,0,50#
9050,$JYJ,13311431081,20111101111024,116.442734,39.945312,429277393,147259455,0,300,1,1,50#
58033,$JYJ,13311431085,20111101111308,116.446350,39.944000,429290687,147254600,0,0,1,1,50#
88276,$JYJ,13311492322,20111101111441,116.443947,39.946510,429281829,147263865,13,324,0,0,50#
36580,$JYJ,13321180423,20111101111159,116.444435,39.946178,429283621,147262634,10,66,1,1,50#
20575,$JYJ,13331154748,20111101111108,116.441780,39.947643,429273881,147268071,0,152,0,0,50#
68028,$JYJ,13331185084,20111101111332,116.443169,39.946815,429278969,147265019,17,130,1,1,50#
71910,$JYJ,13301254163,20111101111909,116.449585,39.949665,429302567,147275474,0,214,0,0,50#
76678,$JYJ,13311431600,20111101111929,116.444183,39.942375,429282698,147248626,25,178,1,1,50#
77569,$JYJ,13311487212,20111101111937,116.449234,39.943447,429301258,147252549,28,356,1,1,50#
30852,$JYJ,13311492322,20111101111632,116.443367,39.946587,429279720,147264150,0,200,1,1,50#
47602,$JYJ,13311570401,20111101111726,116.443649,39.945198,429280755,147259051,13,2,1,1,50#
63551,$JYJ,13381066684,20111101111840,116.442299,39.947334,429275776,147266934,26,140,1,1,50#
13526,$JYJ,13301156747,20111101112038,116.440880,39.946464,429270553,147263716,8,336,0,0,50#
28556,$JYJ,13301214790,20111101112131,116.442703,39.941128,429277268,147244027,0,96,0,0,50#
16997,$JYJ,13311487117,20111101112057,116.447784,39.947125,429295936,147266122,0,98,0,0,50#
7905,$JYJ,13370129338,20111101112020,116.449097,39.949451,429300774,147274680,0,152,0,0,50#
47157,$JYJ,13301214218,20111101112727,116.444130,39.943478,429282512,147252680,0,188,1,1,50#
21356,$JYJ,13311489421,20111101112608,116.449814,39.946304,429303413,147263084,0,84,0,0,50#
27943,$JYJ,13311489556,20111101112622,116.445931,39.946613,429289133,147264228,0,280,0,0,50#
38471,$JYJ,13311492106,20111101112700,116.449219,39.942646,429301234,147249608,19,358,0,0,50#
30876,$JYJ,13321174593,20111101112632,116.441986,39.944763,429274616,147257432,0,184,0,0,50#
36584,$JYJ,13381095554,20111101112650,116.449448,39.949001,429302060,147273034,10,20,0,0,50#
68497,$JYJ,13311487219,20111101113321,116.446815,39.941078,429292387,147243822,2,332,0,0,50#
42156,$JYJ,13331093469,20111101113208,116.446465,39.944634,429291103,147256954,0,118,0,0,50#
47841,$JYJ,13331188704,20111101113225,116.449768,39.946423,429303232,147263496,13,62,0,0,50#
67922,$JYJ,13331188704,20111101113318,116.449852,39.946693,429303551,147264518,6,80,1,1,50#
69107,$JYJ,13381095554,20111101113324,116.444267,39.943699,429283023,147253512,0,54,1,1,50#
59082,$JYJ,13301209439,20111101113754,116.444183,39.942768,429282709,147250070,0,174,1,1,50#
97634,$JYJ,13301272172,20111101113947,116.447998,39.947010,429296750,147265705,0,86,0,0,50#
63174,$JYJ,13311453265,20111101113803,116.449837,39.946541,429303503,147263938,12,36,0,0,50#
81647,$JYJ,13311453265,20111101113826,116.449730,39.946560,429303118,147264032,6,100,1,1,50#
4784,$JYJ,13311495389,20111101113511,116.441963,39.940083,429274534,147240200,0,272,0,0,50#
75088,$JYJ,13321164531,20111101113838,116.449364,39.942810,429301748,147250200,2,6,0,0,50#
27505,$JYJ,13321199734,20111101113615,116.447067,39.943035,429293317,147251058,30,88,0,0,50#
90220,$JYJ,13301272172,20111101114429,116.449234,39.942791,429301278,147250143,13,176,1,1,50#
10489,$JYJ,13311162496,20111101114030,116.448448,39.943264,429298366,147251880,12,64,1,1,50#
91258,$JYJ,13311490922,20111101114430,116.448753,39.947144,429299523,147266178,2,150,0,0,50#
34107,$JYJ,13331093469,20111101114144,116.444252,39.945492,429282959,147260132,21,356,1,1,50#
87052,$JYJ,13311489688,20111101114919,116.447960,39.947456,429296596,147267342,0,0,0,0,50#
77427,$JYJ,13321174717,20111101114848,116.449249,39.949345,429301348,147274279,0,164,1,1,50#
84561,$JYJ,13331184807,20111101114909,116.444618,39.946159,429284292,147262587,19,82,1,1,50#
4544,$JYJ,13331194931,20111101114510,116.447853,39.941212,429296214,147244329,26,274,0,0,50#
65033,$JYJ,13321191492,20111101115317,116.449676,39.947117,429302902,147266061,0,0,0,0,50#
47541,$JYJ,13331194407,20111101115218,116.449120,39.949299,429300863,147274114,12,172,1,1,50#
65824,$JYJ,13301155949,20111101115819,116.441963,39.940010,429274523,147239909,6,270,1,1,50#
67308,$JYJ,13321191492,20111101115822,116.449272,39.942078,429301410,147247510,8,354,1,1,50#
47552,$JYJ,13311191495,20111101120222,116.440048,39.940136,429267503,147240413,25,84,0,0,50#
13049,$JYJ,13321164328,20111101120037,116.449615,39.947170,429302698,147266281,0,72,1,1,50#
8008,$JYJ,13311403375,20111101121028,116.446335,39.942867,429290627,147250431,23,176,1,1,50#
924,$JYJ,13311453311,20111101120959,116.446266,39.942219,429290382,147248054,0,6,0,0,50#
40193,$JYJ,13331156437,20111101121225,116.446571,39.946621,429291481,147264275,0,0,1,1,50#
61627,$JYJ,13301254252,20111101121859,116.449913,39.947136,429303794,147266137,17,78,0,0,50#
6552,$JYJ,13311488230,20111101121518,116.449264,39.946434,429301368,147263561,0,14,1,1,50#
61015,$JYJ,13311571479,20111101121856,116.449036,39.942543,429300547,147249221,19,350,1,1,50#
21488,$JYJ,13321164820,20111101121619,116.449364,39.943287,429301739,147251938,0,322,0,0,50#
39134,$JYJ,13321199487,20111101121736,116.444397,39.943596,429283504,147253134,25,172,1,1,50#
10000,$JYJ,13331194239,20111101121533,116.443352,39.946919,429279657,147265395,0,186,0,0,50#
26886,$JYJ,13311162488,20111101122138,116.440819,39.946186,429270344,147262687,0,8,0,0,50#
35439,$JYJ,13311191439,20111101122210,116.449066,39.942753,429300666,147249983,2,8,0,0,50#
42052,$JYJ,13311487104,20111101122239,116.445152,39.946514,429286281,147263876,12,246,1,1,50#
24359,$JYJ,13301272317,20111101122642,116.441414,39.944130,429272507,147255101,10,236,1,1,50#
46366,$JYJ,13311489562,20111101122809,116.449150,39.943504,429300984,147252745,8,356,1,1,50#
43435,$JYJ,13311403336,20111101123305,116.442970,39.947208,429278258,147266443,26,310,1,1,50#
27346,$JYJ,13321180447,20111101123158,116.442116,39.949570,429275116,147275175,0,92,0,0,50#
59237,$JYJ,13321174717,20111101123830,116.447784,39.946678,429295937,147264479,0,90,1,1,50#
48836,$JYJ,13301157245,20111101124243,116.441986,39.949600,429274619,147275273,8,288,1,1,50#
58411,$JYJ,13311453433,20111101124314,116.444031,39.945263,429282143,147259275,23,150,1,1,50#
41528,$JYJ,13311480698,20111101124221,116.447533,39.941231,429295030,147244396,0,266,0,0,50#
79642,$JYJ,13311487204,20111101124433,116.444313,39.941132,429283185,147244047,0,358,0,0,50#
48638,$JYJ,13311488149,20111101124242,116.442215,39.944626,429275463,147256930,0,198,0,0,50#
10368,$JYJ,13321199470,20111101124038,116.449432,39.949246,429302017,147273911,2,46,1,1,50#
44914,$JYJ,13301204827,20111101124727,116.449310,39.944794,429301535,147257500,0,0,1,1,50#
19172,$JYJ,13321164560,20111101124601,116.444145,39.945847,429282584,147261443,15,166,1,1,50#
65188,$JYJ,13331194388,20111101124835,116.443832,39.946838,429281430,147265078,0,326,0,0,50#
53811,$JYJ,13301127469,20111101125302,116.442566,39.947750,429276762,147268438,8,46,0,0,50#
66467,$JYJ,13301253467,20111101125342,116.441887,39.945332,429274240,147259542,6,278,1,1,50#
18217,$JYJ,13311486534,20111101125103,116.446854,39.946598,429292520,147264187,23,74,1,1,50#
52689,$JYJ,13331156443,20111101125259,116.441116,39.945149,429271418,147258858,17,280,1,1,50#
12357,$JYJ,13381069364,20111101125040,116.443649,39.946896,429280736,147265294,2,126,0,0,50#
16935,$JYJ,13381077400,20111101125056,116.448219,39.943398,429297544,147252355,25,22,0,0,50#
37319,$JYJ,13381077400,20111101125210,116.446602,39.943291,429291586,147251988,17,88,1,1,50#
3349,$JYJ,13321199406,20111101125508,116.449951,39.947205,429303898,147266405,0,254,1,1,50#
4560,$JYJ,13311492108,20111101130010,116.444115,39.946339,429282448,147263245,12,170,1,1,50#
55608,$JYJ,13311495188,20111101130318,116.448082,39.943058,429297056,147251108,13,88,1,1,50#
72065,$JYJ,13331154750,20111101130414,116.448082,39.941551,429297026,147245560,17,280,0,0,50#
31606,$JYJ,13331194649,20111101130144,116.449234,39.946308,429301298,147263092,0,96,0,0,50#
56334,$JYJ,13370126456,20111101130319,116.441704,39.944412,429273592,147256143,0,176,0,0,50#
63731,$JYJ,13370126456,20111101130343,116.441803,39.944340,429273956,147255903,6,208,1,1,50#
12519,$JYJ,13301104085,20111101130541,116.449150,39.946167,429300950,147262570,2,356,0,0,50#
39290,$JYJ,13301164943,20111101130705,116.444336,39.941311,429283279,147244711,0,0,0,0,50#
89474,$JYJ,13311431043,20111101130951,116.440369,39.943497,429268686,147252784,2,132,0,0,50#
57617,$JYJ,13311431545,20111101130803,116.449852,39.946285,429303532,147262991,13,2,0,0,50#
1317,$JYJ,13311453388,20111101130506,116.449318,39.946285,429301588,147263024,0,0,0,0,50#
56245,$JYJ,13311453418,20111101130803,116.444367,39.941158,429283369,147244129,0,0,0,0,50#
76081,$JYJ,13311453418,20111101130906,116.444367,39.942104,429283371,147247613,23,0,1,1,50#
83642,$JYJ,13311486301,20111101130904,116.445114,39.948528,429286141,147271302,8,28,0,0,50#
17452,$JYJ,13331154750,20111101130557,116.446617,39.941208,429291634,147244313,12,176,1,1,50#
22150,$JYJ,13331154844,20111101130612,116.449135,39.948288,429300895,147270394,23,172,0,0,50#
82836,$JYJ,13331154870,20111101130926,116.440781,39.944870,429270169,147257858,15,296,1,1,50#
13170,$JYJ,13301164943,20111101131036,116.448616,39.947010,429299016,147265700,21,80,1,1,50#
67006,$JYJ,13311022594,20111101131325,116.444282,39.944382,429283065,147256018,8,0,1,1,50#
59911,$JYJ,13311492076,20111101131304,116.443169,39.947048,429278967,147265869,2,326,0,0,50#
82654,$JYJ,13331184960,20111101131416,116.444168,39.945278,429282642,147259316,4,168,1,1,50#
50442,$JYJ,13331187744,20111101131231,116.442986,39.942554,429278317,147249314,8,86,1,1,50#
85351,$JYJ,13331194819,20111101131435,116.446899,39.943081,429292680,147251227,23,92,1,1,50#
5950,$JYJ,13301214042,20111101131522,116.448982,39.946522,429300340,147263896,15,358,1,1,50#
38376,$JYJ,13311486386,20111101131721,116.448585,39.949985,429298878,147276638,2,340,0,0,50#
74902,$JYJ,13311486386,20111101131912,116.448265,39.949993,429297696,147276684,21,130,1,1,50#
73266,$JYJ,13311489424,20111101131907,116.444351,39.942768,429283338,147250092,26,0,0,0,50#
91124,$JYJ,13321180453,20111101131955,116.442780,39.947983,429277528,147269323,0,276,0,0,50#
56165,$JYJ,13381100914,20111101131815,116.445831,39.946640,429288746,147264341,0,264,0,0,50#
73585,$JYJ,13381100914,20111101131904,116.445198,39.946548,429286431,147264014,0,284,1,1,50#
94268,$JYJ,13301208463,20111101132446,116.445236,39.944572,429286560,147256706,0,106,0,0,50#
41518,$JYJ,13311191477,20111101132205,116.444153,39.943722,429282595,147253595,2,170,1,1,50#
16675,$JYJ,13311489424,20111101132053,116.444801,39.946304,429284956,147263101,32,74,1,1,50#
49228,$JYJ,13321180453,20111101132235,116.442337,39.947659,429275923,147268126,0,260,1,1,50#
44575,$JYJ,13321183484,20111101132216,116.444450,39.945511,429283691,147260196,0,4,0,0,50#
65123,$JYJ,13311191421,20111101132822,116.448700,39.949821,429299336,147276042,13,310,0,0,50#
36877,$JYJ,13311492205,20111101132655,116.445236,39.949730,429286572,147275741,21,308,0,0,50#
10291,$JYJ,13321199794,20111101132531,116.445915,39.946602,429289091,147264213,8,252,1,1,50#
72336,$JYJ,13331194368,20111101132845,116.448585,39.946781,429298907,147264848,19,94,0,0,50#
95755,$JYJ,13370126420,20111101132951,116.443787,39.946579,429281258,147264124,0,310,0,0,50#
90006,$JYJ,13311191421,20111101133436,116.449364,39.943016,429301742,147250945,6,8,1,1,50#
33417,$JYJ,13311426040,20111101133141,116.440102,39.943043,429267675,147251111,6,224,0,0,50#
5103,$JYJ,13311486277,20111101133015,116.442230,39.948833,429275515,147272435,0,328,0,0,50#
53171,$JYJ,13331154899,20111101133239,116.449303,39.945538,429301509,147260254,21,0,0,0,50#
5423,$JYJ,13331194115,20111101133011,116.445931,39.944561,429289142,147256677,0,192,0,0,50#
39338,$JYJ,13331194115,20111101133155,116.444870,39.946419,429285248,147263518,21,78,1,1,50#
15209,$JYJ,13381083400,20111101133048,116.442368,39.947826,429276035,147268738,10,40,0,0,50#
29961,$JYJ,13301214783,20111101133634,116.449249,39.942928,429301313,147250625,10,156,1,1,50#
25190,$JYJ,13311431400,20111101133618,116.446083,39.949947,429289686,147276519,15,218,0,0,50#
49209,$JYJ,13311453495,20111101133740,116.444382,39.943897,429283427,147254223,0,0,0,0,50#
80591,$JYJ,13311486275,20111101133925,116.440102,39.942806,429267675,147250255,0,104,1,1,50#
12724,$JYJ,13321174611,20111101133538,116.449280,39.942989,429301449,147250861,0,358,0,0,50#
25397,$JYJ,13331154959,20111101133624,116.449280,39.942596,429301449,147249419,2,8,0,0,50#
11622,$JYJ,13311488167,20111101134036,116.444885,39.944523,429285296,147256558,6,0,0,0,50#
46482,$JYJ,13301214617,20111101134722,116.447937,39.946758,429296525,147264746,13,128,0,0,50#
18283,$JYJ,13301272038,20111101134553,116.444214,39.946831,429282802,147265051,21,250,0,0,50#
11454,$JYJ,13311162486,20111101134533,116.444199,39.946095,429282756,147262348,28,336,0,0,50#
63348,$JYJ,13311162486,20111101134815,116.443947,39.946396,429281833,147263467,25,302,1,1,50#
18485,$JYJ,13311453457,20111101134557,116.449280,39.946896,429301441,147265264,6,84,1,1,50#
63821,$JYJ,13311470377,20111101134820,116.444916,39.949902,429285409,147276357,0,0,0,0,50#
7842,$JYJ,13311480751,20111101134519,116.449303,39.942879,429301520,147250439,15,354,1,1,50#
23022,$JYJ,13331063457,20111101134611,116.449348,39.942619,429301713,147249506,17,178,0,0,50#
4221,$JYJ,13311403119,20111101135010,116.442146,39.947819,429275227,147268719,10,312,1,1,50#
10859,$JYJ,13311489696,20111101135036,116.449295,39.946499,429301514,147263791,8,172,0,0,50#
44652,$JYJ,13370129347,20111101135220,116.449264,39.944225,429301401,147255407,15,172,1,1,50#
82767,$JYJ,13301214241,20111101135932,116.449333,39.942757,429301634,147249990,0,6,0,0,50#
41061,$JYJ,13311403776,20111101135724,116.440247,39.945206,429268227,147259084,25,272,1,1,50#
15282,$JYJ,13311488126,20111101135551,116.441269,39.945187,429271987,147259026,12,260,1,1,50#
14052,$JYJ,13301214241,20111101140042,116.449387,39.942810,429301833,147250200,8,358,1,1,50#
24263,$JYJ,13331093426,20111101140119,116.449570,39.947395,429302494,147267097,19,244,1,1,50#
4656,$JYJ,13381069754,20111101140015,116.442383,39.945370,429276079,147259676,6,260,1,1,50#
59530,$JYJ,13311426022,20111101140836,116.444069,39.946583,429282279,147264156,10,326,1,1,50#
74869,$JYJ,13381101964,20111101140931,116.448364,39.946934,429298075,147265389,0,280,0,0,50#
42873,$JYJ,13301156149,20111101141221,116.444237,39.944958,429282879,147258164,17,172,1,1,50#
20152,$JYJ,13381069624,20111101141105,116.443451,39.946419,429280017,147263526,2,318,0,0,50#
57232,$JYJ,13301128422,20111101141756,116.448448,39.946621,429298381,147264237,15,82,0,0,50#
21090,$JYJ,13301174922,20111101141605,116.444000,39.945915,429282027,147261694,17,166,1,1,50#
2206,$JYJ,13311403224,20111101141500,116.449730,39.946049,429303109,147262137,8,154,1,1,50#
18122,$JYJ,13311489349,20111101141553,116.440750,39.948448,429270083,147271046,23,126,1,1,50#
13503,$JYJ,13311489628,20111101141535,116.447937,39.946831,429296522,147265038,13,68,1,1,50#
68213,$JYJ,13331194412,20111101141829,116.449181,39.946548,429301071,147263969,4,182,1,1,50#
66920,$JYJ,13370126426,20111101141838,116.447487,39.946877,429294853,147265212,21,260,1,1,50#
19065,$JYJ,13381100604,20111101141555,116.443314,39.946880,429279519,147265243,19,130,1,1,50#
81393,$JYJ,13301155174,20111101142403,116.444168,39.943775,429282632,147253787,10,326,0,0,50#
98337,$JYJ,13301155174,20111101142453,116.444153,39.942848,429282595,147250374,12,166,1,1,50#
63769,$JYJ,13301272207,20111101142306,116.445519,39.944492,429287596,147256429,19,254,0,0,50#
53440,$JYJ,13311403067,20111101142233,116.440750,39.941845,429270083,147246697,0,34,0,0,50#
81158,$JYJ,13331185084,20111101142400,116.448982,39.947380,429300345,147267032,0,46,0,0,50#
79633,$JYJ,13331194643,20111101142400,116.449127,39.946442,429300890,147263602,8,172,1,1,50#
23566,$JYJ,13301272019,20111101142610,116.442764,39.947208,429277487,147266447,0,298,0,0,50#
91640,$JYJ,13311453381,20111101142914,116.449654,39.947208,429302826,147266415,8,2,0,0,50#
59081,$JYJ,13311486293,20111101142759,116.446365,39.944336,429290749,147255837,15,174,0,0,50#
95282,$JYJ,13311495182,20111101142927,116.440430,39.948696,429268918,147271961,23,130,1,1,50#
10873,$JYJ,13381077407,20111101142532,116.444313,39.942676,429283200,147249736,21,4,0,0,50#
45628,$JYJ,13381077407,20111101142720,116.444603,39.946270,429284254,147262990,23,92,1,1,50#
23098,$JYJ,13301214530,20111101143059,116.449219,39.940975,429301232,147243428,17,172,1,1,50#
84242,$JYJ,13311403741,20111101143324,116.440468,39.943764,429269027,147253786,6,198,0,0,50#
42892,$JYJ,13311426098,20111101143150,116.444420,39.945572,429283592,147260429,12,346,0,0,50#
48606,$JYJ,13311480766,20111101143200,116.443283,39.946751,429279379,147264769,12,130,1,1,50#
32519,$JYJ,13311495005,20111101143120,116.444420,39.944630,429283570,147256952,21,354,1,1,50#
94989,$JYJ,13321164482,20111101143357,116.446327,39.946613,429290601,147264227,15,74,1,1,50#
16250,$JYJ,13321199943,20111101143040,116.443184,39.947033,429279035,147265800,0,314,0,0,50#
36389,$JYJ,13331159488,20111101143130,116.442368,39.947590,429276016,147267854,0,254,1,1,50#
67410,$JYJ,13331184799,20111101143245,116.449150,39.947266,429300957,147266632,6,350,0,0,50#
17236,$JYJ,13301204992,20111101143543,116.447365,39.943012,429294386,147250955,0,100,0,0,50#
36254,$JYJ,13301204992,20111101143631,116.447403,39.943008,429294550,147250947,12,72,1,1,50#
47517,$JYJ,13311431571,20111101143656,116.442581,39.947266,429276825,147266670,38,126,1,1,50#
80188,$JYJ,13311487204,20111101143822,116.448387,39.946838,429298183,147265041,23,84,0,0,50#
113254,$JYJ,13331159441,20111101143941,116.443298,39.947029,429279457,147265792,0,10,0,0,50#
98424,$JYJ,13331185104,20111101143848,116.444351,39.945431,429283304,147259894,34,8,0,0,50#
28549,$JYJ,13381083433,20111101143603,116.449303,39.943611,429301530,147253150,0,0,1,1,50#
56285,$JYJ,13301214127,20111101144219,116.443214,39.940041,429279136,147240044,0,268,1,1,50#
85818,$JYJ,13301214681,20111101144329,116.444351,39.946205,429283306,147262764,6,42,1,1,50#
94923,$JYJ,13311020604,20111101144353,116.442734,39.947941,429277388,147269166,19,46,0,0,50#
57013,$JYJ,13311564124,20111101144222,116.443665,39.946697,429280818,147264552,10,310,1,1,50#
84928,$JYJ,13331156416,20111101144327,116.449226,39.946617,429301256,147264216,12,174,0,0,50#
87115,$JYJ,13331156466,20111101144335,116.442131,39.942127,429275169,147247723,19,90,0,0,50#
35218,$JYJ,13331159441,20111101144131,116.443832,39.946388,429281395,147263435,6,164,1,1,50#
80375,$JYJ,13381063244,20111101144310,116.449249,39.946556,429301341,147264006,13,356,1,1,50#
30111,$JYJ,13311470400,20111101144614,116.444313,39.941574,429283200,147245661,26,358,1,1,50#
16704,$JYJ,13311470434,20111101144545,116.449234,39.944931,429301262,147258028,0,182,0,0,50#
5331,$JYJ,13331185104,20111101144510,116.449219,39.941757,429301237,147246331,10,180,1,1,50#
66841,$JYJ,13331187192,20111101144746,116.442467,39.944569,429276401,147256738,12,280,0,0,50#
101478,$JYJ,13301214626,20111101145414,116.449135,39.949242,429300911,147273916,0,328,0,0,50#
115943,$JYJ,13301214626,20111101145454,116.449120,39.949280,429300853,147274046,2,302,1,1,50#
10172,$JYJ,13311426291,20111101145026,116.440681,39.949322,429269805,147274264,19,36,1,1,50#
99328,$JYJ,13311426412,20111101145408,116.440735,39.941956,429270031,147247117,0,324,0,0,50#
87658,$JYJ,13321164763,20111101145340,116.442864,39.946869,429277864,147265192,0,136,1,1,50#
117873,$JYJ,13381095784,20111101145453,116.443199,39.942562,429279093,147249333,0,346,0,0,50#
104881,$JYJ,13301156341,20111101145921,116.446617,39.943039,429291637,147251075,0,86,2,0,50#
47924,$JYJ,13311403276,20111101145700,116.449348,39.943184,429301713,147251580,19,2,1,1,50#
66094,$JYJ,13311431216,20111101145743,116.443199,39.947033,429279074,147265817,19,308,1,1,50#
114449,$JYJ,13311431595,20111101145948,116.441048,39.945229,429271163,147259174,13,68,1,1,50#
75095,$JYJ,13331156427,20111101145806,116.449135,39.949719,429300931,147275682,21,314,0,0,50#
46406,$JYJ,13331194922,20111101145656,116.444115,39.943138,429282452,147251437,4,192,1,1,50#
109462,$JYJ,13370126492,20111101145933,116.449234,39.944546,429301282,147256583,0,178,0,0,50#
49865,$JYJ,13301156341,20111101150205,116.449219,39.942890,429301220,147250508,0,244,2,0,50#
106555,$JYJ,13311426232,20111101150436,116.449318,39.943275,429301569,147251923,0,354,1,1,50#
54323,$JYJ,13311486435,20111101150216,116.449249,39.941876,429301326,147246745,6,358,0,0,50#
38645,$JYJ,13311489353,20111101150138,116.446152,39.942349,429289934,147248519,0,184,0,0,50#
78699,$JYJ,13331194451,20111101150324,116.448433,39.940182,429298339,147240512,0,288,0,0,50#
36341,$JYJ,13370126492,20111101150125,116.449234,39.943123,429301285,147251359,10,180,1,1,50#
102581,$JYJ,13301214209,20111101150921,116.441994,39.945251,429274657,147259234,0,0,0,0,50#
101034,$JYJ,13301214850,20111101150915,116.444397,39.940208,429283482,147240646,0,356,0,0,50#
117700,$JYJ,13301214850,20111101150955,116.444397,39.940331,429283484,147241101,13,358,1,1,50#
91022,$JYJ,13311426413,20111101150850,116.449234,39.942959,429301271,147250761,21,356,0,0,50#
78655,$JYJ,13311487110,20111101150823,116.444870,39.946423,429285242,147263557,17,254,1,1,50#
3682,$JYJ,13331156466,20111101150505,116.449280,39.946648,429301431,147264354,0,0,1,1,50#
24656,$JYJ,13381066647,20111101150609,116.448532,39.941162,429298681,147244123,13,272,0,0,50#
26471,$JYJ,13311480717,20111101151110,116.449303,39.940281,429301529,147240889,0,352,1,1,50#
20674,$JYJ,13311480744,20111101151054,116.449837,39.947060,429303480,147265871,8,84,0,0,50#
19041,$JYJ,13311489645,20111101151047,116.442864,39.947430,429277869,147267286,0,82,0,0,50#
90768,$JYJ,13381153610,20111101151411,116.445549,39.946568,429287741,147264091,13,246,1,1,50#
87679,$JYJ,13301214209,20111101151843,116.441994,39.945251,429274672,147259237,0,0,0,0,50#
101963,$JYJ,13301214209,20111101151921,116.442108,39.945240,429275056,147259203,0,0,0,0,50#
23291,$JYJ,13311426420,20111101151603,116.445488,39.946480,429287521,147263739,17,242,1,1,50#
83213,$JYJ,13311480744,20111101151830,116.445267,39.946495,429286675,147263795,13,252,1,1,50#
11274,$JYJ,13311489645,20111101151528,116.444336,39.943127,429283262,147251390,8,176,1,1,50#
12531,$JYJ,13311566124,20111101151531,116.449150,39.942566,429300971,147249298,4,196,1,1,50#
55935,$JYJ,13331037114,20111101151725,116.444000,39.944172,429282048,147255270,21,182,0,0,50#
73741,$JYJ,13331037114,20111101151806,116.444054,39.943871,429282221,147254130,0,88,1,1,50#
85140,$JYJ,13331154914,20111101151834,116.444313,39.941101,429283178,147243925,0,10,0,0,50#
112539,$JYJ,13331154914,20111101151950,116.444313,39.941105,429283194,147243937,0,10,1,1,50#
35098,$JYJ,13370129332,20111101151631,116.442230,39.947735,429275514,147268412,6,314,1,1,50#
76598,$JYJ,13301138240,20111101152320,116.449234,39.946331,429301258,147263163,4,170,1,1,50#
89067,$JYJ,13301155485,20111101152353,116.440269,39.943466,429268294,147252690,8,226,1,1,50#
9120,$JYJ,13311162403,20111101152020,116.449532,39.948540,429302375,147271334,8,10,0,0,50#
65030,$JYJ,13311162403,20111101152245,116.449135,39.949219,429300920,147273834,28,218,1,1,50#
57608,$JYJ,13331194153,20111101152233,116.449020,39.946499,429300512,147263784,0,160,1,1,50#
24928,$JYJ,13311403323,20111101152603,116.449280,39.944420,429301452,147256131,0,200,0,0,50#
66650,$JYJ,13311403336,20111101152750,116.440384,39.940056,429268717,147240107,0,296,0,0,50#
37532,$JYJ,13311453316,20111101152632,116.443665,39.946983,429280805,147265615,2,310,0,0,50#
10881,$JYJ,13331187071,20111101152524,116.449913,39.946632,429303785,147264295,0,4,0,0,50#
77411,$JYJ,13331187192,20111101152815,116.440102,39.943367,429267704,147252321,12,234,1,1,50#
43903,$JYJ,13331194340,20111101152651,116.440918,39.945267,429270712,147259323,4,278,0,0,50#
22694,$JYJ,13381068994,20111101152558,116.449280,39.947628,429301425,147267972,0,158,0,0,50#
36067,$JYJ,13381068994,20111101152631,116.449303,39.947563,429301522,147267730,12,178,1,1,50#
8390,$JYJ,13301214268,20111101153021,116.449814,39.946724,429303429,147264607,12,252,1,1,50#
81062,$JYJ,13311489540,20111101153342,116.449532,39.949925,429302378,147276432,17,216,1,1,50#
58466,$JYJ,13331194407,20111101153240,116.449303,39.943298,429301549,147251991,23,350,1,1,50#
59133,$JYJ,13301214630,20111101153730,116.447647,39.946789,429295456,147264862,10,248,1,1,50#
36733,$JYJ,13301214726,20111101153635,116.444885,39.941204,429285292,147244311,4,234,0,0,50#
74149,$JYJ,13311487140,20111101153812,116.445869,39.946568,429288886,147264065,23,260,0,0,50#
107489,$JYJ,13331186649,20111101153940,116.445785,39.940002,429288607,147239880,19,268,1,1,50#
58224,$JYJ,13331194015,20111101153704,116.440384,39.948746,429268716,147272123,25,120,1,1,50#
101936,$JYJ,13331194407,20111101153923,116.449532,39.946777,429302384,147264820,0,106,0,0,50#
89755,$JYJ,13301214772,20111101154346,116.444336,39.942898,429283276,147250545,0,6,0,0,50#
64037,$JYJ,13311488182,20111101154239,116.443069,39.947071,429278593,147265942,26,308,1,1,50#
84083,$JYJ,13331184833,20111101154335,116.449402,39.947121,429301913,147266090,0,156,0,0,50#
69598,$JYJ,13301214247,20111101154751,116.449333,39.942753,429301646,147249990,0,12,1,1,50#
28575,$JYJ,13301254286,20111101154614,116.449234,39.949215,429301272,147273793,0,166,0,0,50#
54977,$JYJ,13311403735,20111101154618,116.449203,39.947075,429301144,147265914,0,84,0,0,50#
108300,$JYJ,13311453409,20111101154930,116.440750,39.945274,429270071,147259345,13,266,1,1,50#
48560,$JYJ,13331156422,20111101154700,116.443115,39.947449,429278792,147267351,10,36,0,0,50#
111447,$JYJ,13331185084,20111101154930,116.449249,39.947037,429301322,147265764,19,256,1,1,50#
105613,$JYJ,13331194320,20111101154917,116.446136,39.946621,429289901,147264264,2,266,0,0,50#
96568,$JYJ,13331194407,20111101154844,116.449883,39.946686,429303657,147264477,0,46,1,1,50#
93664,$JYJ,13370122409,20111101154847,116.445213,39.946610,429286482,147264218,2,234,0,0,50#
66439,$JYJ,13381083485,20111101154743,116.449264,39.945118,429301373,147258719,0,182,0,0,50#
110040,$JYJ,13301125545,20111101155433,116.449234,39.943428,429301270,147252488,10,182,1,1,50#
87689,$JYJ,13301214209,20111101155340,116.442070,39.945236,429274929,147259180,0,0,0,0,50#
90630,$JYJ,13301214209,20111101155349,116.442070,39.945236,429274934,147259206,0,0,1,1,50#
81079,$JYJ,13301214772,20111101155321,116.448830,39.946617,429299772,147264227,0,10,1,1,50#
92670,$JYJ,13311403375,20111101155349,116.444687,39.944523,429284563,147256551,0,284,0,0,50#
2283,$JYJ,13331184833,20111101155002,116.446182,39.941200,429290032,147244275,0,200,1,1,50#
70853,$JYJ,13301214170,20111101155800,116.446281,39.946548,429290419,147264016,0,84,0,0,50#
70382,$JYJ,13311403253,20111101155756,116.441887,39.945107,429274269,147258717,4,82,1,1,50#
49911,$JYJ,13311403375,20111101155705,116.444199,39.943089,429282738,147251263,6,244,1,1,50#
95974,$JYJ,13311426439,20111101155900,116.446899,39.943146,429292705,147251467,6,80,0,0,50#
113361,$JYJ,13311487146,20111101155946,116.449280,39.943138,429301443,147251418,19,2,1,1,50#
52300,$JYJ,13301204947,20111101160213,116.449264,39.941555,429301386,147245564,0,182,0,0,50#
1078,$JYJ,13311426439,20111101160001,116.447632,39.943138,429295382,147251429,10,86,1,1,50#
99810,$JYJ,13311431316,20111101160408,116.449463,39.949680,429302110,147275508,8,268,1,1,50#
57151,$JYJ,13311492089,20111101160223,116.447647,39.946446,429295449,147263616,0,80,0,0,50#
69940,$JYJ,13311495044,20111101160259,116.441101,39.945225,429271356,147259151,2,88,0,0,50#
100575,$JYJ,13311495044,20111101160416,116.441170,39.945267,429271605,147259301,0,86,1,1,50#
36089,$JYJ,13331194781,20111101160130,116.444580,39.946220,429284159,147262808,6,78,0,0,50#
98387,$JYJ,13311431405,20111101160906,116.449280,39.943169,429301450,147251515,10,356,1,1,50#
117321,$JYJ,13331184810,20111101160954,116.449753,39.949650,429303170,147275403,13,220,1,1,50#
1224,$JYJ,13301104097,20111101161001,116.443886,39.946735,429281612,147264700,12,314,0,0,50#
75062,$JYJ,13311020744,20111101161402,116.449234,39.946506,429301257,147263827,0,178,1,1,50#
64526,$JYJ,13321183485,20111101161344,116.442970,39.949425,429278239,147274632,0,0,0,0,50#
57680,$JYJ,13311426490,20111101162226,116.443603,39.946548,429280556,147264015,21,126,0,0,50#
53289,$JYJ,13331194284,20111101162215,116.444099,39.940525,429282374,147241804,0,166,0,0,50#
93671,$JYJ,13381095954,20111101162402,116.449348,39.941780,429301683,147246400,10,2,0,0,50#
21149,$JYJ,13381100864,20111101162052,116.441818,39.945240,429273995,147259210,0,92,0,0,50#
37674,$JYJ,13311403111,20111101162636,116.448364,39.949966,429298064,147276587,0,124,0,0,50#
97913,$JYJ,13311403111,20111101162906,116.445816,39.946751,429288698,147264758,12,302,1,1,50#
74686,$JYJ,13321164515,20111101162816,116.444336,39.940380,429283265,147241288,0,358,0,0,50#
86103,$JYJ,13321164906,20111101162843,116.444748,39.946289,429284794,147263047,21,74,1,1,50#
100112,$JYJ,13301204901,20111101163421,116.446465,39.946606,429291088,147264224,4,62,0,0,50#
23529,$JYJ,13311426490,20111101163101,116.441032,39.945183,429271102,147258988,8,262,1,1,50#
14629,$JYJ,13331184793,20111101163038,116.443680,39.946526,429280867,147263949,2,312,1,1,50#
56831,$JYJ,13311487256,20111101163821,116.444084,39.943008,429282346,147250968,10,168,1,1,50#
4541,$JYJ,13311020744,20111101164007,116.449234,39.946701,429301273,147264545,0,238,1,1,50#
77160,$JYJ,13321164906,20111101164316,116.449203,39.940037,429301162,147239979,0,156,0,0,50#
68978,$JYJ,13331154762,20111101164226,116.449783,39.947098,429303287,147266011,25,48,0,0,50#
46036,$JYJ,13331184793,20111101164158,116.444054,39.945595,429282232,147260500,4,342,0,0,50#
112360,$JYJ,13301156864,20111101164949,116.449219,39.946743,429301204,147264697,4,18,1,1,50#
69167,$JYJ,13301157413,20111101164755,116.449753,39.949944,429303171,147276488,0,350,0,0,50#
86069,$JYJ,13301157413,20111101164845,116.449951,39.949982,429303921,147276631,17,38,1,1,50#
25945,$JYJ,13311495237,20111101164603,116.442146,39.947628,429275233,147268021,15,298,1,1,50#
40300,$JYJ,13321199496,20111101164642,116.446030,39.946461,429289488,147263663,13,254,1,1,50#
29103,$JYJ,13370126444,20111101164613,116.444298,39.940373,429283113,147241234,21,358,1,1,50#
110926,$JYJ,13301155439,20111101165447,116.444237,39.944412,429282918,147256129,0,58,0,0,50#
85909,$JYJ,13301209489,20111101165338,116.449280,39.949238,429301428,147273894,0,172,0,0,50#
97425,$JYJ,13301209489,20111101165409,116.449280,39.949238,429301447,147273899,0,174,1,1,50#
64480,$JYJ,13301254103,20111101165246,116.440681,39.945145,429269842,147258876,0,268,0,0,50#
74623,$JYJ,13301272972,20111101165310,116.444099,39.942966,429282415,147250805,0,0,1,1,50#
74107,$JYJ,13311191407,20111101165312,116.442200,39.944794,429275387,147257558,4,204,0,0,50#
97538,$JYJ,13311191407,20111101165412,116.442307,39.945015,429275814,147258366,6,136,1,1,50#
84155,$JYJ,13331154969,20111101165338,116.449448,39.948196,429302048,147270050,4,206,0,0,50#
26881,$JYJ,13301155439,20111101165607,116.444252,39.944447,429282949,147256273,8,346,1,1,50#
101219,$JYJ,13311162430,20111101170439,116.446266,39.943283,429290365,147251978,2,354,0,0,50#
24600,$JYJ,13331194674,20111101170059,116.449264,39.940617,429301407,147242126,26,358,0,0,50#
25987,$JYJ,13381100794,20111101170103,116.449501,39.948555,429302239,147271378,2,38,0,0,50#
25470,$JYJ,13301214011,20111101170600,116.447784,39.946659,429295956,147264386,12,262,1,1,50#
40806,$JYJ,13311162430,20111101170644,116.449203,39.946125,429301149,147262432,2,226,1,1,50#
62934,$JYJ,13311486539,20111101170740,116.449219,39.940044,429301227,147239989,6,278,0,0,50#
113285,$JYJ,13311486539,20111101170940,116.449036,39.940083,429300542,147240134,0,332,1,1,50#
82395,$JYJ,13311489314,20111101170823,116.443985,39.946453,429281980,147263669,4,304,0,0,50#
30727,$JYJ,13331194674,20111101171115,116.445000,39.946243,429285713,147262868,19,256,1,1,50#
49778,$JYJ,13381096664,20111101171201,116.449303,39.947212,429301535,147266432,8,172,1,1,50#
61819,$JYJ,13301135456,20111101171732,116.446320,39.946304,429290551,147263090,6,180,0,0,50#
67744,$JYJ,13301135456,20111101171746,116.446236,39.946266,429290232,147262963,12,234,1,1,50#
58611,$JYJ,13311403753,20111101171723,116.449417,39.946312,429301929,147263097,8,350,1,1,50#
67048,$JYJ,13311492051,20111101171744,116.448937,39.949722,429300175,147275670,0,304,0,0,50#
45621,$JYJ,13331194497,20111101171656,116.446404,39.944653,429290881,147257003,2,224,0,0,50#
88085,$JYJ,13370122416,20111101171838,116.447487,39.946678,429294873,147264485,28,260,1,1,50#
33011,$JYJ,13370126467,20111101171625,116.440536,39.945259,429269271,147259288,17,266,0,0,50#
67671,$JYJ,13301135456,20111101172249,116.441032,39.945156,429271093,147258893,10,268,1,1,50#
32464,$JYJ,13331194497,20111101172122,116.449234,39.945713,429301272,147260909,0,2,1,1,50#
11860,$JYJ,13331194997,20111101172026,116.449303,39.946453,429301513,147263639,0,334,0,0,50#
61321,$JYJ,13331194997,20111101172229,116.449081,39.944824,429300725,147257609,15,182,1,1,50#
43383,$JYJ,13370122416,20111101172145,116.441948,39.944607,429274493,147256856,4,202,1,1,50#
76157,$JYJ,13301214424,20111101172807,116.440918,39.945324,429270704,147259507,6,270,0,0,50#
33320,$JYJ,13311486397,20111101172618,116.448784,39.946228,429299638,147262788,0,298,1,1,50#
13796,$JYJ,13311492167,20111101172535,116.442970,39.949200,429278231,147273780,2,226,0,0,50#
95703,$JYJ,13311576554,20111101172850,116.442299,39.947521,429275779,147267599,0,312,0,0,50#
117358,$JYJ,13311576554,20111101172947,116.441849,39.947788,429274119,147268611,23,308,1,1,50#
9457,$JYJ,13331187192,20111101172519,116.440002,39.942772,429267336,147250120,12,220,1,1,50#
9406,$JYJ,13321180420,20111101173023,116.446648,39.949844,429291786,147276151,15,36,0,0,50#
65822,$JYJ,13301157064,20111101173746,116.440636,39.943665,429269650,147253420,0,150,2,0,50#
77730,$JYJ,13311564347,20111101173815,116.444099,39.940937,429282411,147243343,25,176,0,0,50#
32552,$JYJ,13311582140,20111101173624,116.444420,39.943123,429283579,147251388,0,0,0,0,50#
112567,$JYJ,13311582140,20111101173940,116.444214,39.945869,429282797,147261517,0,170,1,1,50#
21914,$JYJ,13321164426,20111101174054,116.443230,39.948246,429279184,147270263,13,228,0,0,50#
74885,$JYJ,13311487218,20111101174810,116.441002,39.945385,429271007,147259755,15,270,0,0,50#
104970,$JYJ,13301153934,20111101175921,116.449478,39.947060,429302169,147265848,0,0,0,0,50#
118102,$JYJ,13301153934,20111101175953,116.449478,39.947060,429302190,147265876,0,0,0,0,50#
82895,$JYJ,13301214600,20111101175822,116.442131,39.944584,429275169,147256781,0,136,0,0,50#
70024,$JYJ,13311191448,20111101175755,116.446434,39.946594,429290980,147264182,0,82,0,0,50#
83343,$JYJ,13381069741,20111101175828,116.440292,39.945213,429268412,147259132,0,108,0,0,50#
110036,$JYJ,13381069741,20111101175934,116.440300,39.945213,429268402,147259110,0,0,1,1,50#
26056,$JYJ,13311191448,20111101180101,116.447304,39.946815,429294195,147264969,15,240,1,1,50#
35146,$JYJ,13311426425,20111101180114,116.448585,39.947006,429298887,147265677,17,258,1,1,50#
67089,$JYJ,13311486403,20111101180246,116.447464,39.943405,429294766,147252419,2,116,0,0,50#
119385,$JYJ,13311486403,20111101180453,116.448769,39.943199,429299547,147251628,0,138,1,1,50#
15836,$JYJ,13321180246,20111101180039,116.446518,39.941605,429291297,147245772,0,10,0,0,50#
90355,$JYJ,13311486394,20111101180840,116.449036,39.947250,429300552,147266554,0,210,0,0,50#
1766,$JYJ,13321180246,20111101180506,116.448914,39.942993,429300093,147250889,19,138,1,1,50#
105499,$JYJ,13331184793,20111101180921,116.445717,39.942947,429288360,147250731,2,92,0,0,50#
16720,$JYJ,13301164951,20111101181045,116.448700,39.949818,429299326,147276043,0,38,0,0,50#
53262,$JYJ,13301164951,20111101181211,116.448631,39.949879,429299079,147276266,17,310,1,1,50#
46493,$JYJ,13301184110,20111101181153,116.449631,39.942375,429302728,147248596,0,144,3,0,50#
26029,$JYJ,13311403051,20111101181105,116.449348,39.944336,429301707,147255806,4,356,1,1,50#
38015,$JYJ,13311403768,20111101181133,116.443565,39.946968,429280425,147265553,0,326,0,0,50#
79440,$JYJ,13311403768,20111101181317,116.443550,39.946987,429280371,147265625,8,316,1,1,50#
56233,$JYJ,13311486394,20111101181218,116.449120,39.946197,429300837,147262699,13,180,1,1,50#
29014,$JYJ,13331184793,20111101181112,116.446136,39.940579,429289863,147242009,21,174,1,1,50#
74873,$JYJ,13311495044,20111101181812,116.443481,39.945282,429280104,147259354,0,86,0,0,50#
52208,$JYJ,13301157545,20111101182206,116.449333,39.946270,429301631,147262940,0,346,0,0,50#
79913,$JYJ,13301157545,20111101182320,116.449234,39.946339,429301297,147263220,13,344,1,1,50#
17983,$JYJ,13331184995,20111101182045,116.445503,39.944538,429287544,147256607,28,254,1,1,50#
74721,$JYJ,13331194442,20111101182304,116.441902,39.947563,429274331,147267781,2,130,0,0,50#
90166,$JYJ,13370122472,20111101182335,116.448998,39.947006,429300398,147265656,10,256,1,1,50#
78329,$JYJ,13311453283,20111101182810,116.444237,39.946449,429282908,147263653,4,314,0,0,50#
62812,$JYJ,13311495044,20111101182734,116.444267,39.941093,429283023,147243894,0,2,1,1,50#
83509,$JYJ,13321164416,20111101182829,116.444031,39.946377,429282125,147263369,0,48,0,0,50#
44531,$JYJ,13331187028,20111101182650,116.446732,39.946446,429292060,147263616,0,62,0,0,50#
39419,$JYJ,13331194442,20111101182635,116.442917,39.947010,429278061,147265740,28,316,1,1,50#
59889,$JYJ,13331194848,20111101182730,116.442299,39.944763,429275789,147257457,0,308,0,0,50#
104014,$JYJ,13331194848,20111101182920,116.442917,39.944756,429278056,147257430,13,72,1,1,50#
13120,$JYJ,13301204842,20111101183034,116.440681,39.943943,429269825,147254433,0,204,0,0,50#
52406,$JYJ,13311453458,20111101183711,116.440559,39.945259,429269367,147259296,0,0,0,0,50#
57513,$JYJ,13321164606,20111101184221,116.444183,39.945728,429282701,147260994,2,180,0,0,50#
76665,$JYJ,13321164606,20111101184306,116.444153,39.945789,429282609,147261232,0,328,1,1,50#
97696,$JYJ,13331184780,20111101184359,116.447319,39.942783,429294236,147250100,2,92,0,0,50#
120624,$JYJ,13331184780,20111101184456,116.448082,39.942932,429297023,147250671,13,100,1,1,50#
77554,$JYJ,13311426199,20111101184814,116.444603,39.947605,429284246,147267915,19,256,1,1,50#
50664,$JYJ,13311453395,20111101184706,116.443298,39.945274,429279445,147259316,13,92,0,0,50#
91860,$JYJ,13311453395,20111101184848,116.443512,39.945240,429280231,147259205,0,0,1,1,50#
56080,$JYJ,13331159428,20111101184718,116.446434,39.946732,429290999,147264665,0,254,0,0,50#
47753,$JYJ,13370122423,20111101184700,116.444031,39.945808,429282137,147261293,6,176,0,0,50#
61447,$JYJ,13370122423,20111101184727,116.444000,39.945717,429282038,147260965,13,174,1,1,50#
35142,$JYJ,13301214209,20111101185129,116.442001,39.945248,429274698,147259247,0,0,0,0,50#
36623,$JYJ,13301214209,20111101185133,116.442001,39.945248,429274697,147259249,0,0,0,0,50#
38626,$JYJ,13301214209,20111101185138,116.442001,39.945248,429274673,147259220,0,0,0,0,50#
40404,$JYJ,13301214209,20111101185142,116.442001,39.945248,429274663,147259233,0,0,0,0,50#
84405,$JYJ,13301214209,20111101185328,116.442001,39.945248,429274699,147259230,0,0,0,0,50#
108848,$JYJ,13311426207,20111101185425,116.441063,39.946548,429271247,147264021,6,6,0,0,50#
28734,$JYJ,13311480740,20111101185111,116.440819,39.945225,429270342,147259156,0,94,0,0,50#
49074,$JYJ,13311480740,20111101185204,116.441032,39.944378,429271111,147256017,19,168,1,1,50#
27842,$JYJ,13311495179,20111101185108,116.449234,39.948982,429301272,147272935,0,8,0,0,50#
13554,$JYJ,13321174605,20111101185036,116.441734,39.947731,429273689,147268375,0,124,0,0,50#
56742,$JYJ,13321174605,20111101185223,116.443230,39.946758,429279196,147264778,19,126,1,1,50#
60436,$JYJ,13331093434,20111101185232,116.440498,39.943706,429269140,147253565,2,74,1,1,50#
28729,$JYJ,13331188740,20111101185110,116.440834,39.945278,429270403,147259369,10,262,1,1,50#
3687,$JYJ,13381069747,20111101185010,116.449913,39.949810,429303777,147276001,32,28,0,0,50#
60131,$JYJ,13381096564,20111101185228,116.445099,39.946472,429286057,147263731,0,272,0,0,50#
64279,$JYJ,13381096564,20111101185243,116.445099,39.946472,429286081,147263736,0,272,1,1,50#
18080,$JYJ,13301214849,20111101185545,116.440819,39.946220,429270335,147262833,17,348,0,0,50#
113650,$JYJ,13311453450,20111101185945,116.442085,39.947441,429274974,147267329,0,0,0,0,50#
28398,$JYJ,13311489407,20111101185614,116.442596,39.947392,429276865,147267144,2,318,0,0,50#
65776,$JYJ,13311489407,20111101185746,116.442184,39.947647,429275358,147268069,17,304,1,1,50#
75235,$JYJ,13311489582,20111101185809,116.448914,39.949646,429300119,147275417,15,306,1,1,50#
47556,$JYJ,13311162429,20111101190157,116.446152,39.946793,429289949,147264898,4,254,0,0,50#
108033,$JYJ,13311162429,20111101190427,116.445618,39.946671,429288002,147264460,2,278,1,1,50#
28704,$JYJ,13311495148,20111101190115,116.448830,39.946896,429299803,147265271,12,246,1,1,50#
70058,$JYJ,13321164883,20111101190255,116.441437,39.945305,429272584,147259463,0,274,1,1,50#
110072,$JYJ,13381077408,20111101190436,116.440231,39.943390,429268147,147252398,0,186,1,1,50#
85027,$JYJ,13301214255,20111101190829,116.442932,39.946903,429278111,147265342,15,340,1,1,50#
118478,$JYJ,13311403531,20111101190952,116.449249,39.949238,429301347,147273905,2,182,1,1,50#
86102,$JYJ,13311453219,20111101190837,116.442749,39.945370,429277440,147259663,0,90,0,0,50#
99808,$JYJ,13311492124,20111101190907,116.441086,39.946053,429271323,147262210,6,2,0,0,50#
8255,$JYJ,13331194897,20111101190522,116.449745,39.947144,429303140,147266185,0,0,0,0,50#
37047,$JYJ,13331194897,20111101190635,116.448616,39.946938,429298988,147265419,21,256,1,1,50#
96452,$JYJ,13331194897,20111101190902,116.443947,39.940014,429281828,147239940,0,0,0,0,50#
64995,$JYJ,13311453353,20111101191246,116.440880,39.945141,429270557,147258833,15,158,1,1,50#
10478,$JYJ,13311489630,20111101191029,116.449333,39.948818,429301647,147272332,17,6,0,0,50#
83114,$JYJ,13301156420,20111101191824,116.446983,39.943134,429293000,147251409,0,68,0,0,50#
112042,$JYJ,13301214209,20111101191938,116.441933,39.945175,429274435,147258970,0,0,0,0,50#
113340,$JYJ,13301214209,20111101191942,116.441933,39.945175,429274444,147258979,0,0,0,0,50#
37954,$JYJ,13301214433,20111101191630,116.443932,39.945187,429281769,147258981,2,88,1,1,50#
21101,$JYJ,13311403162,20111101191551,116.445084,39.946484,429286012,147263773,6,254,0,0,50#
44162,$JYJ,13311403162,20111101191647,116.445099,39.946491,429286079,147263804,6,246,1,1,50#
19198,$JYJ,13311489578,20111101191551,116.441437,39.945202,429272617,147259074,0,168,1,1,50#
110468,$JYJ,13311492194,20111101191934,116.449059,39.949577,429300639,147275149,15,296,0,0,50#
52379,$JYJ,13321174741,20111101191708,116.445534,39.946667,429287684,147264453,38,260,0,0,50#
94890,$JYJ,13311403531,20111101192353,116.441536,39.948040,429272972,147269536,15,130,1,1,50#
105530,$JYJ,13311490917,20111101192426,116.445999,39.946766,429289373,147264809,12,260,1,1,50#
102810,$JYJ,13311492194,20111101192419,116.447288,39.946751,429294130,147264743,43,258,1,1,50#
72857,$JYJ,13331154831,20111101192300,116.449020,39.940064,429300482,147240058,2,274,1,1,50#
40833,$JYJ,13331194266,20111101192144,116.444367,39.945904,429283390,147261626,6,352,0,0,50#
90248,$JYJ,13381063148,20111101192348,116.449249,39.943344,429301339,147252173,26,356,1,1,50#
76026,$JYJ,13301214209,20111101192807,116.441933,39.945175,429274447,147258967,0,0,0,0,50#
79417,$JYJ,13301214209,20111101192818,116.441933,39.945175,429274406,147258961,0,0,0,0,50#
76702,$JYJ,13331194266,20111101192812,116.449234,39.943325,429301260,147252112,13,180,1,1,50#
19493,$JYJ,13301209467,20111101193053,116.442017,39.944611,429274732,147256875,0,286,0,0,50#
95900,$JYJ,13311300704,20111101193358,116.440567,39.945263,429269396,147259283,0,52,0,0,50#
37929,$JYJ,13311426465,20111101193138,116.447777,39.947365,429295926,147267014,0,0,0,0,50#
39668,$JYJ,13311426465,20111101193142,116.447777,39.947365,429295918,147266989,0,0,0,0,50#
7033,$JYJ,13311453280,20111101193011,116.449219,39.946556,429301220,147264022,4,190,0,0,50#
34602,$JYJ,13311453280,20111101193130,116.449165,39.946491,429301013,147263754,0,182,1,1,50#
31588,$JYJ,13311470308,20111101193118,116.446617,39.949852,429291662,147276163,12,250,0,0,50#
80707,$JYJ,13311489386,20111101193318,116.447868,39.946911,429296245,147265335,0,258,1,1,50#
77522,$JYJ,13311489613,20111101193315,116.444069,39.943062,429282263,147251171,4,184,1,1,50#
14436,$JYJ,13331093407,20111101193037,116.444130,39.943829,429282525,147253976,0,196,0,0,50#
78540,$JYJ,13331194999,20111101193318,116.449455,39.949726,429302081,147275680,0,0,1,1,50#
119872,$JYJ,13301157334,20111101193955,116.442452,39.947647,429276321,147268073,0,34,0,0,50#
50642,$JYJ,13311426465,20111101193706,116.447777,39.947365,429295899,147266993,0,0,0,0,50#
58641,$JYJ,13311426465,20111101193726,116.447960,39.947498,429296597,147267495,0,0,0,0,50#
60414,$JYJ,13311426465,20111101193730,116.447960,39.947498,429296606,147267485,0,0,0,0,50#
102758,$JYJ,13311453306,20111101193912,116.449837,39.949795,429303481,147275927,19,220,1,1,50#
103374,$JYJ,13311470313,20111101193918,116.447761,39.947407,429295874,147267150,0,0,0,0,50#
68014,$JYJ,13311480650,20111101193749,116.444061,39.946171,429282246,147262627,6,128,1,1,50#
77929,$JYJ,13311486483,20111101193815,116.441948,39.944782,429274502,147257519,10,326,0,0,50#
72693,$JYJ,13311486555,20111101193802,116.445251,39.946137,429286615,147262487,0,312,0,0,50#
92578,$JYJ,13311486555,20111101193851,116.445000,39.946205,429285725,147262732,12,244,1,1,50#
115858,$JYJ,13311489615,20111101193947,116.449402,39.948978,429301879,147272951,0,16,0,0,50#
3386,$JYJ,13321199406,20111101193507,116.449684,39.946983,429302921,147265593,17,84,0,0,50#
39464,$JYJ,13331187103,20111101193638,116.440964,39.944565,429270874,147256712,30,198,0,0,50#
49651,$JYJ,13381077447,20111101193700,116.445984,39.946659,429289306,147264414,2,90,0,0,50#
102829,$JYJ,13381077447,20111101193911,116.447037,39.946979,429293180,147265599,2,266,1,1,50#
50327,$JYJ,13301214772,20111101194206,116.449547,39.945835,429302421,147261331,17,356,1,1,50#
111338,$JYJ,13311431189,20111101194434,116.443100,39.946987,429278734,147265648,17,312,1,1,50#
50241,$JYJ,13321174892,20111101194209,116.443901,39.946548,429281681,147264004,8,308,1,1,50#
60526,$JYJ,13331093492,20111101194230,116.444481,39.946106,429283820,147262375,0,162,1,1,50#
117396,$JYJ,13331194158,20111101194456,116.449150,39.947010,429300974,147265697,0,274,0,0,50#
4123,$JYJ,13311162405,20111101194507,116.448898,39.949493,429300039,147274844,2,166,0,0,50#
56089,$JYJ,13311162405,20111101194720,116.448952,39.947796,429300247,147268566,0,222,1,1,50#
7830,$JYJ,13311426422,20111101194516,116.440933,39.945175,429270757,147258959,19,280,0,0,50#
25499,$JYJ,13311431123,20111101194602,116.444252,39.945644,429282942,147260693,23,176,1,1,50#
97800,$JYJ,13331188542,20111101194902,116.448585,39.948673,429298883,147271830,6,242,0,0,50#
73518,$JYJ,13381077427,20111101194805,116.444115,39.943600,429282464,147253152,0,180,0,0,50#
83711,$JYJ,13301156814,20111101195331,116.448463,39.948723,429298425,147271986,4,276,0,0,50#
38839,$JYJ,13301214209,20111101195140,116.441933,39.945175,429274419,147258967,0,0,0,0,50#
69074,$JYJ,13301254129,20111101195253,116.444168,39.945713,429282643,147260949,19,176,1,1,50#
45424,$JYJ,13311300704,20111101195153,116.440735,39.943539,429270030,147252927,19,208,1,1,50#
48925,$JYJ,13311487204,20111101195206,116.441063,39.944931,429271241,147258059,0,288,0,0,50#
70282,$JYJ,13311487204,20111101195301,116.441414,39.944454,429272512,147256296,121,112,3,0,50#
13490,$JYJ,13331156447,20111101195032,116.442131,39.947617,429275153,147267957,6,52,0,0,50#
40680,$JYJ,13301254306,20111101195658,116.449020,39.949558,429300494,147275077,10,126,1,1,50#
55152,$JYJ,13311403143,20111101195753,116.444847,39.944447,429285128,147256262,0,138,0,0,50#
95697,$JYJ,13311426422,20111101195939,116.440552,39.941677,429269365,147246093,0,0,0,0,50#
28642,$JYJ,13321164472,20111101195611,116.447647,39.946594,429295460,147264173,12,236,1,1,50#
42499,$JYJ,13331194099,20111101195705,116.449234,39.943539,429301259,147252885,2,178,1,1,50#
45296,$JYJ,13381102204,20111101195720,116.441681,39.945152,429273506,147258870,0,198,0,0,50#
43114,$JYJ,13311403753,20111101200149,116.449280,39.940937,429301438,147243275,23,2,0,0,50#
108991,$JYJ,13311403753,20111101200433,116.445732,39.946312,429288405,147263138,8,260,1,1,50#
98868,$JYJ,13321164504,20111101200405,116.443169,39.947048,429278956,147265850,17,310,1,1,50#
85391,$JYJ,13301104013,20111101200839,116.445717,39.946602,429288328,147264195,28,268,1,1,50#
46499,$JYJ,13301157143,20111101200657,116.444382,39.942844,429283445,147250350,34,164,1,1,50#
6107,$JYJ,13301214257,20111101200512,116.449249,39.946548,429301312,147263993,8,350,1,1,50#
84809,$JYJ,13301214257,20111101200835,116.441818,39.944698,429273995,147257194,8,312,0,0,50#
73385,$JYJ,13311403487,20111101200804,116.449463,39.948170,429302141,147269949,13,270,0,0,50#
84453,$JYJ,13311431348,20111101200831,116.447647,39.943081,429295421,147251201,0,98,0,0,50#
76489,$JYJ,13311488229,20111101200814,116.444214,39.943661,429282836,147253365,0,184,0,0,50#
95972,$JYJ,13331185947,20111101200858,116.449463,39.946987,429302140,147265592,0,10,0,0,50#
94029,$JYJ,13331194230,20111101200855,116.448097,39.946896,429297096,147265280,0,58,0,0,50#
21477,$JYJ,13301214257,20111101201057,116.440819,39.945293,429270320,147259422,8,130,1,1,50#
114323,$JYJ,13311301084,20111101201441,116.446236,39.942623,429290265,147249544,0,20,0,0,50#
4671,$JYJ,13311403100,20111101201010,116.443535,39.943661,429280325,147253359,12,146,0,0,50#
67100,$JYJ,13311426349,20111101201248,116.449295,39.948216,429301494,147270129,10,358,1,1,50#
115268,$JYJ,13321174756,20111101201442,116.443298,39.946815,429279457,147264999,12,134,1,1,50#
82948,$JYJ,13331154934,20111101201326,116.443337,39.945324,429279573,147259522,13,268,0,0,50#
82491,$JYJ,13331159489,20111101201324,116.449249,39.943157,429301334,147251493,17,358,1,1,50#
77594,$JYJ,13331194918,20111101201311,116.443916,39.945137,429281717,147258807,2,158,0,0,50#
2180,$JYJ,13301125486,20111101201507,116.444115,39.945793,429282461,147261220,8,146,0,0,50#
66715,$JYJ,13311022664,20111101201744,116.443100,39.946861,429278711,147265160,6,150,1,1,50#
25637,$JYJ,13311301084,20111101201603,116.446220,39.942623,429290190,147249521,4,350,1,1,50#
59310,$JYJ,13311426458,20111101202226,116.443466,39.947987,429280066,147269332,21,318,0,0,50#
29484,$JYJ,13321174662,20111101202112,116.443535,39.946800,429280301,147264948,4,272,1,1,50#
77864,$JYJ,13301214565,20111101202810,116.444130,39.944550,429282517,147256662,15,178,1,1,50#
88294,$JYJ,13311403332,20111101202837,116.444801,39.946339,429284976,147263250,15,82,1,1,50#
83341,$JYJ,13311426458,20111101202824,116.449051,39.948643,429300611,147271704,25,180,1,1,50#
22028,$JYJ,13311431096,20111101202553,116.440735,39.944988,429270041,147258271,10,240,1,1,50#
22210,$JYJ,13311431096,20111101202555,116.440666,39.944992,429269757,147258288,12,264,0,0,50#
20035,$JYJ,13311486459,20111101202552,116.444298,39.945789,429283131,147261218,12,182,1,1,50#
110201,$JYJ,13331192214,20111101202934,116.441063,39.944607,429271238,147256861,17,338,0,0,50#
51848,$JYJ,13311020094,20111101203209,116.441170,39.946949,429271609,147265524,0,0,0,0,50#
35671,$JYJ,13311489532,20111101203128,116.444282,39.944363,429283050,147255956,8,254,1,1,50#
100729,$JYJ,13311492194,20111101203414,116.449448,39.947300,429302042,147266742,12,18,0,0,50#
26657,$JYJ,13331184799,20111101203106,116.449966,39.940006,429303962,147239863,0,248,0,0,50#
41298,$JYJ,13331184799,20111101203142,116.449249,39.940025,429301324,147239926,2,258,1,1,50#
28993,$JYJ,13381069745,20111101203115,116.449364,39.947136,429301767,147266138,0,280,0,0,50#
32958,$JYJ,13301214208,20111101203619,116.449318,39.943085,429301597,147251220,13,352,1,1,50#
45749,$JYJ,13301214426,20111101203653,116.444115,39.943562,429282449,147253015,0,176,0,0,50#
14761,$JYJ,13311426468,20111101203540,116.441513,39.948154,429272867,147269953,15,310,0,0,50#
120254,$JYJ,13311486474,20111101203959,116.440369,39.941784,429268677,147246484,2,284,0,0,50#
34110,$JYJ,13311492194,20111101203628,116.449348,39.947723,429301688,147268321,0,0,1,1,50#
96151,$JYJ,13311495140,20111101203855,116.442436,39.944492,429276272,147256451,4,190,0,0,50#
51775,$JYJ,13381100174,20111101203706,116.444153,39.945309,429282595,147259429,0,150,1,1,50#
71663,$JYJ,13301214426,20111101204316,116.445984,39.946735,429289332,147264700,28,78,1,1,50#
63854,$JYJ,13311453394,20111101204255,116.449203,39.949131,429301156,147273511,6,162,1,1,50#
14519,$JYJ,13311487242,20111101204050,116.446320,39.943871,429290549,147254137,0,2,0,0,50#
72310,$JYJ,13311470475,20111101204801,116.443069,39.947021,429278630,147265759,10,126,1,1,50#
96994,$JYJ,13311495388,20111101204905,116.449341,39.946796,429301672,147264909,34,178,0,0,50#
117984,$JYJ,13311495388,20111101204959,116.449211,39.946480,429301205,147263738,15,176,1,1,50#
48829,$JYJ,13321164805,20111101204706,116.449684,39.949677,429302913,147275507,12,36,1,1,50#
18679,$JYJ,13321174803,20111101204551,116.444382,39.946243,429283449,147262880,2,166,1,1,50#
85090,$JYJ,13331194922,20111101204837,116.442452,39.947437,429276353,147267317,0,308,1,1,50#
42639,$JYJ,13381066684,20111101204646,116.446297,39.946705,429290487,147264562,26,74,1,1,50#
96977,$JYJ,13301254282,20111101205404,116.449669,39.946369,429302865,147263325,8,32,0,0,50#
102101,$JYJ,13311488246,20111101205419,116.440941,39.945202,429270772,147259079,0,32,0,0,50#
19430,$JYJ,13301254069,20111101205549,116.440170,39.948643,429267951,147271747,0,130,0,0,50#
85558,$JYJ,13301254069,20111101205832,116.443817,39.945938,429281367,147261777,13,162,1,1,50#
53940,$JYJ,13301254282,20111101205404,116.449669,39.946369,429302859,147263307,8,32,0,0,50#
15221,$JYJ,13301272202,20111101205536,116.440468,39.948837,429269044,147272477,21,312,1,1,50#
34681,$JYJ,13311162480,20111101205632,116.449615,39.947533,429302691,147267620,8,74,1,1,50#
52773,$JYJ,13311488246,20111101205716,116.444160,39.943455,429282627,147252616,6,178,1,1,50#
35342,$JYJ,13311490932,20111101205634,116.443451,39.944916,429280000,147258004,30,252,0,0,50#
7008,$JYJ,13321174643,20111101205516,116.441864,39.944332,429274152,147255872,2,4,0,0,50#
115278,$JYJ,13321174643,20111101205946,116.440849,39.945126,429270443,147258800,2,276,1,1,50#
21556,$JYJ,13311403253,20111101210050,116.449219,39.944210,429301226,147255351,4,176,1,1,50#
3363,$JYJ,13311453318,20111101210007,116.442085,39.945122,429274995,147258777,21,178,0,0,50#
92858,$JYJ,13311453374,20111101210352,116.442245,39.947464,429275594,147267410,21,128,1,1,50#
77071,$JYJ,13321164514,20111101210311,116.444298,39.943596,429283145,147253137,34,176,0,0,50#
95671,$JYJ,13321164514,20111101210356,116.444336,39.943245,429283262,147251827,0,180,1,1,50#
109052,$JYJ,13321164539,20111101210427,116.444282,39.945522,429283080,147260243,19,172,1,1,50#
8747,$JYJ,13301214146,20111101210521,116.442146,39.944683,429275214,147257152,10,210,0,0,50#
28243,$JYJ,13301214146,20111101210610,116.442146,39.944630,429275212,147256959,12,228,1,1,50#
113798,$JYJ,13311486587,20111101210946,116.448990,39.947197,429300380,147266357,0,0,0,0,50#
13190,$JYJ,13331194836,20111101210536,116.448799,39.946648,429299691,147264361,8,106,0,0,50#
55857,$JYJ,13331194836,20111101210721,116.449280,39.944260,429301463,147255545,10,8,1,1,50#
13304,$JYJ,13311162406,20111101211035,116.447823,39.947315,429296107,147266830,0,0,0,0,50#
39225,$JYJ,13311162406,20111101211139,116.449211,39.946365,429301190,147263312,0,0,0,0,50#
41157,$JYJ,13311162406,20111101211143,116.449211,39.946365,429301202,147263295,0,0,0,0,50#
62667,$JYJ,13311162406,20111101211237,116.449211,39.946365,429301207,147263313,0,0,0,0,50#
67032,$JYJ,13311162406,20111101211248,116.449173,39.946369,429301041,147263328,6,162,1,1,50#
21318,$JYJ,13311486587,20111101211056,116.448982,39.947071,429300357,147265915,10,248,1,1,50#
35398,$JYJ,13321174838,20111101211126,116.443886,39.940048,429281622,147240067,12,72,1,1,50#
6771,$JYJ,13331159426,20111101211013,116.443115,39.946957,429278777,147265526,0,306,0,0,50#
109555,$JYJ,13331159426,20111101211430,116.448502,39.947113,429298569,147266062,8,118,1,1,50#
32882,$JYJ,13331194997,20111101211118,116.449150,39.941250,429300973,147244453,19,174,1,1,50#
32861,$JYJ,13370122425,20111101211121,116.449532,39.947128,429302351,147266124,0,236,0,0,50#
104142,$JYJ,13381063242,20111101211420,116.442436,39.947620,429276282,147267964,32,52,1,1,50#
32109,$JYJ,13311426073,20111101211617,116.440201,39.942978,429268048,147250863,0,188,0,0,50#
41662,$JYJ,13311426073,20111101211634,116.440132,39.942989,429267784,147250915,8,198,1,1,50#
43773,$JYJ,13311453365,20111101211644,116.444420,39.946217,429283568,147262774,0,56,1,1,50#
109952,$JYJ,13301208433,20111101212426,116.444099,39.943436,429282401,147252543,17,178,0,0,50#
95362,$JYJ,13301254075,20111101212351,116.442299,39.947441,429275785,147267328,21,130,1,1,50#
89358,$JYJ,13311486430,20111101212334,116.449219,39.946613,429301215,147264205,13,10,1,1,50#
112963,$JYJ,13331063422,20111101212435,116.449364,39.947380,429301745,147267033,10,178,1,1,50#
91320,$JYJ,13331194713,20111101212343,116.448937,39.948418,429300169,147270885,0,274,0,0,50#
19499,$JYJ,13331194713,20111101212551,116.449585,39.946575,429302562,147264059,23,178,1,1,50#
13243,$JYJ,13301164951,20111101213026,116.449203,39.947342,429301158,147266891,23,86,0,0,50#
36070,$JYJ,13301214269,20111101213129,116.449951,39.946571,429303936,147264063,6,42,0,0,50#
92171,$JYJ,13311211346,20111101213341,116.448883,39.946941,429299994,147265445,25,254,1,1,50#
94183,$JYJ,13311486518,20111101213351,116.440361,39.948700,429268652,147271957,15,126,1,1,50#
103214,$JYJ,13311162486,20111101213914,116.442146,39.944836,429275222,147257722,2,104,0,0,50#
46187,$JYJ,13311453365,20111101213653,116.444519,39.947025,429283942,147265757,0,102,0,0,50#
83469,$JYJ,13311453365,20111101213827,116.444649,39.947021,429284397,147265756,0,86,1,1,50#
87799,$JYJ,13311486231,20111101213838,116.446167,39.942070,429290012,147247499,0,188,0,0,50#
87234,$JYJ,13311487114,20111101213841,116.449364,39.949058,429301768,147273242,12,168,1,1,50#
56234,$JYJ,13311488229,20111101213721,116.441353,39.940029,429272290,147239998,2,86,0,0,50#
24971,$JYJ,13381078244,20111101213606,116.440720,39.945217,429269951,147259142,10,88,1,1,50#
8155,$JYJ,13311162486,20111101214020,116.442551,39.944664,429276708,147257075,17,258,1,1,50#
80809,$JYJ,13311576934,20111101214322,116.449318,39.944378,429301594,147255971,8,354,1,1,50#
32810,$JYJ,13331154811,20111101214123,116.449318,39.946258,429301598,147262909,19,174,1,1,50#
90323,$JYJ,13301156514,20111101214842,116.443481,39.946785,429280106,147264907,2,322,0,0,50#
106241,$JYJ,13301156514,20111101214927,116.443436,39.946831,429279966,147265072,12,298,1,1,50#
55844,$JYJ,13311403285,20111101215217,116.449966,39.946632,429303985,147264289,0,54,1,1,50#
67926,$JYJ,13311470462,20111101215252,116.449173,39.946510,429301048,147263853,2,146,0,0,50#
96453,$JYJ,13311470462,20111101215402,116.449730,39.947056,429303101,147265845,2,232,1,1,50#
97766,$JYJ,13321183421,20111101215406,116.440536,39.944786,429269311,147257527,4,358,0,0,50#
85166,$JYJ,13301125445,20111101215834,116.443886,39.943043,429281627,147251081,8,174,1,1,50#
62500,$JYJ,13311403538,20111101215737,116.448097,39.944775,429297102,147257441,0,290,0,0,50#
115856,$JYJ,13311403538,20111101215946,116.449333,39.946613,429301628,147264230,0,0,1,1,50#
79841,$JYJ,13311495341,20111101215823,116.449646,39.949677,429302783,147275522,23,218,0,0,50#
30538,$JYJ,13321174620,20111101215620,116.445702,39.946537,429288288,147263961,0,186,0,0,50#
46541,$JYJ,13321174620,20111101215656,116.445137,39.946522,429286193,147263913,2,264,1,1,50#
112049,$JYJ,13331156462,20111101215942,116.444176,39.945580,429282671,147260453,32,176,0,0,50#
68702,$JYJ,13301214844,20111101220750,116.442848,39.947350,429277789,147266984,0,312,0,0,50#
104401,$JYJ,13301214844,20111101220912,116.442635,39.947475,429276994,147267456,10,302,1,1,50#
2851,$JYJ,13331156462,20111101220509,116.441177,39.945244,429271629,147259237,17,88,1,1,50#
119132,$JYJ,13311403051,20111101221457,116.446236,39.946579,429290234,147264109,15,348,0,0,50#
52777,$JYJ,13311426291,20111101221212,116.445366,39.949532,429287040,147275016,0,230,0,0,50#
83020,$JYJ,13311431019,20111101221332,116.444153,39.945873,429282601,147261520,15,160,1,1,50#
47691,$JYJ,13311470465,20111101221202,116.442184,39.947468,429275365,147267417,19,128,1,1,50#
1428,$JYJ,13311563924,20111101220959,116.445251,39.946369,429286648,147263361,26,72,0,0,50#
67525,$JYJ,13311563924,20111101221248,116.444885,39.946281,429285305,147263013,21,76,1,1,50#
117771,$JYJ,13321180104,20111101221456,116.442047,39.947567,429274869,147267769,10,132,1,1,50#
72459,$JYJ,13301277590,20111101221758,116.443787,39.948849,429281240,147272491,0,120,0,0,50#
47678,$JYJ,13311403051,20111101221655,116.444069,39.946045,429282286,147262175,10,166,1,1,50#
117620,$JYJ,13311426413,20111101221946,116.449654,39.949596,429302803,147275214,15,224,1,1,50#
20102,$JYJ,13311487237,20111101221547,116.442566,39.947434,429276744,147267275,12,310,0,0,50#
31287,$JYJ,13311487237,20111101221618,116.442100,39.947708,429275058,147268294,36,310,1,1,50#
103633,$JYJ,13331154868,20111101222413,116.444099,39.943928,429282378,147254353,21,178,0,0,50#
93681,$JYJ,13381063174,20111101222353,116.444168,39.945286,429282655,147259359,12,262,1,1,50#
98681,$JYJ,13301254253,20111101222906,116.449333,39.947605,429301649,147267860,10,42,1,1,50#
93381,$JYJ,13321174768,20111101222852,116.448967,39.940010,429300304,147239878,0,272,1,1,50#
65951,$JYJ,13321164864,20111101223249,116.449097,39.947182,429300765,147266310,19,330,0,0,50#
51313,$JYJ,13370126463,20111101223209,116.443802,39.946346,429281311,147263276,0,120,0,0,50#
119592,$JYJ,13370126463,20111101223454,116.443481,39.945213,429280138,147259089,21,92,1,1,50#
25004,$JYJ,13311431188,20111101223605,116.446320,39.944214,429290565,147255384,0,190,0,0,50#
96377,$JYJ,13311431188,20111101223859,116.446114,39.940010,429289813,147239909,12,234,1,1,50#
93090,$JYJ,13311566754,20111101223847,116.449982,39.946663,429304019,147264397,6,72,0,0,50#
104792,$JYJ,13311566754,20111101223916,116.449997,39.946671,429304092,147264410,0,72,1,1,50#
66027,$JYJ,13381235421,20111101223749,116.449654,39.946548,429302805,147263971,10,50,0,0,50#
113297,$JYJ,13381235421,20111101223945,116.449417,39.946835,429301942,147265046,6,42,1,1,50#
47984,$JYJ,13301214212,20111101224158,116.449348,39.946766,429301693,147264793,0,182,0,0,50#
82916,$JYJ,13301214212,20111101224319,116.448898,39.946304,429300025,147263082,12,168,1,1,50#
49592,$JYJ,13311431145,20111101224158,116.449463,39.946438,429302139,147263566,0,172,2,0,50#
56328,$JYJ,13311568453,20111101224218,116.440681,39.945270,429269818,147259310,6,78,1,1,50#
11061,$JYJ,13331093421,20111101224029,116.449280,39.947891,429301446,147268929,2,174,0,0,50#
28300,$JYJ,13331093421,20111101224114,116.449333,39.947792,429301642,147268578,30,174,1,1,50#
97845,$JYJ,13331159489,20111101224358,116.448898,39.946571,429300030,147264054,12,166,1,1,50#
7842,$JYJ,13381096664,20111101224015,116.449448,39.946953,429302075,147265478,8,80,1,1,50#
45840,$JYJ,13301214103,20111101224647,116.447098,39.946518,429293412,147263871,23,256,0,0,50#
74369,$JYJ,13301214103,20111101224801,116.444183,39.945381,429282720,147259718,17,174,1,1,50#
64575,$JYJ,13301155341,20111101225235,116.448784,39.947083,429299632,147265967,26,252,1,1,50#
36646,$JYJ,13311566754,20111101225133,116.449280,39.949246,429301427,147273921,0,182,1,1,50#
99198,$JYJ,13331156461,20111101230410,116.441170,39.945385,429271621,147259752,2,202,0,0,50#
78475,$JYJ,13381102734,20111101230317,116.443802,39.948761,429281307,147272174,17,40,0,0,50#
95440,$JYJ,13311300564,20111101230859,116.442154,39.944698,429275247,147257201,10,314,0,0,50#
27149,$JYJ,13311403518,20111101230608,116.442070,39.944717,429274944,147257273,8,240,0,0,50#
106881,$JYJ,13311403518,20111101230925,116.444115,39.942829,429282471,147250319,4,182,1,1,50#
61590,$JYJ,13331184995,20111101230734,116.444450,39.943657,429283668,147253368,0,4,1,1,50#
88624,$JYJ,13311492066,20111101231341,116.446152,39.946251,429289954,147262889,0,240,1,1,50#
77188,$JYJ,13321164451,20111101231308,116.444153,39.945778,429282586,147261184,0,184,1,1,50#
64076,$JYJ,13381096004,20111101231236,116.442100,39.947510,429275060,147267579,0,166,0,0,50#
22779,$JYJ,13301204830,20111101232057,116.440063,39.943260,429267535,147251932,0,210,0,0,50#
55732,$JYJ,13301204830,20111101232219,116.440102,39.943287,429267709,147252030,8,44,1,1,50#
95266,$JYJ,13311470468,20111101232400,116.442070,39.944721,429274947,147257300,0,0,1,1,50#
52945,$JYJ,13331194902,20111101232215,116.444092,39.945362,429282375,147259635,10,232,1,1,50#
4174,$JYJ,13301214160,20111101232513,116.444489,39.940208,429283822,147240651,0,0,0,0,50#
36707,$JYJ,13301214600,20111101232629,116.444336,39.946468,429283260,147263726,17,272,1,1,50#
101492,$JYJ,13311495314,20111101233416,116.443199,39.946850,429279090,147265133,4,120,1,1,50#
110746,$JYJ,13331154706,20111101233436,116.442131,39.944778,429275176,147257504,0,308,0,0,50#
22697,$JYJ,13311470468,20111101233602,116.444153,39.945206,429282608,147259049,0,0,1,1,50#
38300,$JYJ,13301272693,20111101234139,116.447723,39.947399,429295733,147267135,0,0,0,0,50#
40054,$JYJ,13301272693,20111101234143,116.447723,39.947399,429295732,147267121,0,0,0,0,50#
44412,$JYJ,13301214855,20111101235152,116.449448,39.949360,429302045,147274344,12,150,1,1,50#
18177,$JYJ,13311191446,20111101235049,116.441681,39.940166,429273517,147240518,0,62,1,1,50#
87541,$JYJ,13381101834,20111101235346,116.447563,39.947098,429295138,147266023,0,0,0,0,50#
89038,$JYJ,13381101834,20111101235350,116.447563,39.947098,429295120,147266011,0,0,0,0,50#
115117,$JYJ,13311453225,20111101235954,116.448349,39.948555,429298042,147271385,0,0,0,0,50#
27926,$JYJ,13381101834,20111101235613,116.447563,39.947098,429295138,147266017,0,0,0,0,50#
34332,$JYJ,13381101834,20111101235630,116.447563,39.947098,429295143,147266019,0,0,0,0,50#
36009,$JYJ,13381101834,20111101235634,116.447563,39.947098,429295118,147266011,0,0,0,0,50#
115181,$JYJ,13381101834,20111101235957,116.447563,39.947098,429295124,147266022,0,0,0,0,50#
