72142,$JYJ,13311489387,20111101000335,116.452469,39.983372,429313194,147399691,12,80,1,1,50#
72730,$JYJ,13311489387,20111101000337,116.452583,39.983395,429313597,147399798,19,80,0,0,50#
67821,$JYJ,13311492116,20111101000320,116.458481,39.980011,429335305,147387283,4,276,0,0,50#
23185,$JYJ,13311431188,20111101000614,116.456581,39.989803,429328298,147423376,0,204,0,0,50#
43593,$JYJ,13331184800,20111101001717,116.458313,39.987808,429334672,147416019,15,316,0,0,50#
90248,$JYJ,13311191465,20111101002925,116.456787,39.989155,429329065,147420993,4,38,1,1,50#
93211,$JYJ,13301174929,20111101003939,116.456718,39.985004,429328816,147405690,0,242,0,0,50#
46124,$JYJ,13301214495,20111101003717,116.453026,39.983639,429315251,147400697,21,70,1,1,50#
81427,$JYJ,13331184821,20111101004357,116.451820,39.987526,429310795,147415031,26,92,0,0,50#
27681,$JYJ,13311453272,20111101010622,116.457665,39.988205,429332297,147417484,21,126,1,1,50#
94461,$JYJ,13331194729,20111101010956,116.458313,39.987877,429334687,147416271,4,318,0,0,50#
71956,$JYJ,13311566754,20111101011848,116.454315,39.987026,429319973,147413173,0,166,0,0,50#
30106,$JYJ,13381095547,20111101013132,116.450180,39.981159,429304779,147391566,38,28,0,0,50#
40474,$JYJ,13311403482,20111101021718,116.456650,39.989948,429328554,147423926,0,0,0,0,50#
41743,$JYJ,13311403482,20111101021722,116.456650,39.989948,429328579,147423932,0,0,0,0,50#
55386,$JYJ,13311403482,20111101021808,116.456650,39.989948,429328560,147423916,0,0,0,0,50#
72910,$JYJ,13311403482,20111101022411,116.458351,39.985947,429334800,147409161,12,222,1,1,50#
30011,$JYJ,13331194139,20111101022640,116.450684,39.987171,429306631,147413731,19,188,1,1,50#
16815,$JYJ,13301214539,20111101030557,116.450981,39.989613,429307741,147422718,15,172,1,1,50#
54374,$JYJ,13311426370,20111101042829,116.451370,39.987789,429309152,147416006,0,186,1,1,50#
52139,$JYJ,13331154919,20111101045810,116.458969,39.983650,429337092,147400675,2,320,0,0,50#
5445,$JYJ,13311426153,20111101050017,116.459999,39.987312,429340853,147414167,30,34,1,1,50#
41814,$JYJ,13331154782,20111101054218,116.454323,39.987927,429319990,147416477,13,68,1,1,50#
17175,$JYJ,13331154963,20111101054049,116.451920,39.987503,429311152,147414931,15,78,1,1,50#
65250,$JYJ,13301214893,20111101061818,116.456535,39.989761,429328141,147423215,15,166,1,1,50#
63662,$JYJ,13311495049,20111101061811,116.458099,39.984177,429333896,147402611,28,128,1,1,50#
59875,$JYJ,13311403776,20111101063254,116.450584,39.981735,429306249,147393671,19,26,1,1,50#
5846,$JYJ,13311470373,20111101063512,116.451935,39.987667,429311210,147415558,0,254,1,1,50#
95077,$JYJ,13311489530,20111101063940,116.453613,39.983818,429317391,147401350,0,70,0,0,50#
59421,$JYJ,13311403776,20111101064251,116.456818,39.985054,429329172,147405863,13,244,1,1,50#
63706,$JYJ,13311489525,20111101064302,116.458786,39.987373,429336393,147414398,19,124,1,1,50#
98110,$JYJ,13301214266,20111101070442,116.458755,39.984680,429336302,147404470,0,0,0,0,50#
76840,$JYJ,13381077403,20111101070339,116.453987,39.987850,429318767,147416216,0,78,1,1,50#
17063,$JYJ,13301214650,20111101070547,116.450485,39.981567,429305899,147393056,10,14,1,1,50#
23164,$JYJ,13311403776,20111101070601,116.456787,39.984898,429329043,147405299,2,296,0,0,50#
38581,$JYJ,13301214155,20111101071146,116.456833,39.984943,429329224,147405451,12,122,1,1,50#
33063,$JYJ,13301214107,20111101071635,116.458466,39.984058,429335215,147402201,0,312,0,0,50#
48575,$JYJ,13301214107,20111101071717,116.456703,39.984943,429328772,147405479,15,242,1,1,50#
69879,$JYJ,13321180438,20111101071818,116.458031,39.988033,429333649,147416836,15,308,1,1,50#
28189,$JYJ,13311570314,20111101072120,116.453636,39.987862,429317501,147416264,26,258,1,1,50#
32984,$JYJ,13321164785,20111101072139,116.457565,39.985279,429331942,147406710,12,48,1,1,50#
60654,$JYJ,13331093461,20111101072752,116.458603,39.987602,429335751,147415266,32,310,1,1,50#
4880,$JYJ,13311403485,20111101073011,116.450287,39.981861,429305163,147394166,28,200,1,1,50#
29407,$JYJ,13311453209,20111101073126,116.450394,39.981487,429305542,147392770,6,28,1,1,50#
101094,$JYJ,13381101884,20111101073452,116.450867,39.989739,429307295,147423174,4,176,1,1,50#
92098,$JYJ,13311191424,20111101073924,116.458198,39.983727,429334251,147400981,25,236,0,0,50#
18551,$JYJ,13311495293,20111101073549,116.454803,39.984242,429321783,147402883,2,58,0,0,50#
31567,$JYJ,13311191424,20111101074125,116.457420,39.984936,429331384,147405437,15,16,1,1,50#
27874,$JYJ,13321164854,20111101074618,116.454582,39.984192,429320956,147402724,19,254,1,1,50#
69289,$JYJ,13311162414,20111101075319,116.454300,39.985966,429319939,147409269,10,268,0,0,50#
9541,$JYJ,13321183479,20111101075022,116.458351,39.987808,429334808,147416000,28,132,1,1,50#
13732,$JYJ,13301155435,20111101075536,116.451386,39.983185,429309212,147399032,8,140,0,0,50#
67894,$JYJ,13311162414,20111101075816,116.455704,39.987213,429325087,147413844,0,210,1,1,50#
33506,$JYJ,13381100184,20111101075632,116.453903,39.987820,429318472,147416099,15,264,1,1,50#
92601,$JYJ,13331194971,20111101080419,116.454964,39.988068,429322342,147416998,2,272,1,1,50#
10871,$JYJ,13311021504,20111101081034,116.450165,39.981926,429304711,147394401,19,204,1,1,50#
48782,$JYJ,13301157470,20111101081802,116.451698,39.982697,429310357,147397209,0,66,0,0,50#
73849,$JYJ,13321164597,20111101082422,116.450302,39.981316,429305240,147392132,2,32,1,1,50#
49171,$JYJ,13370129338,20111101082256,116.453751,39.987927,429317922,147416488,19,258,1,1,50#
31029,$JYJ,13301133054,20111101082644,116.454636,39.983570,429321173,147400435,49,218,0,0,50#
22982,$JYJ,13311487165,20111101082612,116.456635,39.984905,429328521,147405340,0,248,1,1,50#
8013,$JYJ,13301133054,20111101083025,116.456970,39.988266,429329750,147417720,30,124,1,1,50#
5857,$JYJ,13301104153,20111101083514,116.450699,39.984581,429306691,147404180,32,178,1,1,50#
24736,$JYJ,13301125415,20111101084114,116.450996,39.983768,429307774,147401178,6,354,0,0,50#
25412,$JYJ,13321164593,20111101084116,116.457985,39.987640,429333479,147415382,0,138,1,1,50#
13741,$JYJ,13311453200,20111101084551,116.458359,39.987801,429334844,147415985,23,128,1,1,50#
30389,$JYJ,13301204862,20111101085140,116.458916,39.983616,429336890,147400556,10,352,0,0,50#
41385,$JYJ,13301204862,20111101085217,116.458900,39.983666,429336849,147400734,10,300,1,1,50#
53485,$JYJ,13321174589,20111101085258,116.450935,39.984398,429307550,147403499,2,264,0,0,50#
8583,$JYJ,13311480796,20111101085524,116.450485,39.982189,429305875,147395374,25,198,1,1,50#
77811,$JYJ,13331194056,20111101085922,116.458313,39.987659,429334667,147415471,0,124,1,1,50#
47759,$JYJ,13311162457,20111101090250,116.451080,39.985451,429308093,147407375,2,70,0,0,50#
6017,$JYJ,13311162457,20111101090517,116.450287,39.981834,429305183,147394071,25,198,1,1,50#
38006,$JYJ,13311480767,20111101090713,116.456551,39.984688,429328204,147404509,13,224,1,1,50#
12705,$JYJ,13311486262,20111101090539,116.457863,39.983242,429333015,147399183,0,240,0,0,50#
61317,$JYJ,13311403766,20111101091310,116.453697,39.987953,429317712,147416571,17,248,1,1,50#
60768,$JYJ,13311426436,20111101091811,116.450684,39.985760,429306646,147408519,0,176,0,0,50#
83162,$JYJ,13311426436,20111101091924,116.450767,39.983471,429306919,147400068,12,176,1,1,50#
22024,$JYJ,13311453389,20111101091610,116.454216,39.984215,429319605,147402783,21,250,0,0,50#
65563,$JYJ,13311453389,20111101091829,116.451378,39.987476,429309174,147414860,12,74,1,1,50#
80607,$JYJ,13311495182,20111101091919,116.458984,39.983715,429337137,147400929,4,328,0,0,50#
91087,$JYJ,13311495182,20111101091951,116.458969,39.983723,429337074,147400954,2,324,1,1,50#
56694,$JYJ,13311431556,20111101092306,116.453865,39.987965,429318338,147416620,15,258,1,1,50#
28962,$JYJ,13301254200,20111101092628,116.457886,39.983257,429333093,147399249,0,286,0,0,50#
73909,$JYJ,13311403155,20111101092904,116.457016,39.989590,429329897,147422605,2,186,1,1,50#
68138,$JYJ,13311403643,20111101092846,116.451531,39.986698,429309757,147411990,0,152,0,0,50#
43731,$JYJ,13311495054,20111101092729,116.453537,39.983746,429317127,147401062,0,64,0,0,50#
62078,$JYJ,13321164785,20111101092830,116.453163,39.983768,429315759,147401149,32,70,0,0,50#
52239,$JYJ,13301155343,20111101093756,116.455681,39.988182,429324996,147417429,2,76,0,0,50#
2100,$JYJ,13331187104,20111101093506,116.456734,39.984905,429328869,147405338,4,242,1,1,50#
1083,$JYJ,13381235426,20111101093501,116.456917,39.988880,429329555,147419985,30,358,1,1,50#
16429,$JYJ,13301157404,20111101094052,116.455330,39.984470,429323700,147403727,15,240,1,1,50#
4020,$JYJ,13301252449,20111101094008,116.456665,39.988518,429328613,147418658,10,214,1,1,50#
56547,$JYJ,13311426494,20111101094257,116.450981,39.983692,429307739,147400892,0,2,0,0,50#
14302,$JYJ,13321164484,20111101094042,116.458084,39.988026,429333837,147416802,25,308,1,1,50#
59678,$JYJ,13321174810,20111101094307,116.450981,39.985763,429307698,147408528,23,354,1,1,50#
89619,$JYJ,13370129519,20111101094436,116.450935,39.984074,429307561,147402315,0,0,0,0,50#
69023,$JYJ,13381068934,20111101094335,116.451683,39.983978,429310292,147401948,0,298,0,0,50#
93428,$JYJ,13301209473,20111101094947,116.450966,39.985104,429307651,147406111,43,358,0,0,50#
59713,$JYJ,13301214855,20111101094802,116.450783,39.982777,429306986,147397514,43,8,0,0,50#
92576,$JYJ,13331194306,20111101094946,116.454514,39.987991,429320705,147416713,0,60,1,1,50#
19620,$JYJ,13321164484,20111101095100,116.450882,39.987144,429307350,147413620,32,188,1,1,50#
15562,$JYJ,13381068934,20111101095048,116.453735,39.984051,429317857,147402198,15,228,1,1,50#
74671,$JYJ,13381235426,20111101095342,116.456650,39.988537,429328545,147418708,19,242,1,1,50#
11993,$JYJ,13301214212,20111101095533,116.455483,39.984486,429324247,147403781,32,250,1,1,50#
24351,$JYJ,13311487191,20111101095612,116.456917,39.988682,429329544,147419231,15,290,0,0,50#
30149,$JYJ,13301104030,20111101100129,116.450996,39.983494,429307769,147400153,0,342,0,0,50#
448,$JYJ,13321164562,20111101100000,116.450363,39.981960,429305465,147394534,21,194,1,1,50#
49893,$JYJ,13311431239,20111101100759,116.451302,39.982376,429308896,147396043,0,40,0,0,50#
69995,$JYJ,13311431239,20111101100914,116.454048,39.983822,429319005,147401364,30,70,1,1,50#
43870,$JYJ,13321174627,20111101100739,116.454109,39.987949,429319199,147416578,0,0,0,0,50#
48928,$JYJ,13321174627,20111101100757,116.454041,39.987888,429318984,147416359,12,230,1,1,50#
22162,$JYJ,13331194355,20111101101115,116.458084,39.987831,429333849,147416087,2,312,1,1,50#
59746,$JYJ,13311431093,20111101101808,116.456215,39.984665,429326969,147404453,30,236,1,1,50#
61470,$JYJ,13311480676,20111101101813,116.451134,39.983570,429308274,147400452,0,358,0,0,50#
83119,$JYJ,13301254232,20111101102421,116.456566,39.988667,429328245,147419199,4,240,0,0,50#
95201,$JYJ,13311489333,20111101102454,116.458313,39.989590,429334687,147422589,12,354,0,0,50#
30586,$JYJ,13331093434,20111101102140,116.456482,39.984928,429327928,147405420,10,238,1,1,50#
73437,$JYJ,13331194328,20111101102844,116.457031,39.986858,429329940,147412521,36,226,0,0,50#
85407,$JYJ,13331194420,20111101102926,116.453636,39.983898,429317479,147401625,0,256,0,0,50#
58276,$JYJ,13301254282,20111101103306,116.458450,39.985836,429335169,147408727,0,42,0,0,50#
47382,$JYJ,13311431146,20111101103230,116.454102,39.987965,429319212,147416637,15,248,1,1,50#
60364,$JYJ,13301174947,20111101103810,116.451187,39.982121,429308464,147395117,0,58,0,0,50#
5971,$JYJ,13301214528,20111101103519,116.450600,39.981907,429306328,147394327,23,10,1,1,50#
22599,$JYJ,13311489684,20111101103608,116.452919,39.983807,429314832,147401316,12,252,1,1,50#
15226,$JYJ,13301135941,20111101104044,116.453682,39.984051,429317666,147402212,19,222,1,1,50#
94773,$JYJ,13311162435,20111101104954,116.450569,39.981739,429306218,147393695,21,4,1,1,50#
89708,$JYJ,13301104095,20111101105438,116.459885,39.986587,429340461,147411508,17,132,1,1,50#
93559,$JYJ,13301251487,20111101105445,116.450470,39.981529,429305841,147392944,4,18,0,0,50#
72081,$JYJ,13311480791,20111101105341,116.453720,39.984032,429317807,147402142,23,232,1,1,50#
41447,$JYJ,13331093435,20111101105206,116.456932,39.985065,429329598,147405900,4,234,1,1,50#
82409,$JYJ,13301214070,20111101105926,116.451149,39.982678,429308351,147397163,0,22,0,0,50#
33840,$JYJ,13301214528,20111101105648,116.455582,39.984497,429324637,147403839,41,250,1,1,50#
69779,$JYJ,13311470442,20111101110841,116.458198,39.987850,429334270,147416184,0,116,0,0,50#
60050,$JYJ,13311486591,20111101111310,116.451630,39.983555,429310087,147400397,0,214,1,1,50#
3249,$JYJ,13331188704,20111101111006,116.456451,39.988510,429327851,147418605,21,232,0,0,50#
74235,$JYJ,13331194131,20111101111356,116.456650,39.988709,429328543,147419345,0,232,1,1,50#
57966,$JYJ,13311470347,20111101111816,116.459785,39.985191,429340104,147406358,0,40,0,0,50#
53404,$JYJ,13311486479,20111101112258,116.453033,39.983868,429315269,147401515,12,244,1,1,50#
6888,$JYJ,13321180245,20111101112018,116.456184,39.988190,429326844,147417440,2,244,1,1,50#
23577,$JYJ,13311431437,20111101112612,116.450783,39.983398,429306970,147399807,21,186,1,1,50#
60828,$JYJ,13321174662,20111101112810,116.450600,39.981770,429306323,147393817,17,26,1,1,50#
81059,$JYJ,13381100549,20111101112911,116.451019,39.987236,429307841,147413953,0,18,0,0,50#
19444,$JYJ,13311431363,20111101113057,116.457916,39.983227,429333226,147399118,12,44,1,1,50#
18085,$JYJ,13381100549,20111101113054,116.451386,39.987556,429309185,147415151,19,260,1,1,50#
89166,$JYJ,13311431556,20111101114427,116.450630,39.982830,429306447,147397736,12,176,1,1,50#
33790,$JYJ,13311300864,20111101114645,116.451050,39.982269,429307963,147395657,4,24,1,1,50#
10984,$JYJ,13311486518,20111101115034,116.458290,39.987900,429334593,147416354,12,306,1,1,50#
37436,$JYJ,13301127423,20111101115653,116.450432,39.981628,429305709,147393310,25,36,0,0,50#
45619,$JYJ,13311486545,20111101120216,116.456520,39.984791,429328074,147404888,19,234,1,1,50#
89300,$JYJ,13311486545,20111101120500,116.451736,39.987545,429310497,147415094,17,82,0,0,50#
2967,$JYJ,13311495301,20111101120512,116.458519,39.987659,429335445,147415468,25,130,1,1,50#
60310,$JYJ,13311453386,20111101121339,116.455833,39.984566,429325549,147404080,28,248,0,0,50#
19345,$JYJ,13311486518,20111101121615,116.451439,39.982922,429309412,147398062,19,34,1,1,50#
840,$JYJ,13321174713,20111101121503,116.458321,39.984158,429334720,147402560,28,308,1,1,50#
22303,$JYJ,13321174713,20111101121627,116.453751,39.984013,429317905,147402049,12,256,0,0,50#
23258,$JYJ,13311453341,20111101122125,116.452370,39.987835,429312834,147416150,19,260,1,1,50#
19347,$JYJ,13311453424,20111101122114,116.451019,39.984043,429307879,147402178,0,358,0,0,50#
76090,$JYJ,13311453424,20111101122452,116.457703,39.988312,429332446,147417889,15,132,1,1,50#
51838,$JYJ,13331111418,20111101122831,116.450134,39.981495,429304609,147392810,17,206,1,1,50#
57532,$JYJ,13301254067,20111101123404,116.451935,39.983520,429311220,147400254,4,86,0,0,50#
72884,$JYJ,13311403050,20111101123914,116.456367,39.988430,429327520,147418312,0,50,0,0,50#
20238,$JYJ,13331194697,20111101123608,116.450447,39.981552,429305767,147393003,0,42,0,0,50#
86086,$JYJ,13301214157,20111101125443,116.459183,39.986816,429337885,147412333,4,208,1,1,50#
29586,$JYJ,13321164598,20111101125145,116.456047,39.988323,429326350,147417946,32,66,1,1,50#
56310,$JYJ,13381077442,20111101125313,116.453834,39.988190,429318228,147417472,17,106,1,1,50#
24576,$JYJ,13301125482,20111101130117,116.456932,39.989208,429329617,147421194,4,204,0,0,50#
57940,$JYJ,13301125482,20111101130325,116.452187,39.987785,429312133,147415970,2,232,1,1,50#
65789,$JYJ,13301214182,20111101130352,116.456703,39.984970,429328774,147405562,17,240,1,1,50#
77505,$JYJ,13311495292,20111101130437,116.451965,39.983410,429311348,147399852,0,228,0,0,50#
41448,$JYJ,13311480761,20111101131728,116.451782,39.982662,429310680,147397085,12,172,0,0,50#
7157,$JYJ,13311486202,20111101131526,116.451050,39.982838,429307951,147397738,36,218,1,1,50#
78832,$JYJ,13331154786,20111101131916,116.451981,39.987770,429311375,147415927,13,254,1,1,50#
19725,$JYJ,13331194305,20111101131614,116.450531,39.985195,429306047,147406429,17,174,1,1,50#
97539,$JYJ,13311403050,20111101132454,116.453201,39.983673,429315863,147400826,10,72,0,0,50#
27237,$JYJ,13331159495,20111101132126,116.450867,39.982803,429307282,147397633,41,10,0,0,50#
28740,$JYJ,13331187026,20111101132127,116.451050,39.983852,429307986,147401480,8,308,1,1,50#
751,$JYJ,13301272101,20111101133458,116.450470,39.981564,429305833,147393061,0,50,0,0,50#
15941,$JYJ,13301272101,20111101133547,116.450470,39.981564,429305850,147393055,4,0,1,1,50#
52867,$JYJ,13331159495,20111101133749,116.459435,39.983318,429338785,147399435,25,130,1,1,50#
32855,$JYJ,13311024114,20111101134136,116.451134,39.985512,429308293,147407615,0,0,0,0,50#
62526,$JYJ,13311024114,20111101134314,116.450836,39.985363,429307200,147407046,32,190,1,1,50#
30112,$JYJ,13331187068,20111101134633,116.458359,39.987907,429334846,147416362,0,0,0,0,50#
67057,$JYJ,13331154904,20111101135337,116.450752,39.984867,429306876,147405225,4,180,1,1,50#
54572,$JYJ,13381101854,20111101135806,116.458420,39.987793,429335073,147415947,21,310,0,0,50#
34847,$JYJ,13381101854,20111101140152,116.459435,39.983410,429338810,147399804,15,114,1,1,50#
10548,$JYJ,13301155574,20111101140532,116.453300,39.983952,429316242,147401821,25,250,1,1,50#
4843,$JYJ,13311403226,20111101141012,116.453468,39.983952,429316854,147401836,23,236,1,1,50#
21613,$JYJ,13381068347,20111101141110,116.451050,39.983666,429307969,147400810,28,354,0,0,50#
50384,$JYJ,13381069274,20111101141243,116.453606,39.984032,429317387,147402143,8,230,1,1,50#
41565,$JYJ,13301214624,20111101141719,116.450920,39.986977,429307505,147413006,15,164,1,1,50#
70195,$JYJ,13331194986,20111101142328,116.452965,39.983284,429315027,147399386,12,224,1,1,50#
22284,$JYJ,13311403662,20111101143556,116.456436,39.988457,429327785,147418430,8,272,1,1,50#
9545,$JYJ,13331154782,20111101143524,116.450966,39.982304,429307675,147395794,0,42,0,0,50#
55979,$JYJ,13331194496,20111101143723,116.453568,39.984139,429317248,147402518,30,250,1,1,50#
89409,$JYJ,13301214887,20111101144844,116.454369,39.989708,429320189,147423065,8,90,0,0,50#
101395,$JYJ,13301214887,20111101145415,116.452469,39.987740,429313195,147415798,17,266,1,1,50#
64419,$JYJ,13311453211,20111101145244,116.453720,39.989960,429317774,147423999,0,0,0,0,50#
99647,$JYJ,13311486474,20111101145413,116.452004,39.983086,429311483,147398669,21,40,1,1,50#
72295,$JYJ,13301214855,20111101150304,116.457901,39.988312,429333142,147417886,17,318,0,0,50#
95292,$JYJ,13381235433,20111101150407,116.458984,39.983746,429337132,147401035,0,342,0,0,50#
112712,$JYJ,13381235433,20111101150450,116.458733,39.983963,429336218,147401849,25,312,1,1,50#
25312,$JYJ,13311162486,20111101150607,116.458466,39.987820,429335230,147416061,2,288,0,0,50#
12683,$JYJ,13321164476,20111101150535,116.450867,39.984970,429307314,147405616,21,174,1,1,50#
55135,$JYJ,13381232427,20111101150721,116.450981,39.985470,429307723,147407460,0,102,0,0,50#
8867,$JYJ,13321164462,20111101151524,116.456520,39.988865,429328103,147419912,2,232,0,0,50#
70654,$JYJ,13321164462,20111101151802,116.459251,39.987000,429338114,147413009,12,134,1,1,50#
39645,$JYJ,13301125433,20111101152142,116.456650,39.989792,429328561,147423342,25,180,1,1,50#
38480,$JYJ,13311470386,20111101152143,116.456932,39.985073,429329603,147405948,17,228,1,1,50#
31819,$JYJ,13311570423,20111101152127,116.455803,39.988209,429325440,147417524,32,74,0,0,50#
82708,$JYJ,13321189849,20111101152335,116.450897,39.984966,429307396,147405590,15,172,1,1,50#
63236,$JYJ,13381232427,20111101152242,116.458115,39.987732,429333924,147415734,0,92,1,1,50#
18683,$JYJ,13311403362,20111101152550,116.451233,39.985630,429308629,147408054,2,38,0,0,50#
9929,$JYJ,13311486441,20111101152521,116.454681,39.984005,429321302,147402032,0,78,0,0,50#
76696,$JYJ,13321183433,20111101152818,116.450981,39.986237,429307724,147410279,23,170,1,1,50#
94663,$JYJ,13370129543,20111101152900,116.450798,39.985195,429307025,147406435,26,180,1,1,50#
52016,$JYJ,13381235496,20111101152711,116.451263,39.988472,429308748,147418523,0,0,0,0,50#
1428,$JYJ,13311211084,20111101153005,116.456635,39.984955,429328501,147405519,8,248,0,0,50#
89646,$JYJ,13311211084,20111101153400,116.450401,39.982025,429305593,147394753,28,198,1,1,50#
74565,$JYJ,13331154851,20111101153326,116.457703,39.985203,429332433,147406399,0,46,0,0,50#
92856,$JYJ,13321199794,20111101153900,116.458687,39.983913,429336049,147401635,8,316,1,1,50#
15956,$JYJ,13301204887,20111101154042,116.450783,39.986362,429306993,147410749,45,178,0,0,50#
17349,$JYJ,13301204887,20111101154047,116.450752,39.985825,429306898,147408758,13,182,1,1,50#
41805,$JYJ,13311022924,20111101154143,116.451569,39.983223,429309884,147399180,15,228,1,1,50#
74072,$JYJ,13381232495,20111101154305,116.456032,39.988236,429326276,147417622,0,196,0,0,50#
5730,$JYJ,13311403283,20111101154514,116.453499,39.985306,429316995,147406828,4,216,0,0,50#
102487,$JYJ,13311403283,20111101154911,116.457581,39.989460,429331995,147422124,30,352,1,1,50#
22284,$JYJ,13311403381,20111101154555,116.456947,39.988903,429329657,147420061,26,0,0,0,50#
113143,$JYJ,13321164906,20111101154941,116.456863,39.989250,429329328,147421353,39,358,0,0,50#
47079,$JYJ,13331194886,20111101154659,116.458130,39.984108,429334007,147402381,0,164,1,1,50#
91006,$JYJ,13331154766,20111101155350,116.450981,39.985763,429307716,147408518,21,358,1,1,50#
88174,$JYJ,13370122455,20111101155340,116.459198,39.983711,429337938,147400907,0,324,0,0,50#
49705,$JYJ,13381077407,20111101155203,116.458168,39.987667,429334125,147415488,2,66,1,1,50#
110900,$JYJ,13331184978,20111101155939,116.454460,39.988068,429320521,147416985,0,0,0,0,50#
112290,$JYJ,13331184978,20111101155943,116.454460,39.988068,429320496,147417014,0,0,0,0,50#
68289,$JYJ,13301127456,20111101160250,116.450569,39.982330,429306211,147395880,0,194,0,0,50#
52779,$JYJ,13311431123,20111101160212,116.457283,39.989853,429330896,147423547,10,88,0,0,50#
87589,$JYJ,13311486386,20111101160343,116.453834,39.984242,429318220,147402917,0,270,0,0,50#
111813,$JYJ,13311486386,20111101160443,116.452049,39.983696,429311647,147400906,4,216,1,1,50#
101131,$JYJ,13331184978,20111101160416,116.454460,39.988068,429320504,147417011,0,0,0,0,50#
110879,$JYJ,13331184978,20111101160440,116.454460,39.988068,429320514,147417010,0,0,0,0,50#
112579,$JYJ,13331184978,20111101160444,116.454460,39.988068,429320510,147417001,0,0,0,0,50#
118506,$JYJ,13381068784,20111101160500,116.458214,39.984398,429334324,147403458,0,308,0,0,50#
58064,$JYJ,13301214160,20111101160730,116.451569,39.982792,429309897,147397566,0,0,0,0,50#
117888,$JYJ,13301214783,20111101160956,116.458198,39.987507,429334257,147414889,12,56,1,1,50#
55875,$JYJ,13331154766,20111101160721,116.459770,39.985546,429340041,147407677,2,220,0,0,50#
32021,$JYJ,13301155024,20111101161130,116.450981,39.984013,429307700,147402095,4,308,0,0,50#
86385,$JYJ,13311426451,20111101161445,116.452599,39.983219,429313669,147399132,25,70,0,0,50#
9603,$JYJ,13321164604,20111101161025,116.459930,39.986576,429340598,147411455,25,126,0,0,50#
75441,$JYJ,13331184978,20111101161818,116.454460,39.988068,429320517,147417000,0,0,0,0,50#
78197,$JYJ,13331184978,20111101161825,116.454460,39.988068,429320509,147417001,0,0,1,1,50#
43986,$JYJ,13331194310,20111101161655,116.451935,39.987598,429311246,147415290,10,258,1,1,50#
19235,$JYJ,13321180406,20111101162551,116.459801,39.983063,429340148,147398514,28,138,0,0,50#
12082,$JYJ,13301204891,20111101163032,116.452820,39.987614,429314461,147415333,2,50,0,0,50#
82239,$JYJ,13321174632,20111101163336,116.451904,39.987473,429311102,147414824,0,0,0,0,50#
47708,$JYJ,13331154826,20111101163206,116.458885,39.983757,429336767,147401067,19,132,1,1,50#
95621,$JYJ,13331194153,20111101163409,116.458382,39.983978,429334911,147401894,4,140,1,1,50#
14052,$JYJ,13381083448,20111101163041,116.459099,39.983524,429337562,147400219,13,124,1,1,50#
29087,$JYJ,13331154786,20111101163644,116.457252,39.988289,429330772,147417785,13,150,1,1,50#
99926,$JYJ,13311431595,20111101164413,116.450935,39.989754,429307557,147423246,12,164,1,1,50#
115347,$JYJ,13321164874,20111101164454,116.454353,39.987976,429320101,147416657,17,252,0,0,50#
26165,$JYJ,13321183479,20111101164109,116.451050,39.988323,429307993,147417965,10,192,0,0,50#
91505,$JYJ,13321183494,20111101164352,116.457420,39.984913,429331391,147405337,0,52,0,0,50#
73267,$JYJ,13331159479,20111101164304,116.459251,39.983501,429338111,147400135,0,306,0,0,50#
21152,$JYJ,13311403339,20111101164552,116.450287,39.981354,429305149,147392279,2,18,0,0,50#
43216,$JYJ,13301214438,20111101165153,116.450966,39.984955,429307676,147405561,0,354,0,0,50#
57597,$JYJ,13331063483,20111101165229,116.456703,39.989147,429328734,147420954,0,198,0,0,50#
85829,$JYJ,13331063483,20111101165338,116.456848,39.988686,429329283,147419274,17,108,1,1,50#
108438,$JYJ,13311191485,20111101170453,116.450714,39.982178,429306747,147395324,15,198,1,1,50#
5933,$JYJ,13311300704,20111101170012,116.454582,39.985909,429320967,147409035,0,180,0,0,50#
82675,$JYJ,13311300704,20111101170349,116.459068,39.987164,429337456,147413634,19,130,1,1,50#
37779,$JYJ,13311403067,20111101170139,116.451050,39.989700,429307982,147423051,0,344,0,0,50#
106786,$JYJ,13381102634,20111101170449,116.459785,39.986637,429340078,147411698,10,124,1,1,50#
49424,$JYJ,13301254510,20111101170706,116.451050,39.985485,429307955,147407506,0,24,0,0,50#
71185,$JYJ,13311480663,20111101170759,116.453926,39.987858,429318552,147416247,0,354,0,0,50#
112561,$JYJ,13311480663,20111101170942,116.453377,39.987995,429316519,147416737,26,260,1,1,50#
70758,$JYJ,13311492149,20111101170800,116.450615,39.982025,429306364,147394742,30,200,1,1,50#
89974,$JYJ,13311487291,20111101171341,116.454231,39.985874,429319669,147408907,0,184,0,0,50#
20905,$JYJ,13370122487,20111101171054,116.454033,39.988579,429318930,147418877,12,328,0,0,50#
115957,$JYJ,13370122487,20111101171444,116.450798,39.983559,429307065,147400406,0,124,1,1,50#
117478,$JYJ,13381066754,20111101171449,116.456734,39.989216,429328863,147421230,15,168,1,1,50#
50641,$JYJ,13301272063,20111101171703,116.450516,39.981728,429305990,147393674,0,38,0,0,50#
53795,$JYJ,13311453483,20111101171713,116.455902,39.988483,429325791,147418524,0,198,0,0,50#
54968,$JYJ,13301104102,20111101172214,116.450516,39.981594,429306023,147393174,4,28,0,0,50#
91467,$JYJ,13301104102,20111101172343,116.450531,39.981602,429306050,147393191,6,18,1,1,50#
46870,$JYJ,13301204843,20111101172155,116.454399,39.988777,429320269,147419630,32,4,0,0,50#
52431,$JYJ,13301209481,20111101172207,116.453346,39.983864,429316406,147401497,19,244,1,1,50#
93421,$JYJ,13301214842,20111101172347,116.458580,39.983933,429335650,147401734,12,300,1,1,50#
35682,$JYJ,13311453483,20111101172126,116.450867,39.983978,429307287,147401968,26,168,1,1,50#
23520,$JYJ,13370126443,20111101172056,116.458466,39.987625,429335223,147415322,23,128,1,1,50#
1647,$JYJ,13301157374,20111101172501,116.453781,39.984047,429318013,147402187,15,246,1,1,50#
62017,$JYJ,13311495207,20111101172732,116.456230,39.984673,429326997,147404473,19,240,1,1,50#
14896,$JYJ,13331063402,20111101172539,116.453682,39.983986,429317651,147401969,21,246,1,1,50#
34565,$JYJ,13311191490,20111101173130,116.453972,39.984108,429318709,147402391,0,0,1,1,50#
5335,$JYJ,13311431445,20111101173010,116.450615,39.981670,429306361,147393460,8,24,0,0,50#
20601,$JYJ,13311431445,20111101173050,116.450600,39.981796,429306298,147393924,21,18,1,1,50#
101339,$JYJ,13301104067,20111101173906,116.450485,39.982143,429305877,147395207,25,196,1,1,50#
19457,$JYJ,13301254230,20111101173547,116.452797,39.983761,429314396,147401151,15,260,1,1,50#
78487,$JYJ,13331156403,20111101173812,116.458198,39.987984,429334232,147416653,13,306,1,1,50#
42452,$JYJ,13381271948,20111101173649,116.450516,39.982315,429306027,147395824,8,192,1,1,50#
66661,$JYJ,13301204823,20111101174245,116.452782,39.985504,429314331,147407553,10,102,0,0,50#
34318,$JYJ,13331050134,20111101174121,116.450836,39.983776,429307179,147401203,17,178,1,1,50#
94768,$JYJ,13331190284,20111101174351,116.450264,39.980259,429305071,147388232,0,268,1,1,50#
64438,$JYJ,13370126482,20111101174236,116.450050,39.980393,429304282,147388741,0,134,0,0,50#
79999,$JYJ,13381102734,20111101174318,116.454285,39.986969,429319859,147412947,4,176,0,0,50#
2254,$JYJ,13301204823,20111101174506,116.450775,39.983898,429306961,147401674,0,0,1,1,50#
24907,$JYJ,13311431183,20111101174601,116.455666,39.988209,429324927,147417496,19,70,0,0,50#
30369,$JYJ,13311431475,20111101174618,116.456596,39.984882,429328345,147405252,17,234,1,1,50#
31127,$JYJ,13381102734,20111101174620,116.456993,39.989185,429329842,147421101,8,342,1,1,50#
30715,$JYJ,13301254362,20111101175116,116.450630,39.989342,429306443,147421742,21,176,0,0,50#
88674,$JYJ,13301254362,20111101175340,116.450386,39.985275,429305548,147406753,19,176,1,1,50#
2214,$JYJ,13311431183,20111101175002,116.453964,39.984077,429318692,147402311,8,250,1,1,50#
27649,$JYJ,13311495306,20111101175107,116.450867,39.982513,429307282,147396537,38,198,0,0,50#
46242,$JYJ,13311495306,20111101175154,116.450249,39.981648,429305044,147393352,0,210,1,1,50#
79599,$JYJ,13311453316,20111101175820,116.456413,39.984844,429327672,147405096,26,238,1,1,50#
30457,$JYJ,13381102734,20111101175617,116.454903,39.987572,429322119,147415162,2,258,0,0,50#
95230,$JYJ,13331154731,20111101180352,116.450737,39.984757,429306816,147404831,0,184,1,1,50#
53022,$JYJ,13331194076,20111101180208,116.453834,39.987984,429318198,147416707,10,262,1,1,50#
5097,$JYJ,13301254237,20111101180514,116.459183,39.988842,429337854,147419827,0,238,0,0,50#
49176,$JYJ,13311489582,20111101180704,116.457665,39.983543,429332304,147400312,6,274,0,0,50#
68566,$JYJ,13311489582,20111101180753,116.458748,39.983704,429336286,147400890,0,58,1,1,50#
30514,$JYJ,13321180418,20111101180619,116.453796,39.984131,429318073,147402500,23,246,1,1,50#
17763,$JYJ,13311426011,20111101181044,116.453651,39.984127,429317555,147402495,12,66,1,1,50#
94458,$JYJ,13311486481,20111101181358,116.455521,39.988087,429324429,147417049,0,0,0,0,50#
117502,$JYJ,13311486481,20111101181457,116.455437,39.988125,429324085,147417199,25,254,1,1,50#
108964,$JYJ,13321180419,20111101181430,116.458550,39.989182,429335553,147421073,0,234,0,0,50#
3725,$JYJ,13331154802,20111101181007,116.451401,39.983318,429309259,147399507,4,38,1,1,50#
80744,$JYJ,13311564480,20111101181822,116.450920,39.985344,429307513,147406995,0,354,0,0,50#
114688,$JYJ,13311564480,20111101181945,116.452347,39.987682,429312729,147415608,19,76,1,1,50#
92013,$JYJ,13321180419,20111101181850,116.450180,39.981693,429304755,147393548,13,200,1,1,50#
86009,$JYJ,13331188754,20111101181839,116.450546,39.981613,429306134,147393248,4,44,0,0,50#
113391,$JYJ,13381101340,20111101181942,116.452568,39.981880,429313566,147394191,0,4,0,0,50#
118999,$JYJ,13311426343,20111101182458,116.453400,39.983837,429316619,147401408,12,64,0,0,50#
44527,$JYJ,13331185749,20111101182149,116.453865,39.984116,429318316,147402446,13,248,1,1,50#
54538,$JYJ,13331188754,20111101182212,116.453735,39.983803,429317831,147401297,13,64,1,1,50#
84271,$JYJ,13381101340,20111101182332,116.458534,39.983902,429335502,147401626,4,116,1,1,50#
30319,$JYJ,13301164945,20111101183111,116.450966,39.983673,429307676,147400836,34,2,0,0,50#
101796,$JYJ,13301164945,20111101183412,116.454681,39.987980,429321323,147416676,17,72,1,1,50#
3461,$JYJ,13301208408,20111101183005,116.451119,39.985577,429308229,147407853,0,70,0,0,50#
49763,$JYJ,13311486537,20111101183203,116.452599,39.981693,429313644,147393520,17,10,0,0,50#
76089,$JYJ,13311486537,20111101183307,116.452599,39.981911,429313658,147394302,12,2,1,1,50#
37240,$JYJ,13311570334,20111101183131,116.450966,39.985573,429307658,147407845,0,358,1,1,50#
66086,$JYJ,13331156416,20111101183746,116.456886,39.989265,429329434,147421383,23,354,0,0,50#
94517,$JYJ,13331156416,20111101183856,116.456787,39.989716,429329066,147423063,8,358,1,1,50#
4932,$JYJ,13331194954,20111101183511,116.456398,39.988136,429327649,147417250,4,252,0,0,50#
105321,$JYJ,13331194954,20111101183920,116.454102,39.984112,429319192,147402430,12,242,1,1,50#
103554,$JYJ,13311489646,20111101184413,116.456635,39.984798,429328482,147404922,2,56,0,0,50#
110922,$JYJ,13311492160,20111101184432,116.450767,39.985531,429306923,147407690,10,170,1,1,50#
33093,$JYJ,13301150242,20111101184620,116.450920,39.987701,429307493,147415663,8,190,1,1,50#
79998,$JYJ,13311486480,20111101184815,116.457817,39.984356,429332827,147403293,28,128,0,0,50#
36218,$JYJ,13321164468,20111101184631,116.450142,39.981598,429304611,147393178,15,204,1,1,50#
61435,$JYJ,13321164765,20111101184731,116.450737,39.985409,429306815,147407218,17,178,1,1,50#
90117,$JYJ,13321189864,20111101184844,116.453697,39.983822,429317691,147401356,15,72,1,1,50#
77222,$JYJ,13381083448,20111101184813,116.459267,39.983639,429338170,147400627,2,330,0,0,50#
49152,$JYJ,13311403210,20111101185201,116.453636,39.984096,429317462,147402380,12,226,1,1,50#
24393,$JYJ,13301254200,20111101185601,116.452019,39.987617,429311554,147415358,25,80,1,1,50#
118353,$JYJ,13301152940,20111101190457,116.459900,39.987076,429340490,147413313,0,30,0,0,50#
13853,$JYJ,13311581407,20111101190033,116.453949,39.983902,429318639,147401634,8,256,1,1,50#
13678,$JYJ,13331185749,20111101190034,116.459717,39.987278,429339837,147414049,0,202,0,0,50#
58404,$JYJ,13301204879,20111101190727,116.455010,39.985298,429322507,147406804,0,0,0,0,50#
14074,$JYJ,13331194818,20111101190538,116.454536,39.987442,429320770,147414695,25,168,0,0,50#
41876,$JYJ,13301157477,20111101191145,116.456764,39.989906,429328970,147423750,2,248,0,0,50#
7457,$JYJ,13301204879,20111101191020,116.454620,39.987953,429321101,147416565,10,76,1,1,50#
21907,$JYJ,13301214009,20111101191100,116.459183,39.983498,429337887,147400111,45,130,0,0,50#
24098,$JYJ,13301214009,20111101191106,116.459885,39.982983,429340452,147398215,51,142,1,1,50#
8118,$JYJ,13321180417,20111101191018,116.458687,39.989220,429336045,147421225,0,334,0,0,50#
29604,$JYJ,13331194207,20111101191119,116.453720,39.984154,429317794,147402588,2,200,1,1,50#
40775,$JYJ,13311486251,20111101191639,116.453850,39.983799,429318268,147401275,0,72,0,0,50#
41970,$JYJ,13311495279,20111101191643,116.450897,39.984242,429307422,147402925,34,358,0,0,50#
22549,$JYJ,13381235438,20111101192100,116.450531,39.981644,429306070,147393346,0,38,0,0,50#
61730,$JYJ,13301208445,20111101192730,116.459503,39.988972,429339030,147420308,0,12,0,0,50#
73488,$JYJ,13311300714,20111101192802,116.451195,39.982662,429308524,147397085,17,32,0,0,50#
27511,$JYJ,13311403493,20111101192610,116.451553,39.987610,429309821,147415347,25,258,1,1,50#
51562,$JYJ,13311489687,20111101192709,116.453865,39.984139,429318300,147402531,0,0,0,0,50#
20923,$JYJ,13331154768,20111101192551,116.450897,39.989551,429307423,147422483,6,192,0,0,50#
27252,$JYJ,13331154859,20111101192604,116.450966,39.985436,429307658,147407340,17,14,0,0,50#
7430,$JYJ,13331156429,20111101192516,116.450531,39.989868,429306080,147423678,0,232,1,1,50#
23935,$JYJ,13311487291,20111101193024,116.456680,39.985008,429328676,147405720,10,250,0,0,50#
70802,$JYJ,13331063402,20111101193259,116.457565,39.984501,429331936,147403837,10,310,0,0,50#
94349,$JYJ,13321183409,20111101193856,116.451164,39.987038,429308376,147413228,12,336,0,0,50#
15738,$JYJ,13331063402,20111101193542,116.450165,39.981888,429304707,147394238,23,218,1,1,50#
83217,$JYJ,13331156447,20111101193803,116.450920,39.987412,429307478,147414608,12,180,1,1,50#
105944,$JYJ,13331194103,20111101193922,116.456947,39.989326,429329636,147421609,13,356,1,1,50#
7898,$JYJ,13311300614,20111101194019,116.458618,39.983837,429335809,147401359,0,136,0,0,50#
70184,$JYJ,13311489375,20111101194757,116.452118,39.987682,429311909,147415597,0,78,0,0,50#
96400,$JYJ,13301214649,20111101195937,116.451317,39.984295,429308964,147403129,4,196,0,0,50#
68629,$JYJ,13311495091,20111101195833,116.453613,39.983883,429317405,147401577,0,328,1,1,50#
38914,$JYJ,13321174740,20111101195654,116.454300,39.983993,429319918,147401973,2,278,1,1,50#
61210,$JYJ,13381235426,20111101195808,116.459846,39.986599,429340326,147411528,17,128,0,0,50#
24260,$JYJ,13301104098,20111101200103,116.459518,39.987175,429339098,147413655,21,288,1,1,50#
70660,$JYJ,13311426013,20111101200302,116.457047,39.985069,429330028,147405927,25,236,0,0,50#
32316,$JYJ,13370189253,20111101200119,116.450485,39.981747,429305907,147393738,0,0,0,0,50#
1078,$JYJ,13301214840,20111101200502,116.452850,39.987804,429314575,147416043,0,258,0,0,50#
38274,$JYJ,13311426453,20111101200637,116.456383,39.988407,429327558,147418230,0,258,0,0,50#
78967,$JYJ,13311495179,20111101200824,116.456451,39.984833,429327837,147405067,0,218,0,0,50#
18202,$JYJ,13321164565,20111101200548,116.450401,39.981476,429305605,147392747,12,22,0,0,50#
46415,$JYJ,13311495099,20111101201153,116.459084,39.986855,429337501,147412502,19,218,1,1,50#
93318,$JYJ,13321174597,20111101201353,116.457390,39.984676,429331268,147404489,0,0,0,0,50#
19066,$JYJ,13321199461,20111101201048,116.452019,39.983604,429311526,147400551,0,260,0,0,50#
33661,$JYJ,13301125049,20111101201624,116.451103,39.985142,429308187,147406238,23,186,1,1,50#
81937,$JYJ,13311431323,20111101201824,116.452713,39.985745,429314104,147408467,2,260,0,0,50#
4138,$JYJ,13321174597,20111101201511,116.458771,39.983787,429336347,147401180,0,0,1,1,50#
20416,$JYJ,13321183428,20111101201550,116.453919,39.987930,429318522,147416486,0,94,0,0,50#
1180,$JYJ,13301164993,20111101202000,116.451050,39.985535,429307966,147407698,0,270,0,0,50#
20544,$JYJ,13311492175,20111101202051,116.456551,39.988762,429328201,147419548,0,232,0,0,50#
36001,$JYJ,13321174892,20111101202131,116.457352,39.988277,429331127,147417747,0,190,1,1,50#
86693,$JYJ,13311431522,20111101202835,116.455437,39.988209,429324093,147417518,0,126,0,0,50#
44428,$JYJ,13311431229,20111101203149,116.459801,39.986843,429340134,147412457,4,178,1,1,50#
16961,$JYJ,13311431522,20111101203040,116.454353,39.987957,429320117,147416582,15,100,1,1,50#
6267,$JYJ,13301214626,20111101203513,116.453796,39.984192,429318069,147402724,10,222,1,1,50#
26189,$JYJ,13321164401,20111101204121,116.458435,39.987865,429335115,147416231,10,310,0,0,50#
42982,$JYJ,13331184924,20111101204158,116.452766,39.987946,429314289,147416555,21,260,1,1,50#
115564,$JYJ,13311492125,20111101204948,116.455483,39.988140,429324285,147417250,30,80,0,0,50#
77584,$JYJ,13311563924,20111101204814,116.451965,39.983337,429311341,147399578,30,56,1,1,50#
94720,$JYJ,13311191458,20111101210353,116.450752,39.985027,429306885,147405815,17,176,1,1,50#
21228,$JYJ,13321174892,20111101210055,116.452515,39.987877,429313349,147416318,0,260,0,0,50#
45959,$JYJ,13321174892,20111101210156,116.451767,39.987797,429310618,147416040,6,254,1,1,50#
45433,$JYJ,13311426479,20111101210652,116.450851,39.986954,429307264,147412928,13,176,1,1,50#
88361,$JYJ,13311488126,20111101210838,116.456833,39.989986,429329252,147424057,0,188,0,0,50#
51807,$JYJ,13311431237,20111101211207,116.458519,39.987656,429335419,147415438,2,334,0,0,50#
749,$JYJ,13331187096,20111101210959,116.455635,39.988583,429324836,147418874,0,8,0,0,50#
12840,$JYJ,13311020294,20111101211531,116.454414,39.986778,429320347,147412240,0,0,0,0,50#
106955,$JYJ,13311426167,20111101211917,116.459183,39.986782,429337877,147412211,15,214,1,1,50#
101692,$JYJ,13311431401,20111101211905,116.453751,39.984032,429317891,147402116,8,44,1,1,50#
73179,$JYJ,13321164355,20111101211756,116.450966,39.989529,429307644,147422409,25,170,1,1,50#
36384,$JYJ,13311486474,20111101212130,116.458557,39.989117,429335552,147420827,2,148,0,0,50#
78924,$JYJ,13311495388,20111101212313,116.459015,39.987213,429337271,147413810,13,124,1,1,50#
53012,$JYJ,13311431522,20111101212707,116.456383,39.989525,429327560,147422369,21,172,1,1,50#
55416,$JYJ,13311495232,20111101212718,116.453201,39.983990,429315888,147401971,19,238,1,1,50#
27201,$JYJ,13381069947,20111101212606,116.450783,39.983559,429306994,147400393,12,180,1,1,50#
813,$JYJ,13311431424,20111101213001,116.450851,39.981087,429307235,147391302,0,104,0,0,50#
59074,$JYJ,13331194836,20111101214231,116.458336,39.987602,429334755,147415241,25,122,1,1,50#
115674,$JYJ,13301125488,20111101214947,116.454063,39.987862,429319056,147416251,0,98,0,0,50#
95528,$JYJ,13311020704,20111101214854,116.456650,39.984886,429328552,147405260,0,0,0,0,50#
115025,$JYJ,13311486526,20111101214946,116.456863,39.989563,429329350,147422487,0,352,0,0,50#
26280,$JYJ,13311431066,20111101215103,116.456818,39.986278,429329171,147410397,10,244,0,0,50#
70770,$JYJ,13331194153,20111101215758,116.450996,39.985294,429307776,147406803,0,24,0,0,50#
82991,$JYJ,13331194153,20111101215826,116.451019,39.985352,429307838,147407019,12,12,1,1,50#
90217,$JYJ,13331063450,20111101220346,116.452301,39.986111,429312560,147409805,0,354,0,0,50#
109703,$JYJ,13301254129,20111101220927,116.450600,39.982426,429306296,147396224,17,192,1,1,50#
74138,$JYJ,13331063450,20111101220806,116.458519,39.987492,429335432,147414829,10,114,1,1,50#
13254,$JYJ,13331093421,20111101221034,116.451042,39.983509,429307960,147400238,25,350,0,0,50#
119330,$JYJ,13301127403,20111101221951,116.453384,39.983868,429316564,147401511,13,252,1,1,50#
102681,$JYJ,13321180432,20111101221911,116.451286,39.982651,429308855,147397067,15,30,0,0,50#
6184,$JYJ,13331111418,20111101221515,116.453865,39.983845,429318339,147401424,0,66,0,0,50#
42029,$JYJ,13311487124,20111101222144,116.459633,39.983162,429339538,147398889,30,310,0,0,50#
70125,$JYJ,13311487124,20111101222254,116.458717,39.983749,429336157,147401037,8,306,1,1,50#
21863,$JYJ,13321164604,20111101222051,116.458298,39.987900,429334628,147416364,0,332,0,0,50#
18646,$JYJ,13321180432,20111101222045,116.451630,39.982998,429310097,147398341,19,44,1,1,50#
108377,$JYJ,13381102504,20111101222425,116.450401,39.981258,429305605,147391916,0,18,0,0,50#
98241,$JYJ,13301127403,20111101222904,116.450531,39.982304,429306083,147395768,21,194,1,1,50#
10417,$JYJ,13301157467,20111101222528,116.450981,39.989838,429307732,147423555,0,238,0,0,50#
46495,$JYJ,13301184139,20111101222655,116.450035,39.981377,429304230,147392356,13,206,1,1,50#
26836,$JYJ,13311489645,20111101222607,116.459930,39.989437,429340637,147422004,10,218,0,0,50#
71467,$JYJ,13301156476,20111101223800,116.450653,39.982704,429306518,147397244,30,192,1,1,50#
27786,$JYJ,13311431519,20111101223609,116.456749,39.985065,429328938,147405926,0,274,0,0,50#
45970,$JYJ,13331194485,20111101223659,116.454300,39.988014,429319926,147416811,0,212,0,0,50#
68374,$JYJ,13301164968,20111101224247,116.454033,39.987732,429318956,147415782,2,86,0,0,50#
107345,$JYJ,13301214278,20111101224421,116.458702,39.987686,429336122,147415576,30,312,0,0,50#
73070,$JYJ,13321164795,20111101224257,116.456764,39.984921,429328968,147405369,4,282,0,0,50#
16339,$JYJ,13301164968,20111101224544,116.457420,39.984982,429331374,147405583,23,152,1,1,50#
59304,$JYJ,13311453244,20111101224724,116.450104,39.981381,429304506,147392377,0,64,0,0,50#
99751,$JYJ,13311453244,20111101224901,116.451233,39.982136,429308645,147395175,6,264,1,1,50#
114911,$JYJ,13311495087,20111101224940,116.459984,39.987263,429340831,147413976,2,54,0,0,50#
7686,$JYJ,13311191446,20111101225021,116.458633,39.988300,429335855,147417828,0,122,0,0,50#
39972,$JYJ,13311191446,20111101225138,116.458870,39.987617,429336713,147415319,0,138,1,1,50#
17245,$JYJ,13311495164,20111101225040,116.454185,39.987915,429319489,147416425,0,282,0,0,50#
74414,$JYJ,13311564794,20111101225304,116.459618,39.987167,429339473,147413649,21,216,0,0,50#
74990,$JYJ,13311564794,20111101225309,116.459297,39.986843,429338270,147412438,36,220,1,1,50#
96596,$JYJ,13381100914,20111101225357,116.455933,39.986431,429325943,147410945,0,236,0,0,50#
6615,$JYJ,13311495148,20111101225519,116.453583,39.987843,429317266,147416169,15,94,0,0,50#
35157,$JYJ,13331188149,20111101225631,116.457100,39.985149,429330198,147406224,32,228,0,0,50#
106907,$JYJ,13301214009,20111101230425,116.457153,39.987789,429330391,147415965,15,18,0,0,50#
77687,$JYJ,13311492200,20111101230311,116.450981,39.984283,429307739,147403079,36,358,0,0,50#
107885,$JYJ,13331154973,20111101230427,116.456932,39.989864,429329579,147423600,41,184,0,0,50#
42000,$JYJ,13331156416,20111101230146,116.450562,39.981659,429306164,147393411,8,6,1,1,50#
32413,$JYJ,13301184012,20111101230621,116.454185,39.988110,429319518,147417161,0,244,0,0,50#
81410,$JYJ,13311191446,20111101231318,116.457169,39.985165,429330483,147406262,0,232,1,1,50#
14917,$JYJ,13311470499,20111101231037,116.453964,39.988972,429318684,147420346,17,352,0,0,50#
7931,$JYJ,13370126456,20111101231019,116.453667,39.983993,429317600,147401997,21,222,1,1,50#
43078,$JYJ,13311426086,20111101231648,116.453598,39.983955,429317332,147401833,0,38,0,0,50#
108982,$JYJ,13311453487,20111101232430,116.455131,39.988312,429322983,147417899,34,70,0,0,50#
30192,$JYJ,13311470473,20111101232115,116.456947,39.988239,429329646,147417621,0,52,0,0,50#
24830,$JYJ,13311453491,20111101233102,116.450501,39.982258,429305949,147395626,25,196,1,1,50#
57430,$JYJ,13301204822,20111101233729,116.450417,39.981342,429305652,147392224,26,30,0,0,50#
15110,$JYJ,13331093496,20111101234035,116.450981,39.988548,429307738,147418803,0,190,0,0,50#
51867,$JYJ,13301214690,20111101235209,116.452766,39.983581,429314280,147400487,17,72,1,1,50#
647,$JYJ,13311480667,20111101235501,116.458420,39.987724,429335060,147415713,17,134,1,1,50#
71143,$JYJ,13331194323,20111101235805,116.450348,39.982090,429305410,147394995,0,206,0,0,50#
