70496,$JYJ,13301204933,20111101001839,116.474602,39.851116,429394448,146911951,23,320,1,1,50#
46273,$JYJ,13311453391,20111101001726,116.470322,39.852375,429378740,146916626,19,274,0,0,50#
44223,$JYJ,13331194059,20111101013217,116.473335,39.852394,429389815,146916655,10,316,1,1,50#
48160,$JYJ,13321199754,20111101065720,116.479103,39.859066,429410997,146941210,8,256,0,0,50#
61132,$JYJ,13321199804,20111101075757,116.479187,39.850193,429411311,146908503,0,198,0,0,50#
16742,$JYJ,13301214734,20111101080547,116.470703,39.854778,429380154,146925487,21,148,0,0,50#
55753,$JYJ,13331194999,20111101081305,116.471321,39.859455,429382395,146942724,4,184,0,0,50#
80948,$JYJ,13331063440,20111101081959,116.477699,39.858692,429405842,146939825,15,66,1,1,50#
58084,$JYJ,13311162456,20111101082808,116.475632,39.852856,429398226,146918340,8,110,0,0,50#
44902,$JYJ,13311162456,20111101083219,116.472633,39.853046,429387248,146919059,13,292,1,1,50#
57792,$JYJ,13311426361,20111101083300,116.475464,39.852909,429397621,146918523,0,0,0,0,50#
56700,$JYJ,13311489528,20111101083807,116.479332,39.851932,429411844,146914906,30,178,1,1,50#
409,$JYJ,13301214083,20111101084458,116.470901,39.855003,429380849,146926300,4,42,0,0,50#
41887,$JYJ,13381069746,20111101085716,116.470970,39.855057,429381103,146926487,0,132,0,0,50#
10421,$JYJ,13311301024,20111101091535,116.472153,39.853291,429385448,146919970,0,144,0,0,50#
79401,$JYJ,13311301024,20111101091910,116.472237,39.853466,429385778,146920639,10,318,1,1,50#
5340,$JYJ,13311572342,20111101093512,116.473366,39.852154,429389940,146915763,13,138,2,0,50#
92424,$JYJ,13311024154,20111101094443,116.470917,39.855930,429380912,146929718,0,246,0,0,50#
73907,$JYJ,13311492171,20111101094347,116.472969,39.852451,429388442,146916870,2,160,1,1,50#
44201,$JYJ,13331194167,20111101094716,116.474853,39.858437,429395395,146938911,0,212,0,0,50#
5083,$JYJ,13301254358,20111101100013,116.479835,39.854107,429413680,146922914,45,184,0,0,50#
72531,$JYJ,13311486551,20111101101425,116.472534,39.853138,429386856,146919424,15,314,1,1,50#
5794,$JYJ,13370129529,20111101102012,116.470848,39.858135,429380687,146937857,25,10,1,1,50#
77374,$JYJ,13381101784,20111101102404,116.474632,39.858219,429394564,146938110,26,260,0,0,50#
14879,$JYJ,13311488142,20111101103545,116.477936,39.851887,429406713,146914759,0,18,0,0,50#
58462,$JYJ,13321183458,20111101103802,116.472565,39.853142,429386996,146919415,4,320,1,1,50#
17549,$JYJ,13311488142,20111101104552,116.472733,39.852768,429387606,146918056,10,138,1,1,50#
81958,$JYJ,13321164864,20111101112910,116.471184,39.859474,429381899,146942769,0,10,0,0,50#
31906,$JYJ,13311492224,20111101113630,116.473686,39.851845,429391074,146914636,4,146,0,0,50#
20724,$JYJ,13331188564,20111101114101,116.479736,39.853672,429413301,146921298,36,186,1,1,50#
97514,$JYJ,13311426311,20111101114947,116.475914,39.855022,429399270,146926338,0,16,0,0,50#
10271,$JYJ,13381063264,20111101114532,116.474052,39.858215,429392437,146938098,15,258,1,1,50#
92941,$JYJ,13311426311,20111101115439,116.475349,39.852917,429397226,146918583,15,264,1,1,50#
73253,$JYJ,13311426372,20111101115342,116.471550,39.856892,429383257,146933264,21,110,0,0,50#
18292,$JYJ,13311495175,20111101115551,116.475151,39.858314,429396495,146938473,15,66,1,1,50#
15740,$JYJ,13301150142,20111101120045,116.475151,39.859211,429396488,146941768,2,32,0,0,50#
522,$JYJ,13311403561,20111101115958,116.474869,39.850895,429395438,146911133,15,322,1,1,50#
31602,$JYJ,13311426311,20111101120135,116.473564,39.858131,429390634,146937809,15,256,1,1,50#
30329,$JYJ,13331186486,20111101121702,116.472237,39.853508,429385781,146920786,13,318,1,1,50#
72763,$JYJ,13301204998,20111101122441,116.479843,39.850102,429413702,146908128,10,358,1,1,50#
16564,$JYJ,13301209584,20111101125057,116.472397,39.853271,429386348,146919906,15,322,1,1,50#
75727,$JYJ,13301252468,20111101130901,116.479248,39.850441,429411507,146909403,30,184,1,1,50#
72777,$JYJ,13370189182,20111101130856,116.471672,39.853882,429383712,146922148,0,0,0,0,50#
44108,$JYJ,13370189182,20111101131737,116.479591,39.855072,429412794,146926473,12,346,1,1,50#
70972,$JYJ,13311487268,20111101132843,116.474319,39.856544,429393436,146931962,4,100,0,0,50#
79363,$JYJ,13321199534,20111101132904,116.471046,39.858856,429381408,146940522,45,10,0,0,50#
22321,$JYJ,13311487268,20111101133110,116.477264,39.858654,429404224,146939712,15,78,1,1,50#
91789,$JYJ,13301155416,20111101134435,116.471214,39.855171,429382006,146926905,2,48,0,0,50#
51533,$JYJ,13370122407,20111101134739,116.477936,39.851795,429406718,146914405,13,2,0,0,50#
22184,$JYJ,13331194852,20111101135615,116.475349,39.850128,429397214,146908291,0,122,0,0,50#
64956,$JYJ,13331194852,20111101135835,116.474983,39.850578,429395868,146909957,19,322,1,1,50#
67970,$JYJ,13311495315,20111101140332,116.476349,39.852566,429400897,146917271,4,292,0,0,50#
73528,$JYJ,13381235431,20111101141354,116.475830,39.852409,429398978,146916708,0,270,0,0,50#
12762,$JYJ,13321164581,20111101141535,116.479782,39.853657,429413473,146921266,17,190,1,1,50#
47726,$JYJ,13331194658,20111101142221,116.473251,39.857914,429389508,146937011,0,96,0,0,50#
760,$JYJ,13311489392,20111101142500,116.477882,39.852371,429406503,146916531,0,88,0,0,50#
76910,$JYJ,13311495351,20111101143310,116.470581,39.857826,429379692,146936729,12,198,0,0,50#
68324,$JYJ,13301156241,20111101144247,116.471115,39.859539,429381647,146943031,32,2,1,1,50#
67762,$JYJ,13311486347,20111101144247,116.475517,39.850056,429397805,146908034,23,312,1,1,50#
104596,$JYJ,13311486232,20111101144925,116.473434,39.852165,429390176,146915819,2,150,0,0,50#
36703,$JYJ,13311486232,20111101145135,116.471169,39.852428,429381867,146916795,0,38,0,0,50#
38435,$JYJ,13311486232,20111101145139,116.471169,39.852428,429381837,146916798,0,66,0,0,50#
105675,$JYJ,13311486232,20111101145427,116.471245,39.853848,429382140,146922041,0,50,0,0,50#
106908,$JYJ,13311486232,20111101145432,116.471245,39.853848,429382110,146922038,0,92,0,0,50#
24936,$JYJ,13301277588,20111101151103,116.474480,39.851231,429394015,146912347,0,324,0,0,50#
32742,$JYJ,13311426119,20111101151124,116.477852,39.851337,429406385,146912733,4,358,0,0,50#
86321,$JYJ,13301157047,20111101152346,116.479401,39.851482,429412089,146913254,25,188,0,0,50#
84491,$JYJ,13331154750,20111101152833,116.479820,39.855217,429413610,146927004,0,298,0,0,50#
92796,$JYJ,13311300634,20111101153412,116.478912,39.855205,429410304,146926954,0,0,0,0,50#
19994,$JYJ,13301174985,20111101161550,116.477135,39.858688,429403767,146939816,12,244,1,1,50#
71162,$JYJ,13301208408,20111101161803,116.479248,39.858963,429411510,146940827,0,82,0,0,50#
77389,$JYJ,13301208408,20111101161824,116.479248,39.858963,429411536,146940817,0,82,1,1,50#
19625,$JYJ,13321183416,20111101162051,116.479866,39.853767,429413785,146921654,17,184,1,1,50#
66692,$JYJ,13331194041,20111101162752,116.476913,39.856865,429402945,146933095,0,128,0,0,50#
93547,$JYJ,13381083436,20111101164859,116.476685,39.858528,429402121,146939239,2,88,0,0,50#
113877,$JYJ,13301204810,20111101165449,116.474464,39.858051,429393963,146937521,4,72,0,0,50#
30259,$JYJ,13301214237,20111101165118,116.470749,39.857655,429380305,146936063,13,8,1,1,50#
22102,$JYJ,13331194131,20111101165103,116.473984,39.851608,429392189,146913763,25,142,0,0,50#
20390,$JYJ,13381083436,20111101165054,116.474831,39.858189,429395304,146938011,2,266,1,1,50#
24897,$JYJ,13321174849,20111101165603,116.475532,39.850201,429397866,146908549,23,320,1,1,50#
64486,$JYJ,13301128427,20111101170743,116.477035,39.858753,429403407,146940070,12,74,1,1,50#
74514,$JYJ,13311403648,20111101174805,116.473702,39.852074,429391158,146915492,2,324,1,1,50#
111696,$JYJ,13381100954,20111101180939,116.471153,39.859371,429381791,146942414,0,8,0,0,50#
75577,$JYJ,13311001140,20111101181307,116.471214,39.859425,429382017,146942615,0,200,0,0,50#
76477,$JYJ,13301254230,20111101182754,116.470802,39.859337,429380510,146942268,0,280,0,0,50#
97227,$JYJ,13381066904,20111101182859,116.472351,39.853359,429386199,146920233,26,322,1,1,50#
37749,$JYJ,13311403650,20111101184137,116.471519,39.857788,429383137,146936555,13,92,1,1,50#
89937,$JYJ,13381101894,20111101184844,116.479820,39.850067,429413635,146908016,0,0,0,0,50#
94094,$JYJ,13301156240,20111101185349,116.475914,39.858444,429399292,146938949,30,256,1,1,50#
96368,$JYJ,13381083434,20111101185400,116.479637,39.852459,429412965,146916839,2,176,0,0,50#
70137,$JYJ,13311431288,20111101185752,116.479797,39.850189,429413539,146908463,19,2,1,1,50#
69060,$JYJ,13321174599,20111101190256,116.473198,39.852303,429389305,146916341,0,154,0,0,50#
6578,$JYJ,13301127491,20111101193019,116.471184,39.859428,429381901,146942628,0,12,0,0,50#
30719,$JYJ,13311495360,20111101195621,116.479996,39.855022,429414264,146926270,0,0,0,0,50#
12485,$JYJ,13381083436,20111101195530,116.478249,39.852402,429407840,146916632,10,280,0,0,50#
63627,$JYJ,13321180403,20111101203238,116.474770,39.850872,429395069,146911021,0,156,0,0,50#
110729,$JYJ,13321180403,20111101203435,116.472336,39.853378,429386138,146920305,0,328,1,1,50#
91191,$JYJ,13311489364,20111101205349,116.474998,39.850727,429395922,146910483,4,326,0,0,50#
93089,$JYJ,13381100364,20111101210349,116.471802,39.853905,429384195,146922254,12,314,1,1,50#
73601,$JYJ,13381089454,20111101212759,116.477447,39.854557,429404911,146924588,0,306,0,0,50#
72105,$JYJ,13311191408,20111101225805,116.472328,39.854622,429386115,146924900,26,86,0,0,50#
116247,$JYJ,13301204967,20111101230449,116.474899,39.850651,429395556,146910224,0,144,0,0,50#
4820,$JYJ,13301204967,20111101230511,116.474518,39.851131,429394142,146911979,28,322,1,1,50#
54172,$JYJ,13311480670,20111101231211,116.472885,39.852798,429388168,146918148,13,326,1,1,50#
118325,$JYJ,13301272213,20111101232001,116.471230,39.859257,429382066,146941975,0,18,0,0,50#
106055,$JYJ,13311453395,20111101233427,116.471603,39.853920,429383451,146922289,0,148,0,0,50#
95909,$JYJ,13331038684,20111101233402,116.474548,39.851242,429394268,146912387,0,28,0,0,50#
19366,$JYJ,13301214012,20111101233550,116.475983,39.853729,429399521,146921557,0,10,0,0,50#
3702,$JYJ,13311470353,20111101234511,116.474968,39.850849,429395808,146910934,10,334,1,1,50#
