85315,$JYJ,13331063450,20111101001418,116.494980,39.997307,429469385,147450647,2,4,0,0,50#
24377,$JYJ,13301156641,20111101003610,116.495735,39.998001,429472140,147453196,0,12,0,0,50#
43076,$JYJ,13311453432,20111101004205,116.496361,39.996010,429474422,147445874,0,0,0,0,50#
43873,$JYJ,13311453432,20111101004209,116.496361,39.996010,429474429,147445852,0,0,0,0,50#
95570,$JYJ,13311470411,20111101004441,116.491074,39.994953,429455009,147442039,95,40,0,0,50#
98742,$JYJ,13311470411,20111101004450,116.492744,39.996475,429461145,147447617,84,38,0,0,50#
3521,$JYJ,13311470411,20111101004508,116.496094,39.999496,429473446,147458736,95,40,0,0,50#
65096,$JYJ,13381095347,20111101012824,116.497818,39.996090,429479789,147446146,2,180,0,0,50#
12186,$JYJ,13311470449,20111101013038,116.498261,39.998444,429481431,147454806,0,0,0,0,50#
54520,$JYJ,13381068934,20111101014253,116.499970,39.999592,429487710,147459021,6,98,0,0,50#
24601,$JYJ,13311495281,20111101015620,116.495300,39.997780,429470540,147452397,0,6,0,0,50#
38048,$JYJ,13311191459,20111101043725,116.498131,39.995407,429480921,147443625,2,356,0,0,50#
55484,$JYJ,13311486386,20111101051317,116.495400,39.997360,429470914,147450840,13,202,1,1,50#
78593,$JYJ,13311453432,20111101060408,116.496361,39.996010,429474422,147445877,0,0,0,0,50#
69695,$JYJ,13301214244,20111101060839,116.496490,39.995838,429474900,147445245,0,0,0,0,50#
71371,$JYJ,13301214244,20111101060844,116.496490,39.995838,429474923,147445245,0,0,0,0,50#
87810,$JYJ,13301214244,20111101060936,116.496490,39.995838,429474913,147445233,0,0,0,0,50#
27656,$JYJ,13331093426,20111101060628,116.495735,39.997253,429472157,147450446,23,198,0,0,50#
3480,$JYJ,13301214244,20111101061010,116.496490,39.995838,429474905,147445217,0,0,0,0,50#
7331,$JYJ,13301214244,20111101061014,116.496490,39.995838,429474930,147445220,0,0,0,0,50#
91636,$JYJ,13311487136,20111101063429,116.499550,39.996910,429486159,147449153,2,268,1,1,50#
62690,$JYJ,13311162479,20111101071252,116.495636,39.997536,429471761,147451491,4,24,0,0,50#
85593,$JYJ,13311162479,20111101071359,116.495453,39.997372,429471128,147450897,6,188,1,1,50#
23884,$JYJ,13381235436,20111101072609,116.493149,39.990673,429462641,147426236,13,326,1,1,50#
15032,$JYJ,13301254260,20111101073040,116.495331,39.997475,429470666,147451291,2,186,1,1,50#
23759,$JYJ,13301254387,20111101073603,116.497864,39.995163,429479979,147442738,0,86,0,0,50#
53852,$JYJ,13311431527,20111101073731,116.494766,39.996700,429468604,147448440,30,42,0,0,50#
14275,$JYJ,13331156456,20111101073538,116.495766,39.997391,429472246,147450951,0,174,1,1,50#
2068,$JYJ,13321180431,20111101074005,116.495132,39.997067,429469931,147449788,10,218,1,1,50#
61425,$JYJ,13311403246,20111101075256,116.496017,39.998589,429473188,147455361,4,238,1,1,50#
66224,$JYJ,13311453210,20111101080843,116.495514,39.997582,429471341,147451672,0,174,1,1,50#
79157,$JYJ,13311426042,20111101081413,116.495697,39.997505,429472024,147451398,0,190,1,1,50#
45121,$JYJ,13311453432,20111101081752,116.497009,39.996658,429476825,147448251,0,0,0,0,50#
46054,$JYJ,13311453432,20111101081756,116.497009,39.996658,429476832,147448248,0,0,0,0,50#
51760,$JYJ,13311453432,20111101081816,116.497009,39.996658,429476829,147448240,0,0,0,0,50#
53185,$JYJ,13311453432,20111101081820,116.497009,39.996658,429476816,147448256,0,0,0,0,50#
56370,$JYJ,13311453432,20111101081832,116.497009,39.996658,429476835,147448232,0,0,0,0,50#
2239,$JYJ,13311453432,20111101082007,116.497009,39.996658,429476829,147448251,0,0,0,0,50#
3499,$JYJ,13311453432,20111101082011,116.497009,39.996658,429476819,147448231,0,0,0,0,50#
15732,$JYJ,13311453432,20111101082055,116.497009,39.996658,429476826,147448262,0,0,0,0,50#
76513,$JYJ,13311453432,20111101082430,116.497009,39.996658,429476835,147448252,0,0,0,0,50#
77608,$JYJ,13311453432,20111101082434,116.497009,39.996658,429476821,147448232,0,0,0,0,50#
510,$JYJ,13311453432,20111101082500,116.497009,39.996658,429476816,147448237,0,0,0,0,50#
8404,$JYJ,13311453432,20111101082529,116.497009,39.996658,429476829,147448235,0,0,0,0,50#
8224,$JYJ,13331093470,20111101083521,116.495468,39.997501,429471173,147451370,0,190,1,1,50#
17137,$JYJ,13311020944,20111101084051,116.495087,39.997055,429469783,147449718,21,220,1,1,50#
21152,$JYJ,13311488246,20111101084635,116.490570,39.999428,429453195,147458540,0,0,0,0,50#
29596,$JYJ,13321164318,20111101090136,116.498070,39.995331,429480699,147443345,0,34,0,0,50#
12272,$JYJ,13381235420,20111101091033,116.495163,39.997089,429470054,147449861,0,182,1,1,50#
77520,$JYJ,13370129545,20111101093402,116.495796,39.996647,429472382,147448227,8,324,1,1,50#
68656,$JYJ,13301214268,20111101094334,116.495415,39.997726,429470952,147452199,13,180,1,1,50#
40275,$JYJ,13311453419,20111101094702,116.494865,39.996963,429468966,147449389,17,222,1,1,50#
63991,$JYJ,13381083415,20111101100854,116.496231,39.998570,429473960,147455307,15,216,1,1,50#
79915,$JYJ,13301127456,20111101101444,116.495087,39.996681,429469783,147448348,38,218,1,1,50#
15160,$JYJ,13311488201,20111101105047,116.495605,39.998177,429471680,147453876,6,202,1,1,50#
51618,$JYJ,13301214093,20111101110744,116.496582,39.999046,429475267,147457070,2,4,0,0,50#
54881,$JYJ,13311581074,20111101110756,116.499985,39.999561,429487765,147458926,0,108,0,0,50#
84211,$JYJ,13331194017,20111101111953,116.499649,39.999584,429486530,147459017,0,104,0,0,50#
52810,$JYJ,13311492164,20111101125251,116.492333,39.991322,429459629,147428623,8,250,1,1,50#
52545,$JYJ,13321174611,20111101125301,116.495033,39.999268,429469572,147457883,0,104,0,0,50#
43820,$JYJ,13311581643,20111101131209,116.495331,39.997227,429470658,147450346,4,220,1,1,50#
89282,$JYJ,13311403776,20111101131948,116.493065,39.991997,429462318,147431105,2,12,0,0,50#
32484,$JYJ,13370126460,20111101133137,116.499870,39.999516,429487352,147458742,0,100,0,0,50#
54667,$JYJ,13301104151,20111101133752,116.496964,39.999516,429476666,147458770,0,220,0,0,50#
74557,$JYJ,13311431316,20111101133908,116.490303,39.990799,429452209,147426737,0,316,0,0,50#
13860,$JYJ,13311489643,20111101133540,116.494499,39.996448,429467585,147447496,21,216,1,1,50#
88266,$JYJ,13311431403,20111101134426,116.493820,39.991238,429465120,147428314,0,72,0,0,50#
88946,$JYJ,13311563924,20111101140440,116.499199,39.999989,429484885,147460514,21,296,1,1,50#
13087,$JYJ,13381235469,20111101140037,116.496880,39.995415,429476327,147443674,39,170,0,0,50#
43577,$JYJ,13311403133,20111101142206,116.494530,39.996529,429467738,147447783,2,326,1,1,50#
96269,$JYJ,13331154830,20111101143901,116.495506,39.997540,429471283,147451507,0,22,0,0,50#
105084,$JYJ,13331154914,20111101144419,116.496666,39.995972,429475559,147445705,12,308,1,1,50#
100595,$JYJ,13301254133,20111101150415,116.493332,39.990360,429463296,147425064,0,214,0,0,50#
4111,$JYJ,13311191461,20111101150508,116.494865,39.998405,429468958,147454707,89,40,0,0,50#
9621,$JYJ,13331194262,20111101150527,116.495666,39.997932,429471886,147452949,4,12,0,0,50#
2616,$JYJ,13311490938,20111101153007,116.491951,39.991276,429458239,147428447,0,62,0,0,50#
45759,$JYJ,13301164925,20111101153701,116.492981,39.990768,429462019,147426583,12,294,1,1,50#
93219,$JYJ,13311021904,20111101162358,116.495537,39.997383,429471410,147450944,17,20,0,0,50#
63377,$JYJ,13311486323,20111101162245,116.490616,39.990212,429453328,147424564,15,144,1,1,50#
49984,$JYJ,13311492076,20111101162208,116.496964,39.995300,429476633,147443246,6,152,0,0,50#
3860,$JYJ,13311021904,20111101162506,116.495514,39.997742,429471315,147452257,28,8,1,1,50#
56978,$JYJ,13331093407,20111101162726,116.498215,39.998913,429481245,147456560,0,242,0,0,50#
103469,$JYJ,13311191469,20111101164423,116.496285,39.996128,429474164,147446288,10,324,1,1,50#
10172,$JYJ,13311300854,20111101172017,116.496132,39.996445,429473596,147447453,0,0,0,0,50#
109885,$JYJ,13311300854,20111101172413,116.495521,39.997585,429471345,147451676,15,358,1,1,50#
56824,$JYJ,13301184050,20111101174722,116.495537,39.997509,429471399,147451416,0,358,0,0,50#
63142,$JYJ,13301254052,20111101174740,116.490814,39.990108,429454088,147424157,10,342,0,0,50#
29342,$JYJ,13311453483,20111101174613,116.497536,39.996708,429478749,147448433,0,78,0,0,50#
16747,$JYJ,13311453483,20111101175539,116.492752,39.990948,429461179,147427250,23,316,1,1,50#
2657,$JYJ,13311470473,20111101180004,116.497284,39.999699,429477845,147459452,12,44,0,0,50#
43316,$JYJ,13381235410,20111101180650,116.497963,39.995148,429480324,147442653,17,256,1,1,50#
64883,$JYJ,13311453210,20111101184239,116.498985,39.996815,429484061,147448805,0,82,0,0,50#
9976,$JYJ,13311565346,20111101184526,116.498215,39.998798,429481241,147456128,0,156,0,0,50#
35491,$JYJ,13331156419,20111101185628,116.495567,39.997421,429471537,147451073,0,120,1,1,50#
84998,$JYJ,13331188754,20111101185830,116.495415,39.997662,429470955,147451964,13,182,1,1,50#
83631,$JYJ,13331159489,20111101192824,116.499603,39.996487,429486340,147447599,4,342,0,0,50#
1846,$JYJ,13381069534,20111101192501,116.495598,39.997395,429471618,147450968,0,356,0,0,50#
39577,$JYJ,13331159489,20111101193137,116.495247,39.997097,429470343,147449896,8,176,1,1,50#
68067,$JYJ,13311480698,20111101193739,116.492737,39.990894,429461118,147427033,21,136,0,0,50#
118753,$JYJ,13311480698,20111101193954,116.490463,39.990521,429452778,147425703,0,224,1,1,50#
107507,$JYJ,13331184971,20111101193922,116.495468,39.997509,429471181,147451391,0,10,0,0,50#
49959,$JYJ,13331194883,20111101195204,116.495247,39.997890,429470342,147452798,4,358,0,0,50#
27892,$JYJ,13331154768,20111101195608,116.493500,39.991966,429463938,147430992,4,20,0,0,50#
15468,$JYJ,13301214160,20111101201041,116.495537,39.997353,429471422,147450807,0,0,0,0,50#
56844,$JYJ,13301214160,20111101201223,116.494240,39.996246,429466656,147446745,19,220,1,1,50#
110424,$JYJ,13311026465,20111101201932,116.499565,39.999603,429486194,147459075,13,118,0,0,50#
102804,$JYJ,13331194303,20111101201917,116.496170,39.996216,429473721,147446628,0,146,0,0,50#
105221,$JYJ,13301214496,20111101202408,116.495453,39.997265,429471098,147450489,0,4,0,0,50#
8187,$JYJ,13311026465,20111101202019,116.499886,39.999588,429487376,147459002,15,92,1,1,50#
103148,$JYJ,13321174708,20111101203415,116.495537,39.997799,429471409,147452455,2,194,0,0,50#
119344,$JYJ,13321174708,20111101203459,116.495453,39.997501,429471102,147451362,13,192,1,1,50#
45987,$JYJ,13311453392,20111101204654,116.495163,39.997028,429470026,147449645,0,214,1,1,50#
112002,$JYJ,13311426407,20111101205442,116.494766,39.997375,429468597,147450933,8,28,0,0,50#
15297,$JYJ,13331154919,20111101205543,116.491066,39.991058,429454988,147427682,2,238,1,1,50#
41788,$JYJ,13311492057,20111101211141,116.495003,39.996689,429469449,147448388,32,208,1,1,50#
78330,$JYJ,13311480702,20111101213307,116.491882,39.997631,429457973,147451894,52,38,1,1,50#
4156,$JYJ,13311426064,20111101213508,116.499580,39.999535,429486247,147458826,4,114,0,0,50#
46015,$JYJ,13311453202,20111101213655,116.498581,39.999977,429482612,147460476,2,162,0,0,50#
22759,$JYJ,13331194803,20111101214601,116.495880,39.996647,429472684,147448219,2,144,0,0,50#
75736,$JYJ,13321164604,20111101215814,116.493797,39.995441,429465030,147443811,15,240,0,0,50#
100754,$JYJ,13381083463,20111101215913,116.495232,39.998177,429470296,147453871,26,64,0,0,50#
10761,$JYJ,13301254341,20111101220527,116.497414,39.996658,429478298,147448247,12,86,0,0,50#
37624,$JYJ,13311453353,20111101221636,116.495819,39.996517,429472435,147447733,0,166,0,0,50#
68730,$JYJ,13381235493,20111101222245,116.495537,39.997528,429471435,147451461,0,0,0,0,50#
107054,$JYJ,13311191424,20111101222927,116.492813,39.990658,429461394,147426159,2,148,0,0,50#
4158,$JYJ,13331194037,20111101223013,116.495117,39.997002,429469880,147449540,19,36,0,0,50#
25581,$JYJ,13311453432,20111101225105,116.496086,39.996361,429473431,147447175,0,0,0,0,50#
31119,$JYJ,13311453432,20111101225110,116.496086,39.996361,429473452,147447176,0,0,0,0,50#
52701,$JYJ,13331154719,20111101231711,116.495415,39.997246,429470972,147450437,12,244,1,1,50#
7810,$JYJ,13311579974,20111101232017,116.495720,39.996971,429472093,147449402,0,82,2,0,50#
16202,$JYJ,13321164805,20111101232044,116.496903,39.999546,429476421,147458909,12,40,0,0,50#
96393,$JYJ,13331194421,20111101232404,116.493133,39.991871,429462572,147430657,0,54,0,0,50#
29898,$JYJ,13311453432,20111101232615,116.496086,39.996361,429473427,147447150,0,0,0,0,50#
81665,$JYJ,13331194703,20111101232828,116.495651,39.997425,429471830,147451079,0,70,0,0,50#
5239,$JYJ,13331194703,20111101233012,116.495598,39.997425,429471628,147451099,10,244,1,1,50#
108223,$JYJ,13301214271,20111101233938,116.494965,39.996994,429469319,147449514,23,278,0,0,50#
90281,$JYJ,13311453432,20111101235352,116.496277,39.996059,429474146,147446050,0,0,0,0,50#
91467,$JYJ,13311453432,20111101235356,116.496277,39.996059,429474116,147446046,0,0,0,0,50#
